"OPEN 6.3.4"
"Wed Mar 14 2018 16:27:12"
<open><version>"6.3.4"</version></open>
<open><configfile>"/User/Configs/UserPrefs/LED2x3.xml"</configfile></open>
<open><light><source>"6400-02 or -02B LED Source"</source><par_in>1<sensor>"SI-2503"<cal>-0.86<actinity>1.00</actinity><transm>1.00</transm></cal></sensor><transm>1</transm></par_in><par_out>1<sensor>"Q40491"<cal>6.5</cal></sensor></par_out></light></open>
<open><comps><file>"/User/Configs/Comps/StdComps_6.1"<header>""</header><extras></extras></file><energybal>no<f_parIn>1</f_parIn><f_parOut>0</f_parOut><alphaK>0.16</alphaK></energybal><bc_total>2.840<stomatal_ratio>1</stomatal_ratio><bc_oneside>1.420<type>2</type><table>"/Sys/Lib/StdBLCTable"</table><area>6</area><slope>-0.219565</slope><offset>2.73739</offset><fan>5</fan></bc_oneside></bc_total></comps></open>
<open><prompts><onlog>off</onlog><items>"Default (none)"</items></prompts></open>
<open><constants><oxygen>21 %</oxygen><bb_vapor>1.5</bb_vapor><bb_oxy>0.9</bb_oxy></constants></open>
<open><stability><items>"Std Stability"<items[1]><id>-2</id><size>15</size><pcv><onoff>0</onoff><value>1</value></pcv><std><onoff>0</onoff><value>1</value></std><slp><onoff>1</onoff><value>1</value></slp></items[1]><items[2]><id>-5</id><size>15</size><pcv><onoff>0</onoff><value>1</value></pcv><std><onoff>0</onoff><value>1</value></std><slp><onoff>1</onoff><value>1</value></slp></items[2]><items[3]><id>-7</id><size>15</size><pcv><onoff>0</onoff><value>1</value></pcv><std><onoff>0</onoff><value>1</value></std><slp><onoff>1</onoff><value>1</value></slp></items[3]></items></stability></open>
<open><log><format>"StdLogFmt_6.0"<items>{ -35 -21 -70 -69 -76 30 23 36 21 25 221 -33 111 -34 11 -9 -10 -8 -1 -2 -4 -5 -14 -15 -7 -12 -13 -11 -65 -66 -72 -18 -19 -77 -78 -79 -23  }<hdr>{  }</hdr></items></format><options><beep>on</beep><match>"never"<time>30</time><co2>100</co2><delta>10</delta></match><hdr>normal</hdr><rem>normal</rem><stab>no</stab><stats>no<mean>no</mean><file>no</file><period>15</period></stats><excel>yes</excel><controls>yes</controls><comm>no</comm></options><datafile>"/User/031418-LH-EOM0461"</datafile><button><action>"Normal Log"<code>" LogOneObsManual "</code></action></button><autoprog>"/User/Configs/AutoProgs/AutoLog2"<active>no</active></autoprog></log></open>
<open><a2d><avgtime>4.0 secs</avgtime><userchans><ch20>"Off"</ch20><ch21>"Off"</ch21><ch22>"Off"</ch22><ch23>"Off"</ch23></userchans></a2d></open>
<open><matching><type>0</type><disp>'a'</disp><settings>><CO2Limit>10.0</CO2Limit><H2OLimit>1.0</H2OLimit><MaxAutoTime>60</MaxAutoTime><AverageTime>10</AverageTime></settings></matching></open>
<li6400><factory><unit>"PSC-2470"</unit><serviced>"5 Feb 2018"</serviced><fuseaware>0</fuseaware><co2mixer>yes</co2mixer><co2><coeffs>{ 0 0.214772 2.55802e-05 1.93228e-08 -3.02262e-12 2.75724e-16  }</coeffs><dvdt>-4</dvdt><xs>{ 9.11e-05 0.00178  }</xs></co2><h2o><coeffs>{ 0 0.00581526 2.16703e-06 7.69607e-12  }</coeffs><dvdt>-2.9</dvdt><xs>{ -0.000111 -0.00256  }</xs></h2o><flow>{ 0 0.3696  }</flow><press>{ 86.913 0.00551  }</press></factory></li6400>
<li6400><user><flow_zero>-3.5</flow_zero><irga_zero><co2>113.5 152.5<at>27.1329</at></co2><h2o>-3.5 -3.5<at>28.1091</at></h2o></irga_zero><irga_span><co2>{ 0.990134 0.992694  }</co2><h2o>{ 0.996743 0.99801  }</h2o></irga_span><irga_match><co2>{ 0.110267 13.1807  }</co2><h2o>{ -0.0816591 0.301681  }</h2o></irga_match><co2_mixer><pump_mv>4500</pump_mv><ppm>{ 2352.67 1117.67 439.284 266.3 121.188 70.6751 48.8233 48.8102  }</ppm><mv>{ 5000 3000 1500 1000 500 300 200 100  }</mv></co2_mixer><parin_offset>-0.211894</parin_offset><led_cal><unit>"SI-2503"</unit><mv>{ 10 25 50 100 1000 2000 3000 4000 5000  }</mv><qntm>{ 1.83047 9.20354 23.3042 57.5395 736.221 1467.2 2160.1 2821.48 3447.04  }</qntm></led_cal><lcf_cal><unit>"LCF-0981"</unit><red><mv>{ 50 100 200 400 800 1500  }</mv><qntm>{ 64.6036 145.758 312.409 661.73 1377.94 2641.23  }</qntm></red><blue><mv>{ 100 500 1000 2000 3000 4000 5000  }</mv><qntm>{ 11.107 44.4539 81.9578 145.168 203.372 256.093 300.56  }</qntm></blue></lcf_cal></user></li6400>
"16:27:14 "
$STARTOFDATA$
"Obs"	"HHMMSS"	"YYYYMMDD"	"DOY"	"EBal?"	"Photo"	"Cond"	"Ci"	"Trmmol"	"VpdL"	"CTleaf"	"Area"	"BLC_1"	"StmRat"	"BLCond"	"Tair"	"Tleaf"	"TBlk"	"CO2R"	"CO2S"	"H2OR"	"H2OS"	"RH_R"	"RH_S"	"Flow"	"PARi"	"PARo"	"Press"	"CsMch"	"HsMch"	"StableF"	"BLCslope"	"BLCoffst"	"f_parin"	"f_parout"	"alphaK"	"Status"
"16:27:42 Coolers: Tblock -> 7.50 C"
"16:28:14 Flow: Fixed -> 300 umol/s"
1	"16:28:17"	20180314	73	0	6.44	0.101	271	1.6	1.16	14.18	6	1.42	1	2.84	9.89	14.18	7.57	399.10	384.99	3.205	6.386	18.87	37.59	300.1	1701	4	72.01	13.2	0.302	1.0	-0.22	2.74	1.00	0.00	0.16	111115
2	"16:28:18"	20180314	73	0	6.54	0.102	271	1.62	1.16	14.18	6	1.42	1	2.84	9.89	14.18	7.57	399.28	384.97	3.174	6.387	18.69	37.60	300.0	1701	4	72.01	13.2	0.302	1.0	-0.22	2.74	1.00	0.00	0.16	111115
3	"16:28:19"	20180314	73	0	6.95	0.108	270	1.71	1.17	14.21	6	1.42	1	2.84	9.89	14.21	7.57	400.23	385.02	2.995	6.387	17.63	37.60	300.1	1701	4	72.01	13.2	0.302	1.0	-0.22	2.74	1.00	0.00	0.16	111115
4	"16:28:20"	20180314	73	0	6.95	0.108	270	1.71	1.17	14.21	6	1.42	1	2.84	9.89	14.21	7.57	400.24	385.02	2.992	6.385	17.62	37.59	300.0	1701	4	72.01	13.2	0.302	1.0	-0.22	2.74	1.00	0.00	0.16	111115
5	"16:28:21"	20180314	73	0	6.89	0.108	271	1.71	1.17	14.20	6	1.42	1	2.84	9.88	14.20	7.56	400.16	385.06	2.990	6.383	17.60	37.58	300.0	1701	4	72.01	13.2	0.302	1.0	-0.22	2.74	1.00	0.00	0.16	111115
6	"16:28:22"	20180314	73	0	6.87	0.108	271	1.71	1.17	14.21	6	1.42	1	2.84	9.88	14.21	7.56	400.16	385.11	2.990	6.380	17.61	37.57	300.0	1701	4	72.01	13.2	0.302	1.0	-0.22	2.74	1.00	0.00	0.16	111115
7	"16:28:23"	20180314	73	0	6.86	0.108	271	1.71	1.17	14.20	6	1.42	1	2.84	9.88	14.20	7.56	400.15	385.13	2.989	6.379	17.60	37.56	300.0	1701	4	72.01	13.2	0.302	1.0	-0.22	2.74	1.00	0.00	0.16	111115
8	"16:28:24"	20180314	73	0	6.81	0.108	273	1.71	1.16	14.19	6	1.42	1	2.84	9.88	14.19	7.56	400.08	385.16	2.988	6.382	17.60	37.58	300.0	1701	4	72.01	13.2	0.302	1.0	-0.22	2.74	1.00	0.00	0.16	111115
9	"16:28:24"	20180314	73	0	6.79	0.108	273	1.71	1.16	14.18	6	1.42	1	2.84	9.88	14.18	7.56	400.05	385.14	2.989	6.384	17.60	37.59	300.0	1701	4	72.01	13.2	0.302	1.0	-0.22	2.74	1.00	0.00	0.16	111115
10	"16:28:25"	20180314	73	0	6.82	0.108	272	1.71	1.16	14.18	6	1.42	1	2.84	9.88	14.18	7.56	400.07	385.11	2.989	6.383	17.60	37.59	300.0	1701	4	72.01	13.2	0.302	1.0	-0.22	2.74	1.00	0.00	0.16	111115
11	"16:28:26"	20180314	73	0	6.81	0.108	273	1.71	1.16	14.18	6	1.42	1	2.84	9.88	14.18	7.56	400.03	385.10	2.989	6.383	17.60	37.59	300.0	1701	4	72.01	13.2	0.302	1.0	-0.22	2.74	1.00	0.00	0.16	111115
12	"16:28:27"	20180314	73	0	6.79	0.108	273	1.71	1.16	14.18	6	1.42	1	2.84	9.88	14.18	7.56	399.98	385.09	2.990	6.380	17.61	37.58	300.0	1701	4	72.01	13.2	0.302	1.0	-0.22	2.74	1.00	0.00	0.16	111115
13	"16:28:28"	20180314	73	0	6.79	0.108	272	1.7	1.16	14.18	6	1.42	1	2.84	9.88	14.18	7.56	399.99	385.09	2.990	6.378	17.61	37.57	300.0	1701	4	72.01	13.2	0.302	1.0	-0.22	2.74	1.00	0.00	0.16	111115
14	"16:28:28"	20180314	73	0	6.75	0.108	273	1.71	1.17	14.20	6	1.42	1	2.84	9.88	14.20	7.56	399.92	385.10	2.990	6.379	17.61	37.57	300.0	1701	4	72.01	13.2	0.302	1.0	-0.22	2.74	1.00	0.00	0.16	111115
15	"16:28:29"	20180314	73	0	6.72	0.108	274	1.7	1.16	14.19	6	1.42	1	2.84	9.88	14.19	7.56	399.82	385.07	2.990	6.378	17.61	37.57	300.0	1701	4	72.01	13.2	0.302	1.0	-0.22	2.74	1.00	0.00	0.16	111115
"16:28:52 Coolers: Tblock -> 12.50 C"
"16:34:44 Flow: Fixed -> 300 umol/s"
16	"16:34:58"	20180314	73	0	6.45	0.0932	262	1.76	1.38	16.82	6	1.42	1	2.84	13.95	16.82	12.56	399.91	385.65	4.035	7.529	18.17	33.90	300.0	1699	3	72.01	13.2	0.302	1.0	-0.22	2.74	1.00	0.00	0.16	111115
17	"16:34:58"	20180314	73	0	6.38	0.093	263	1.76	1.38	16.84	6	1.42	1	2.84	13.95	16.84	12.56	399.77	385.66	4.036	7.528	18.17	33.90	300.0	1699	3	72.01	13.2	0.302	1.0	-0.22	2.74	1.00	0.00	0.16	111115
18	"16:34:59"	20180314	73	0	6.26	0.0928	265	1.76	1.38	16.85	6	1.42	1	2.84	13.95	16.85	12.56	399.52	385.65	4.036	7.525	18.17	33.88	300.0	1699	3	72.01	13.2	0.302	1.0	-0.22	2.74	1.00	0.00	0.16	111115
19	"16:35:00"	20180314	73	0	6.2	0.0927	266	1.76	1.38	16.85	6	1.42	1	2.84	13.95	16.85	12.56	399.41	385.66	4.036	7.524	18.17	33.87	300.0	1699	3	72.01	13.2	0.302	1.0	-0.22	2.74	1.00	0.00	0.16	111115
20	"16:35:01"	20180314	73	0	6.08	0.0926	267	1.76	1.38	16.85	6	1.42	1	2.84	13.95	16.85	12.56	399.17	385.65	4.034	7.519	18.16	33.85	300.0	1699	3	72.01	13.2	0.302	1.0	-0.22	2.74	1.00	0.00	0.16	111115
21	"16:35:02"	20180314	73	0	6.09	0.0925	267	1.75	1.39	16.86	6	1.42	1	2.84	13.95	16.86	12.56	399.10	385.57	4.034	7.516	18.16	33.84	300.0	1699	3	72.01	13.2	0.302	1.0	-0.22	2.74	1.00	0.00	0.16	111115
22	"16:35:02"	20180314	73	0	6.1	0.0924	267	1.75	1.39	16.86	6	1.42	1	2.84	13.95	16.86	12.56	399.04	385.49	4.033	7.512	18.16	33.82	300.0	1699	3	72.01	13.2	0.302	1.0	-0.22	2.74	1.00	0.00	0.16	111115
23	"16:35:03"	20180314	73	0	6.1	0.0924	267	1.75	1.39	16.86	6	1.42	1	2.84	13.95	16.86	12.56	399.04	385.48	4.032	7.511	18.15	33.81	300.0	1699	3	72.01	13.2	0.302	1.0	-0.22	2.74	1.00	0.00	0.16	111115
24	"16:35:04"	20180314	73	0	6.16	0.0922	265	1.75	1.39	16.87	6	1.42	1	2.84	13.96	16.87	12.56	399.08	385.41	4.031	7.509	18.15	33.80	300.0	1699	3	72.01	13.2	0.302	1.0	-0.22	2.74	1.00	0.00	0.16	111115
25	"16:35:04"	20180314	73	0	6.17	0.092	265	1.75	1.39	16.89	6	1.42	1	2.84	13.96	16.89	12.56	399.09	385.41	4.032	7.507	18.15	33.79	300.0	1699	3	72.01	13.2	0.302	1.0	-0.22	2.74	1.00	0.00	0.16	111115
26	"16:35:05"	20180314	73	0	6.21	0.0918	264	1.75	1.39	16.91	6	1.42	1	2.84	13.96	16.91	12.56	399.14	385.37	4.033	7.507	18.16	33.79	300.0	1699	3	72.01	13.2	0.302	0.7	-0.22	2.74	1.00	0.00	0.16	111115
27	"16:35:06"	20180314	73	0	6.22	0.0917	264	1.75	1.39	16.92	6	1.42	1	2.84	13.96	16.92	12.56	399.11	385.33	4.033	7.508	18.15	33.79	300.0	1699	3	72.01	13.2	0.302	0.7	-0.22	2.74	1.00	0.00	0.16	111115
28	"16:35:07"	20180314	73	0	6.27	0.0915	262	1.75	1.4	16.95	6	1.42	1	2.84	13.96	16.95	12.55	399.12	385.24	4.034	7.508	18.16	33.79	300.0	1699	3	72.01	13.2	0.302	0.7	-0.22	2.74	1.00	0.00	0.16	111115
29	"16:35:08"	20180314	73	0	6.29	0.0913	262	1.75	1.4	16.96	6	1.42	1	2.84	13.96	16.96	12.55	399.12	385.20	4.035	7.506	18.16	33.78	300.0	1699	3	72.01	13.2	0.302	0.7	-0.22	2.74	1.00	0.00	0.16	111115
30	"16:35:08"	20180314	73	0	6.29	0.0914	262	1.75	1.4	16.95	6	1.42	1	2.84	13.96	16.95	12.55	399.06	385.14	4.035	7.504	18.16	33.78	300.0	1699	3	72.01	13.2	0.302	0.7	-0.22	2.74	1.00	0.00	0.16	111115
"16:39:55 Coolers: Tblock -> 17.50 C"
"16:45:04 Flow: Fixed -> 300 umol/s"
"16:47:47 Flow: Fixed -> 300 umol/s"
31	"16:48:26"	20180314	73	0	5.17	0.0432	184	0.981	1.62	20.51	6	1.42	1	2.84	18.32	20.51	17.56	400.06	388.96	9.169	11.108	31.24	37.84	300.0	1699	4	72.01	11.7	0.257	1.0	-0.22	2.74	1.00	0.00	0.16	111115
32	"16:48:27"	20180314	73	0	5.15	0.0432	185	0.981	1.62	20.51	6	1.42	1	2.84	18.32	20.51	17.56	400.12	389.06	9.168	11.108	31.23	37.84	300.0	1699	4	72.01	11.7	0.257	1.0	-0.22	2.74	1.00	0.00	0.16	111115
33	"16:48:28"	20180314	73	0	5.1	0.0431	187	0.98	1.62	20.52	6	1.42	1	2.84	18.32	20.52	17.56	400.12	389.16	9.167	11.105	31.23	37.83	300.0	1700	4	72.01	11.7	0.257	1.0	-0.22	2.74	1.00	0.00	0.16	111115
34	"16:48:29"	20180314	73	0	5.05	0.0431	189	0.979	1.62	20.53	6	1.42	1	2.84	18.32	20.53	17.56	400.11	389.26	9.166	11.102	31.22	37.82	300.0	1700	3	72.01	11.7	0.257	1.0	-0.22	2.74	1.00	0.00	0.16	111115
35	"16:48:30"	20180314	73	0	5.06	0.0431	188	0.979	1.62	20.52	6	1.42	1	2.84	18.32	20.52	17.56	400.15	389.26	9.166	11.101	31.22	37.82	300.0	1700	3	72.01	11.7	0.257	0.7	-0.22	2.74	1.00	0.00	0.16	111115
36	"16:48:30"	20180314	73	0	5.05	0.043	188	0.976	1.62	20.52	6	1.42	1	2.84	18.33	20.52	17.56	400.13	389.28	9.167	11.098	31.22	37.80	300.0	1700	3	72.01	11.7	0.257	0.7	-0.22	2.74	1.00	0.00	0.16	111115
37	"16:48:31"	20180314	73	0	5.05	0.0429	188	0.975	1.62	20.52	6	1.42	1	2.84	18.33	20.52	17.56	400.15	389.30	9.168	11.097	31.23	37.80	300.0	1700	3	72.01	11.7	0.257	0.7	-0.22	2.74	1.00	0.00	0.16	111115
38	"16:48:32"	20180314	73	0	5.06	0.0429	188	0.975	1.62	20.52	6	1.42	1	2.84	18.33	20.52	17.56	400.18	389.30	9.169	11.097	31.23	37.80	300.0	1700	3	72.01	11.7	0.257	0.7	-0.22	2.74	1.00	0.00	0.16	111115
39	"16:48:33"	20180314	73	0	5	0.0429	190	0.976	1.62	20.52	6	1.42	1	2.84	18.33	20.52	17.55	400.16	389.41	9.168	11.098	31.22	37.80	300.0	1700	4	72.01	11.7	0.257	0.7	-0.22	2.74	1.00	0.00	0.16	111115
40	"16:48:34"	20180314	73	0	4.98	0.043	191	0.978	1.62	20.52	6	1.42	1	2.84	18.33	20.52	17.55	400.17	389.46	9.166	11.100	31.22	37.81	300.0	1700	4	72.01	11.7	0.257	0.7	-0.22	2.74	1.00	0.00	0.16	111115
41	"16:48:35"	20180314	73	0	4.95	0.043	192	0.977	1.62	20.52	6	1.42	1	2.84	18.33	20.52	17.55	400.15	389.50	9.165	11.098	31.22	37.80	300.0	1700	4	72.01	11.7	0.257	0.7	-0.22	2.74	1.00	0.00	0.16	111115
42	"16:48:36"	20180314	73	0	4.9	0.0429	194	0.977	1.63	20.53	6	1.42	1	2.84	18.33	20.53	17.55	400.14	389.57	9.165	11.097	31.21	37.79	300.0	1700	3	72.01	11.7	0.257	0.7	-0.22	2.74	1.00	0.00	0.16	111115
43	"16:48:37"	20180314	73	0	4.89	0.0429	194	0.976	1.63	20.53	6	1.42	1	2.84	18.33	20.53	17.55	400.11	389.57	9.166	11.097	31.22	37.79	300.0	1700	3	72.01	11.7	0.257	0.7	-0.22	2.74	1.00	0.00	0.16	111115
44	"16:48:38"	20180314	73	0	4.87	0.0429	195	0.975	1.62	20.52	6	1.42	1	2.84	18.33	20.52	17.55	400.09	389.58	9.167	11.096	31.22	37.79	300.0	1700	3	72.01	11.7	0.257	0.7	-0.22	2.74	1.00	0.00	0.16	111115
45	"16:48:39"	20180314	73	0	4.9	0.0429	194	0.974	1.62	20.51	6	1.42	1	2.84	18.33	20.51	17.55	400.19	389.63	9.169	11.095	31.22	37.78	300.0	1700	4	72.01	11.7	0.257	0.7	-0.22	2.74	1.00	0.00	0.16	111115
46	"16:48:40"	20180314	73	0	4.92	0.0429	193	0.974	1.62	20.51	6	1.42	1	2.84	18.33	20.51	17.55	400.23	389.62	9.168	11.095	31.22	37.78	300.0	1700	4	72.01	11.7	0.257	0.7	-0.22	2.74	1.00	0.00	0.16	111115
"16:50:18 Coolers: Tblock -> 22.50 C"
"16:54:52 Flow: Fixed -> 300 umol/s"
47	"16:55:19"	20180314	73	0	4.68	0.0411	192	1.12	1.94	23.61	6	1.42	1	2.84	22.61	23.61	22.55	399.93	389.70	11.493	13.703	30.06	35.84	300.0	1699	3	72.01	11.7	0.257	0.7	-0.22	2.74	1.00	0.00	0.16	111115
48	"16:55:21"	20180314	73	0	4.68	0.0411	192	1.12	1.94	23.62	6	1.42	1	2.84	22.61	23.62	22.55	399.92	389.70	11.493	13.705	30.05	35.84	300.0	1699	3	72.01	11.7	0.257	0.7	-0.22	2.74	1.00	0.00	0.16	111115
49	"16:55:22"	20180314	73	0	4.71	0.0411	191	1.12	1.94	23.63	6	1.42	1	2.84	22.61	23.63	22.55	399.96	389.66	11.492	13.707	30.05	35.84	300.0	1699	3	72.01	11.7	0.257	1.0	-0.22	2.74	1.00	0.00	0.16	111115
50	"16:55:22"	20180314	73	0	4.69	0.0411	192	1.12	1.94	23.63	6	1.42	1	2.84	22.61	23.63	22.55	399.91	389.66	11.493	13.705	30.05	35.83	300.0	1699	3	72.01	11.7	0.257	1.0	-0.22	2.74	1.00	0.00	0.16	111115
51	"16:55:23"	20180314	73	0	4.74	0.041	190	1.12	1.94	23.63	6	1.42	1	2.84	22.61	23.63	22.55	399.97	389.62	11.494	13.704	30.05	35.83	300.0	1699	3	72.01	11.7	0.257	1.0	-0.22	2.74	1.00	0.00	0.16	111115
52	"16:55:24"	20180314	73	0	4.8	0.041	187	1.12	1.94	23.63	6	1.42	1	2.84	22.61	23.63	22.55	400.02	389.55	11.494	13.703	30.05	35.82	300.0	1699	3	72.01	11.7	0.257	1.0	-0.22	2.74	1.00	0.00	0.16	111115
53	"16:55:25"	20180314	73	0	4.81	0.041	187	1.12	1.94	23.63	6	1.42	1	2.84	22.62	23.63	22.55	400.00	389.51	11.492	13.703	30.04	35.82	300.0	1699	3	72.01	11.7	0.257	1.0	-0.22	2.74	1.00	0.00	0.16	111115
54	"16:55:26"	20180314	73	0	4.83	0.041	186	1.12	1.94	23.63	6	1.42	1	2.84	22.62	23.63	22.55	400.10	389.57	11.493	13.703	30.04	35.82	300.0	1699	4	72.01	11.7	0.257	1.0	-0.22	2.74	1.00	0.00	0.16	111115
55	"16:55:27"	20180314	73	0	4.82	0.041	186	1.12	1.94	23.64	6	1.42	1	2.84	22.62	23.64	22.54	400.09	389.57	11.492	13.704	30.04	35.82	300.0	1699	3	72.01	11.7	0.257	1.0	-0.22	2.74	1.00	0.00	0.16	111115
56	"16:55:28"	20180314	73	0	4.79	0.0411	188	1.12	1.94	23.64	6	1.42	1	2.84	22.62	23.64	22.54	400.07	389.62	11.492	13.707	30.04	35.83	300.0	1699	3	72.01	11.7	0.257	1.0	-0.22	2.74	1.00	0.00	0.16	111115
57	"16:55:29"	20180314	73	0	4.71	0.0411	191	1.12	1.95	23.65	6	1.42	1	2.84	22.62	23.65	22.54	400.01	389.72	11.492	13.709	30.03	35.83	300.0	1699	3	72.01	11.7	0.257	1.0	-0.22	2.74	1.00	0.00	0.16	111115
58	"16:55:30"	20180314	73	0	4.71	0.041	191	1.12	1.95	23.66	6	1.42	1	2.84	22.62	23.66	22.55	399.97	389.69	11.493	13.708	30.03	35.82	300.0	1699	3	72.01	11.7	0.257	1.0	-0.22	2.74	1.00	0.00	0.16	111115
59	"16:55:31"	20180314	73	0	4.7	0.0409	191	1.12	1.95	23.67	6	1.42	1	2.84	22.62	23.67	22.55	399.94	389.67	11.492	13.706	30.03	35.81	300.0	1699	3	72.01	11.7	0.257	1.0	-0.22	2.74	1.00	0.00	0.16	111115
60	"16:55:32"	20180314	73	0	4.68	0.0409	192	1.12	1.95	23.68	6	1.42	1	2.84	22.62	23.68	22.55	399.93	389.70	11.491	13.705	30.02	35.81	300.0	1699	3	72.01	11.7	0.257	1.0	-0.22	2.74	1.00	0.00	0.16	111115
61	"16:55:33"	20180314	73	0	4.69	0.0408	191	1.12	1.95	23.67	6	1.42	1	2.84	22.63	23.67	22.55	399.95	389.68	11.492	13.703	30.02	35.80	300.0	1699	3	72.01	11.7	0.257	1.0	-0.22	2.74	1.00	0.00	0.16	111115
