"OPEN 6.3.4"
"Thr Mar 15 2018 08:49:46"
<open><version>"6.3.4"</version></open>
<open><configfile>"/User/Configs/UserPrefs/LED2x3.xml"</configfile></open>
<open><light><source>"6400-02 or -02B LED Source"</source><par_in>1<sensor>"SI-2503"<cal>-0.86<actinity>1.00</actinity><transm>1.00</transm></cal></sensor><transm>1</transm></par_in><par_out>1<sensor>"Q40491"<cal>6.5</cal></sensor></par_out></light></open>
<open><comps><file>"/User/Configs/Comps/StdComps_6.1"<header>""</header><extras></extras></file><energybal>no<f_parIn>1</f_parIn><f_parOut>0</f_parOut><alphaK>0.16</alphaK></energybal><bc_total>2.840<stomatal_ratio>1</stomatal_ratio><bc_oneside>1.420<type>2</type><table>"/Sys/Lib/StdBLCTable"</table><area>6</area><slope>-0.219565</slope><offset>2.73739</offset><fan>5</fan></bc_oneside></bc_total></comps></open>
<open><prompts><onlog>off</onlog><items>"Default (none)"</items></prompts></open>
<open><constants><oxygen>21 %</oxygen><bb_vapor>1.5</bb_vapor><bb_oxy>0.9</bb_oxy></constants></open>
<open><stability><items>"Std Stability"<items[1]><id>-2</id><size>15</size><pcv><onoff>0</onoff><value>1</value></pcv><std><onoff>0</onoff><value>1</value></std><slp><onoff>1</onoff><value>1</value></slp></items[1]><items[2]><id>-5</id><size>15</size><pcv><onoff>0</onoff><value>1</value></pcv><std><onoff>0</onoff><value>1</value></std><slp><onoff>1</onoff><value>1</value></slp></items[2]><items[3]><id>-7</id><size>15</size><pcv><onoff>0</onoff><value>1</value></pcv><std><onoff>0</onoff><value>1</value></std><slp><onoff>1</onoff><value>1</value></slp></items[3]></items></stability></open>
<open><log><format>"StdLogFmt_6.0"<items>{ -35 -21 -70 -69 -76 30 23 36 21 25 221 -33 111 -34 11 -9 -10 -8 -1 -2 -4 -5 -14 -15 -7 -12 -13 -11 -65 -66 -72 -18 -19 -77 -78 -79 -23  }<hdr>{  }</hdr></items></format><options><beep>on</beep><match>"never"<time>30</time><co2>100</co2><delta>10</delta></match><hdr>normal</hdr><rem>normal</rem><stab>no</stab><stats>no<mean>no</mean><file>no</file><period>15</period></stats><excel>yes</excel><controls>yes</controls><comm>no</comm></options><datafile>"/User/031518-ASTLH-EOM0461"</datafile><button><action>"Normal Log"<code>" LogOneObsManual "</code></action></button><autoprog>"/User/Configs/AutoProgs/AutoLog2"<active>no</active></autoprog></log></open>
<open><a2d><avgtime>4.0 secs</avgtime><userchans><ch20>"Off"</ch20><ch21>"Off"</ch21><ch22>"Off"</ch22><ch23>"Off"</ch23></userchans></a2d></open>
<open><matching><type>0</type><disp>'a'</disp><settings>><CO2Limit>10.0</CO2Limit><H2OLimit>1.0</H2OLimit><MaxAutoTime>60</MaxAutoTime><AverageTime>10</AverageTime></settings></matching></open>
<li6400><factory><unit>"PSC-2470"</unit><serviced>"5 Feb 2018"</serviced><fuseaware>0</fuseaware><co2mixer>yes</co2mixer><co2><coeffs>{ 0 0.214772 2.55802e-05 1.93228e-08 -3.02262e-12 2.75724e-16  }</coeffs><dvdt>-4</dvdt><xs>{ 9.11e-05 0.00178  }</xs></co2><h2o><coeffs>{ 0 0.00581526 2.16703e-06 7.69607e-12  }</coeffs><dvdt>-2.9</dvdt><xs>{ -0.000111 -0.00256  }</xs></h2o><flow>{ 0 0.3696  }</flow><press>{ 86.913 0.00551  }</press></factory></li6400>
<li6400><user><flow_zero>-3.5</flow_zero><irga_zero><co2>113.5 152.5<at>27.1329</at></co2><h2o>-3.5 -3.5<at>28.1091</at></h2o></irga_zero><irga_span><co2>{ 0.990134 0.992694  }</co2><h2o>{ 0.996743 0.99801  }</h2o></irga_span><irga_match><co2>{ 0.110267 7.86372  }</co2><h2o>{ -0.0816591 0.28508  }</h2o></irga_match><co2_mixer><pump_mv>4500</pump_mv><ppm>{ 2352.67 1117.67 439.284 266.3 121.188 70.6751 48.8233 48.8102  }</ppm><mv>{ 5000 3000 1500 1000 500 300 200 100  }</mv></co2_mixer><parin_offset>-0.211894</parin_offset><led_cal><unit>"SI-2503"</unit><mv>{ 10 25 50 100 1000 2000 3000 4000 5000  }</mv><qntm>{ 1.83047 9.20354 23.3042 57.5395 736.221 1467.2 2160.1 2821.48 3447.04  }</qntm></led_cal><lcf_cal><unit>"LCF-0981"</unit><red><mv>{ 50 100 200 400 800 1500  }</mv><qntm>{ 64.6036 145.758 312.409 661.73 1377.94 2641.23  }</qntm></red><blue><mv>{ 100 500 1000 2000 3000 4000 5000  }</mv><qntm>{ 11.107 44.4539 81.9578 145.168 203.372 256.093 300.56  }</qntm></blue></lcf_cal></user></li6400>
"08:49:48 "
$STARTOFDATA$
"Obs"	"HHMMSS"	"YYYYMMDD"	"DOY"	"EBal?"	"Photo"	"Cond"	"Ci"	"Trmmol"	"VpdL"	"CTleaf"	"Area"	"BLC_1"	"StmRat"	"BLCond"	"Tair"	"Tleaf"	"TBlk"	"CO2R"	"CO2S"	"H2OR"	"H2OS"	"RH_R"	"RH_S"	"Flow"	"PARi"	"PARo"	"Press"	"CsMch"	"HsMch"	"StableF"	"BLCslope"	"BLCoffst"	"f_parin"	"f_parout"	"alphaK"	"Status"
"08:50:09 Coolers: Tblock -> 0.00 C"
"09:01:19 Lamp: ParIn ->  1700 uml"
"09:01:19 CO2 Mixer: CO2R -> 400 uml"
"09:01:19 Coolers: Tblock -> 0.00 C"
"09:01:19 Flow: Fixed -> 300 umol/s"
"09:03:44 Coolers: Tblock -> 8.50 C"
"09:05:49 Flow: Fixed -> 300 umol/s"
1	"09:07:13"	20180315	74	0	6.33	0.0541	186	1.16	1.55	17.46	6	1.42	1	2.84	10.76	17.46	8.54	399.96	386.41	3.891	6.197	21.69	34.55	300.0	1701	41	72.3	7.86	0.285	1.0	-0.22	2.74	1.00	0.00	0.16	111115
2	"09:07:13"	20180315	74	0	6.32	0.054	186	1.16	1.55	17.47	6	1.42	1	2.84	10.76	17.47	8.54	399.95	386.43	3.891	6.195	21.69	34.53	300.0	1701	41	72.3	7.86	0.285	1.0	-0.22	2.74	1.00	0.00	0.16	111115
3	"09:07:13"	20180315	74	0	6.32	0.054	186	1.16	1.55	17.47	6	1.42	1	2.84	10.76	17.47	8.54	399.95	386.43	3.891	6.195	21.69	34.53	300.0	1701	41	72.3	7.86	0.285	1.0	-0.22	2.74	1.00	0.00	0.16	111115
4	"09:07:14"	20180315	74	0	6.28	0.0541	188	1.16	1.55	17.45	6	1.42	1	2.84	10.77	17.45	8.54	399.90	386.44	3.891	6.195	21.69	34.53	300.0	1701	41	72.3	7.86	0.285	1.0	-0.22	2.74	1.00	0.00	0.16	111115
5	"09:07:15"	20180315	74	0	6.29	0.0541	187	1.16	1.55	17.45	6	1.42	1	2.84	10.77	17.45	8.55	399.88	386.41	3.891	6.196	21.68	34.53	300.0	1701	41	72.3	7.86	0.285	1.0	-0.22	2.74	1.00	0.00	0.16	111115
6	"09:07:16"	20180315	74	0	6.29	0.0541	188	1.16	1.55	17.45	6	1.42	1	2.84	10.77	17.45	8.55	399.89	386.41	3.891	6.197	21.68	34.54	300.0	1701	41	72.3	7.86	0.285	1.0	-0.22	2.74	1.00	0.00	0.16	111115
7	"09:07:17"	20180315	74	0	6.31	0.054	186	1.16	1.56	17.47	6	1.42	1	2.84	10.77	17.47	8.55	399.89	386.36	3.892	6.199	21.69	34.54	300.0	1701	41	72.3	7.86	0.285	1.0	-0.22	2.74	1.00	0.00	0.16	111115
8	"09:07:18"	20180315	74	0	6.3	0.054	187	1.16	1.56	17.50	6	1.42	1	2.84	10.77	17.50	8.55	399.89	386.40	3.892	6.201	21.69	34.55	300.0	1701	41	72.3	7.86	0.285	1.0	-0.22	2.74	1.00	0.00	0.16	111115
9	"09:07:19"	20180315	74	0	6.29	0.054	187	1.16	1.56	17.50	6	1.42	1	2.84	10.77	17.50	8.55	399.89	386.40	3.893	6.201	21.69	34.55	299.9	1701	41	72.3	7.86	0.285	1.0	-0.22	2.74	1.00	0.00	0.16	111115
10	"09:07:19"	20180315	74	0	6.27	0.0539	187	1.16	1.56	17.50	6	1.42	1	2.84	10.77	17.50	8.55	399.88	386.44	3.893	6.201	21.69	34.55	300.0	1701	41	72.3	7.86	0.285	1.0	-0.22	2.74	1.00	0.00	0.16	111115
11	"09:07:20"	20180315	74	0	6.29	0.0539	187	1.16	1.56	17.50	6	1.42	1	2.84	10.77	17.50	8.55	399.89	386.42	3.893	6.201	21.69	34.55	300.0	1701	41	72.3	7.86	0.285	1.0	-0.22	2.74	1.00	0.00	0.16	111115
12	"09:07:21"	20180315	74	0	6.29	0.0541	187	1.16	1.55	17.47	6	1.42	1	2.84	10.77	17.47	8.55	399.96	386.47	3.892	6.199	21.69	34.54	300.0	1701	41	72.3	7.86	0.285	1.0	-0.22	2.74	1.00	0.00	0.16	111115
13	"09:07:22"	20180315	74	0	6.33	0.054	186	1.16	1.55	17.47	6	1.42	1	2.84	10.77	17.47	8.55	399.98	386.42	3.892	6.196	21.68	34.52	300.0	1701	41	72.3	7.86	0.285	1.0	-0.22	2.74	1.00	0.00	0.16	111115
14	"09:07:23"	20180315	74	0	6.35	0.054	185	1.16	1.56	17.47	6	1.42	1	2.84	10.77	17.47	8.55	399.99	386.38	3.892	6.197	21.68	34.52	300.0	1701	41	72.3	7.86	0.285	1.0	-0.22	2.74	1.00	0.00	0.16	111115
15	"09:07:24"	20180315	74	0	6.35	0.054	185	1.16	1.56	17.48	6	1.42	1	2.84	10.77	17.48	8.56	399.99	386.39	3.892	6.198	21.68	34.53	300.0	1701	41	72.3	7.86	0.285	1.0	-0.22	2.74	1.00	0.00	0.16	111115
16	"09:07:25"	20180315	74	0	6.34	0.054	185	1.16	1.56	17.49	6	1.42	1	2.84	10.78	17.49	8.56	399.91	386.33	3.893	6.202	21.69	34.55	300.0	1701	41	72.3	7.86	0.285	1.0	-0.22	2.74	1.00	0.00	0.16	111115
"09:08:28 Coolers: Tblock -> 13.50 C"
"09:12:04 Flow: Fixed -> 300 umol/s"
"09:13:33 Flow: Fixed -> 300 umol/s"
"09:15:38 Flow: Fixed -> 250 umol/s"
"09:16:31 Flow: Fixed -> 250 umol/s"
"09:19:02 Flow: Fixed -> 250 umol/s"
17	"09:19:29"	20180315	74	0	4.11	0.0526	249	1.26	1.72	19.89	6	1.42	1	2.84	14.96	19.89	13.57	399.34	388.27	5.420	8.417	22.96	35.66	249.4	1699	54	72.3	12.4	0.29	0.7	-0.22	2.74	1.00	0.00	0.16	111115
18	"09:19:30"	20180315	74	0	4.09	0.0527	250	1.26	1.72	19.89	6	1.42	1	2.84	14.96	19.89	13.57	399.31	388.30	5.421	8.420	22.97	35.67	249.4	1699	54	72.3	12.4	0.29	0.7	-0.22	2.74	1.00	0.00	0.16	111115
19	"09:19:31"	20180315	74	0	4.1	0.0527	249	1.26	1.72	19.89	6	1.42	1	2.84	14.96	19.89	13.57	399.33	388.30	5.421	8.419	22.97	35.67	249.4	1699	53	72.3	12.4	0.29	0.7	-0.22	2.74	1.00	0.00	0.16	111115
20	"09:19:32"	20180315	74	0	4.13	0.0527	248	1.26	1.72	19.89	6	1.42	1	2.84	14.96	19.89	13.57	399.40	388.28	5.421	8.419	22.97	35.67	249.4	1699	53	72.3	12.4	0.29	0.7	-0.22	2.74	1.00	0.00	0.16	111115
21	"09:19:32"	20180315	74	0	4.17	0.0527	247	1.26	1.72	19.88	6	1.42	1	2.84	14.96	19.88	13.57	399.42	388.22	5.420	8.417	22.96	35.66	249.4	1699	53	72.3	12.4	0.29	0.7	-0.22	2.74	1.00	0.00	0.16	111115
22	"09:19:33"	20180315	74	0	4.15	0.0527	248	1.26	1.72	19.87	6	1.42	1	2.84	14.96	19.87	13.57	399.40	388.26	5.420	8.416	22.96	35.66	249.4	1699	52	72.3	12.4	0.29	0.7	-0.22	2.74	1.00	0.00	0.16	111115
23	"09:19:34"	20180315	74	0	4.13	0.0527	249	1.26	1.72	19.87	6	1.42	1	2.84	14.96	19.87	13.57	399.39	388.28	5.419	8.415	22.96	35.65	249.4	1699	52	72.3	12.4	0.29	0.7	-0.22	2.74	1.00	0.00	0.16	111115
24	"09:19:35"	20180315	74	0	4.16	0.0527	248	1.26	1.72	19.87	6	1.42	1	2.84	14.96	19.87	13.56	399.44	388.26	5.420	8.416	22.96	35.66	249.4	1699	52	72.3	12.4	0.29	0.7	-0.22	2.74	1.00	0.00	0.16	111115
25	"09:19:36"	20180315	74	0	4.19	0.0528	247	1.26	1.72	19.87	6	1.42	1	2.84	14.95	19.87	13.56	399.49	388.23	5.420	8.418	22.97	35.67	249.4	1699	52	72.3	12.4	0.29	1.0	-0.22	2.74	1.00	0.00	0.16	111115
26	"09:19:36"	20180315	74	0	4.18	0.0527	247	1.26	1.72	19.88	6	1.42	1	2.84	14.95	19.88	13.57	399.50	388.28	5.422	8.417	22.97	35.67	249.4	1699	52	72.3	12.4	0.29	1.0	-0.22	2.74	1.00	0.00	0.16	111115
27	"09:19:37"	20180315	74	0	4.26	0.0526	244	1.26	1.72	19.89	6	1.42	1	2.84	14.96	19.89	13.57	399.64	388.21	5.423	8.419	22.98	35.67	249.4	1699	53	72.31	12.4	0.29	1.0	-0.22	2.74	1.00	0.00	0.16	111115
28	"09:19:38"	20180315	74	0	4.34	0.0526	242	1.26	1.72	19.89	6	1.42	1	2.84	14.96	19.89	13.57	399.74	388.14	5.423	8.417	22.98	35.67	249.4	1699	53	72.3	12.4	0.29	1.0	-0.22	2.74	1.00	0.00	0.16	111115
29	"09:19:39"	20180315	74	0	4.42	0.0525	239	1.25	1.72	19.89	6	1.42	1	2.84	14.96	19.89	13.58	399.89	388.09	5.424	8.415	22.98	35.65	249.4	1699	53	72.31	12.4	0.29	1.0	-0.22	2.74	1.00	0.00	0.16	111115
30	"09:19:40"	20180315	74	0	4.45	0.0526	238	1.25	1.72	19.88	6	1.42	1	2.84	14.96	19.88	13.59	400.00	388.11	5.424	8.413	22.98	35.64	249.4	1699	54	72.31	12.4	0.29	1.0	-0.22	2.74	1.00	0.00	0.16	111115
31	"09:19:41"	20180315	74	0	4.48	0.0527	238	1.25	1.72	19.86	6	1.42	1	2.84	14.96	19.86	13.59	400.07	388.13	5.423	8.416	22.97	35.65	249.4	1699	54	72.31	12.4	0.29	1.0	-0.22	2.74	1.00	0.00	0.16	111115
"09:20:39 Coolers: Tblock -> 18.50 C"
"09:25:10 Flow: Fixed -> 250 umol/s"
32	"09:25:21"	20180315	74	0	3.96	0.051	251	1.18	1.67	21.15	6	1.42	1	2.84	19.15	21.15	18.57	400.06	389.42	8.954	11.768	29.08	38.22	249.4	1699	45	72.31	12.6	0.287	1.0	-0.22	2.74	1.00	0.00	0.16	111115
33	"09:25:22"	20180315	74	0	3.94	0.0509	251	1.18	1.67	21.15	6	1.42	1	2.84	19.15	21.15	18.57	400.00	389.41	8.954	11.762	29.08	38.20	249.5	1699	45	72.31	12.6	0.287	1.0	-0.22	2.74	1.00	0.00	0.16	111115
34	"09:25:23"	20180315	74	0	3.92	0.0508	252	1.18	1.67	21.15	6	1.42	1	2.84	19.16	21.15	18.57	399.95	389.41	8.955	11.757	29.08	38.18	249.5	1699	45	72.31	12.6	0.287	1.0	-0.22	2.74	1.00	0.00	0.16	111115
35	"09:25:24"	20180315	74	0	3.93	0.0507	252	1.18	1.67	21.16	6	1.42	1	2.84	19.16	21.16	18.57	399.92	389.37	8.955	11.756	29.08	38.17	249.4	1699	45	72.31	12.6	0.287	1.0	-0.22	2.74	1.00	0.00	0.16	111115
36	"09:25:25"	20180315	74	0	3.94	0.0507	251	1.18	1.67	21.16	6	1.42	1	2.84	19.16	21.16	18.57	399.96	389.38	8.955	11.754	29.08	38.17	249.5	1699	45	72.31	12.6	0.287	1.0	-0.22	2.74	1.00	0.00	0.16	111115
37	"09:25:25"	20180315	74	0	3.95	0.0507	251	1.18	1.67	21.16	6	1.42	1	2.84	19.16	21.16	18.57	399.98	389.39	8.955	11.755	29.08	38.17	249.5	1699	45	72.31	12.6	0.287	1.0	-0.22	2.74	1.00	0.00	0.16	111115
38	"09:25:26"	20180315	74	0	4	0.0507	249	1.18	1.67	21.17	6	1.42	1	2.84	19.16	21.17	18.57	400.12	389.39	8.956	11.760	29.08	38.18	249.4	1699	45	72.31	12.6	0.287	1.0	-0.22	2.74	1.00	0.00	0.16	111115
39	"09:25:27"	20180315	74	0	4.01	0.0508	249	1.18	1.67	21.16	6	1.42	1	2.84	19.16	21.16	18.57	400.17	389.42	8.956	11.760	29.08	38.18	249.4	1699	44	72.31	12.6	0.287	1.0	-0.22	2.74	1.00	0.00	0.16	111115
40	"09:25:27"	20180315	74	0	4.03	0.0508	249	1.18	1.67	21.15	6	1.42	1	2.84	19.16	21.15	18.57	400.24	389.45	8.956	11.762	29.08	38.19	249.4	1699	44	72.31	12.6	0.287	1.0	-0.22	2.74	1.00	0.00	0.16	111115
41	"09:25:28"	20180315	74	0	4.06	0.0508	247	1.18	1.67	21.17	6	1.42	1	2.84	19.16	21.17	18.57	400.37	389.48	8.956	11.761	29.07	38.18	249.4	1699	45	72.31	12.6	0.287	1.0	-0.22	2.74	1.00	0.00	0.16	111115
42	"09:25:29"	20180315	74	0	4.06	0.0507	247	1.18	1.67	21.17	6	1.42	1	2.84	19.16	21.17	18.57	400.39	389.51	8.955	11.759	29.07	38.17	249.4	1699	45	72.31	12.6	0.287	1.0	-0.22	2.74	1.00	0.00	0.16	111115
43	"09:25:30"	20180315	74	0	4.04	0.0507	248	1.18	1.67	21.17	6	1.42	1	2.84	19.16	21.17	18.57	400.37	389.56	8.955	11.758	29.07	38.16	249.4	1699	45	72.31	12.6	0.287	1.0	-0.22	2.74	1.00	0.00	0.16	111115
44	"09:25:30"	20180315	74	0	4.02	0.0506	248	1.18	1.67	21.18	6	1.42	1	2.84	19.16	21.18	18.57	400.38	389.60	8.955	11.756	29.07	38.16	249.4	1699	45	72.31	12.6	0.287	1.0	-0.22	2.74	1.00	0.00	0.16	111115
45	"09:25:31"	20180315	74	0	4.02	0.0505	248	1.18	1.68	21.20	6	1.42	1	2.84	19.17	21.20	18.57	400.38	389.60	8.956	11.757	29.06	38.16	249.4	1699	45	72.31	12.6	0.287	1.0	-0.22	2.74	1.00	0.00	0.16	111115
46	"09:25:32"	20180315	74	0	4.03	0.0506	248	1.18	1.68	21.20	6	1.42	1	2.84	19.17	21.20	18.57	400.40	389.61	8.956	11.758	29.06	38.16	249.5	1699	45	72.31	12.6	0.287	1.0	-0.22	2.74	1.00	0.00	0.16	111115
"09:25:52 Coolers: Tblock -> 23.50 C"
"09:28:50 Flow: Fixed -> 250 umol/s"
"09:32:33 Flow: Fixed -> 200 umol/s"
"09:35:04 Flow: Fixed -> 200 umol/s"
"09:35:49 Flow: Fixed -> 200 umol/s"
47	"09:36:07"	20180315	74	0	3.58	0.04	228	1.2	2.14	25.17	6	1.42	1	2.84	23.83	25.17	23.56	399.42	387.28	11.291	14.852	27.53	36.21	199.7	1700	38	72.3	13.5	0.272	1.0	-0.22	2.74	1.00	0.00	0.16	111115
48	"09:36:08"	20180315	74	0	3.59	0.0401	227	1.2	2.14	25.17	6	1.42	1	2.84	23.83	25.17	23.56	399.44	387.24	11.292	14.856	27.53	36.22	199.7	1700	38	72.3	13.5	0.272	1.0	-0.22	2.74	1.00	0.00	0.16	111115
49	"09:36:09"	20180315	74	0	3.59	0.04	227	1.2	2.14	25.17	6	1.42	1	2.84	23.83	25.17	23.56	399.42	387.24	11.293	14.856	27.53	36.22	199.7	1700	38	72.3	13.5	0.272	1.0	-0.22	2.74	1.00	0.00	0.16	111115
50	"09:36:10"	20180315	74	0	3.62	0.04	226	1.2	2.14	25.18	6	1.42	1	2.84	23.83	25.18	23.56	399.47	387.20	11.292	14.856	27.53	36.22	199.7	1700	38	72.3	13.5	0.272	1.0	-0.22	2.74	1.00	0.00	0.16	111115
51	"09:36:11"	20180315	74	0	3.61	0.04	226	1.2	2.14	25.19	6	1.42	1	2.84	23.83	25.19	23.56	399.47	387.22	11.292	14.858	27.53	36.23	199.7	1700	38	72.3	13.5	0.272	1.0	-0.22	2.74	1.00	0.00	0.16	111115
52	"09:36:11"	20180315	74	0	3.58	0.0401	228	1.21	2.14	25.19	6	1.42	1	2.84	23.83	25.19	23.56	399.43	387.27	11.292	14.861	27.53	36.23	199.7	1700	38	72.3	13.5	0.272	1.0	-0.22	2.74	1.00	0.00	0.16	111115
53	"09:36:12"	20180315	74	0	3.59	0.04	227	1.2	2.14	25.19	6	1.42	1	2.84	23.83	25.19	23.56	399.48	387.27	11.292	14.859	27.53	36.23	199.7	1700	38	72.3	13.5	0.272	1.0	-0.22	2.74	1.00	0.00	0.16	111115
54	"09:36:13"	20180315	74	0	3.64	0.04	225	1.2	2.14	25.19	6	1.42	1	2.84	23.83	25.19	23.56	399.60	387.28	11.292	14.857	27.53	36.22	199.7	1700	38	72.3	13.5	0.272	1.0	-0.22	2.74	1.00	0.00	0.16	111115
55	"09:36:13"	20180315	74	0	3.65	0.04	225	1.2	2.14	25.19	6	1.42	1	2.84	23.83	25.19	23.56	399.65	387.29	11.293	14.855	27.53	36.22	199.6	1700	38	72.3	13.5	0.272	1.0	-0.22	2.74	1.00	0.00	0.16	111115
56	"09:36:14"	20180315	74	0	3.72	0.04	222	1.2	2.14	25.19	6	1.42	1	2.84	23.84	25.19	23.56	399.82	387.25	11.294	14.856	27.54	36.22	199.7	1700	38	72.3	13.5	0.272	1.0	-0.22	2.74	1.00	0.00	0.16	111115
57	"09:36:15"	20180315	74	0	3.77	0.04	220	1.2	2.14	25.19	6	1.42	1	2.84	23.84	25.19	23.57	399.93	387.20	11.295	14.855	27.54	36.22	199.7	1700	38	72.3	13.5	0.272	1.0	-0.22	2.74	1.00	0.00	0.16	111115
58	"09:36:16"	20180315	74	0	3.8	0.04	219	1.2	2.14	25.18	6	1.42	1	2.84	23.84	25.18	23.57	400.09	387.27	11.294	14.855	27.53	36.21	199.7	1700	38	72.3	13.5	0.272	1.0	-0.22	2.74	1.00	0.00	0.16	111115
59	"09:36:17"	20180315	74	0	3.82	0.04	218	1.2	2.14	25.18	6	1.42	1	2.84	23.84	25.18	23.57	400.18	387.31	11.294	14.856	27.53	36.22	199.7	1700	38	72.3	13.5	0.272	1.0	-0.22	2.74	1.00	0.00	0.16	111115
60	"09:36:18"	20180315	74	0	3.84	0.04	217	1.2	2.14	25.19	6	1.42	1	2.84	23.84	25.19	23.57	400.26	387.33	11.294	14.854	27.53	36.21	199.7	1700	38	72.3	13.5	0.272	1.0	-0.22	2.74	1.00	0.00	0.16	111115
61	"09:36:19"	20180315	74	0	3.82	0.04	218	1.2	2.14	25.19	6	1.42	1	2.84	23.84	25.19	23.56	400.29	387.40	11.293	14.856	27.53	36.21	199.7	1700	38	72.3	13.5	0.272	1.0	-0.22	2.74	1.00	0.00	0.16	111115
"09:37:50 Coolers: Tblock -> 28.50 C"
"09:42:16 Flow: Fixed -> 200 umol/s"
62	"09:42:27"	20180315	74	0	3.5	0.0367	216	1.3	2.51	27.97	6	1.42	1	2.84	28.05	27.97	28.54	400.18	388.14	13.789	17.640	26.19	33.50	199.6	1700	36	72.3	13.5	0.272	1.0	-0.22	2.74	1.00	0.00	0.16	111115
63	"09:42:28"	20180315	74	0	3.53	0.0366	215	1.3	2.51	27.98	6	1.42	1	2.84	28.05	27.98	28.55	400.22	388.09	13.790	17.637	26.19	33.50	199.6	1700	36	72.3	13.5	0.272	1.0	-0.22	2.74	1.00	0.00	0.16	111115
64	"09:42:29"	20180315	74	0	3.5	0.0366	216	1.3	2.52	27.98	6	1.42	1	2.84	28.05	27.98	28.55	400.17	388.14	13.790	17.637	26.19	33.50	199.6	1700	35	72.3	13.5	0.272	1.0	-0.22	2.74	1.00	0.00	0.16	111115
65	"09:42:30"	20180315	74	0	3.48	0.0366	217	1.3	2.52	27.98	6	1.42	1	2.84	28.06	27.98	28.55	400.08	388.10	13.791	17.639	26.19	33.50	199.6	1700	35	72.3	13.5	0.272	1.0	-0.22	2.74	1.00	0.00	0.16	111115
66	"09:42:31"	20180315	74	0	3.43	0.0366	219	1.3	2.52	27.99	6	1.42	1	2.84	28.06	27.99	28.55	399.97	388.14	13.792	17.637	26.19	33.49	199.6	1700	35	72.3	13.5	0.272	1.0	-0.22	2.74	1.00	0.00	0.16	111115
67	"09:42:32"	20180315	74	0	3.31	0.0365	224	1.3	2.52	28.00	6	1.42	1	2.84	28.06	28.00	28.55	399.68	388.20	13.792	17.635	26.19	33.49	199.6	1700	35	72.3	13.5	0.272	1.0	-0.22	2.74	1.00	0.00	0.16	111115
68	"09:42:33"	20180315	74	0	3.22	0.0365	228	1.3	2.52	28.01	6	1.42	1	2.84	28.06	28.01	28.55	399.39	388.21	13.791	17.634	26.18	33.48	199.7	1700	35	72.3	13.5	0.272	1.0	-0.22	2.74	1.00	0.00	0.16	111115
69	"09:42:34"	20180315	74	0	3.17	0.0364	230	1.3	2.53	28.02	6	1.42	1	2.84	28.06	28.02	28.55	399.24	388.19	13.792	17.634	26.18	33.48	199.7	1700	35	72.3	13.5	0.272	1.0	-0.22	2.74	1.00	0.00	0.16	111115
70	"09:42:35"	20180315	74	0	3.15	0.0364	230	1.3	2.53	28.03	6	1.42	1	2.84	28.06	28.03	28.55	399.18	388.19	13.790	17.634	26.18	33.48	199.7	1700	35	72.3	13.5	0.272	1.0	-0.22	2.74	1.00	0.00	0.16	111115
71	"09:42:36"	20180315	74	0	3.18	0.0364	229	1.3	2.53	28.03	6	1.42	1	2.84	28.06	28.03	28.54	399.19	388.13	13.791	17.636	26.18	33.48	199.7	1700	35	72.3	13.5	0.272	1.0	-0.22	2.74	1.00	0.00	0.16	111115
72	"09:42:36"	20180315	74	0	3.21	0.0364	228	1.3	2.53	28.03	6	1.42	1	2.84	28.06	28.03	28.54	399.21	388.04	13.792	17.635	26.18	33.48	199.7	1700	35	72.3	13.5	0.272	1.0	-0.22	2.74	1.00	0.00	0.16	111115
73	"09:42:37"	20180315	74	0	3.24	0.0364	226	1.3	2.53	28.03	6	1.42	1	2.84	28.06	28.03	28.53	399.24	387.98	13.793	17.636	26.18	33.48	199.7	1700	35	72.3	13.5	0.272	1.0	-0.22	2.74	1.00	0.00	0.16	111115
74	"09:42:38"	20180315	74	0	3.26	0.0364	226	1.3	2.53	28.03	6	1.42	1	2.84	28.06	28.03	28.53	399.23	387.93	13.793	17.635	26.18	33.47	199.6	1700	35	72.3	13.5	0.272	1.0	-0.22	2.74	1.00	0.00	0.16	111115
75	"09:42:39"	20180315	74	0	3.29	0.0364	224	1.3	2.53	28.03	6	1.42	1	2.84	28.06	28.03	28.53	399.25	387.85	13.793	17.637	26.18	33.48	199.7	1700	35	72.3	13.5	0.272	1.0	-0.22	2.74	1.00	0.00	0.16	111115
76	"09:42:40"	20180315	74	0	3.32	0.0364	222	1.3	2.53	28.03	6	1.42	1	2.84	28.06	28.03	28.52	399.28	387.77	13.792	17.636	26.18	33.48	199.7	1700	35	72.3	13.5	0.272	0.7	-0.22	2.74	1.00	0.00	0.16	111115
"09:49:17 Flow: Fixed -> 200 umol/s"
77	"09:50:01"	20180315	74	0	3.7	0.0353	200	1.32	2.64	28.86	6	1.42	1	2.84	28.43	28.86	28.55	399.95	387.28	14.806	18.704	27.51	34.75	199.6	1699	32	72.3	13.5	0.272	1.0	-0.22	2.74	1.00	0.00	0.16	111115
78	"09:50:02"	20180315	74	0	3.74	0.0353	198	1.32	2.64	28.86	6	1.42	1	2.84	28.43	28.86	28.55	400.02	387.25	14.806	18.703	27.51	34.75	199.6	1699	32	72.3	13.5	0.272	1.0	-0.22	2.74	1.00	0.00	0.16	111115
79	"09:50:03"	20180315	74	0	3.71	0.0353	200	1.32	2.64	28.86	6	1.42	1	2.84	28.43	28.86	28.55	400.01	387.31	14.805	18.703	27.50	34.75	199.6	1699	32	72.3	13.5	0.272	1.0	-0.22	2.74	1.00	0.00	0.16	111115
80	"09:50:03"	20180315	74	0	3.72	0.0353	199	1.32	2.64	28.87	6	1.42	1	2.84	28.43	28.87	28.55	400.03	387.31	14.806	18.700	27.50	34.74	199.6	1699	32	72.3	13.5	0.272	0.7	-0.22	2.74	1.00	0.00	0.16	111115
81	"09:50:04"	20180315	74	0	3.76	0.0353	197	1.32	2.64	28.87	6	1.42	1	2.84	28.44	28.87	28.55	400.07	387.23	14.806	18.702	27.50	34.74	199.6	1699	32	72.3	13.5	0.272	0.7	-0.22	2.74	1.00	0.00	0.16	111115
82	"09:50:05"	20180315	74	0	3.74	0.0353	198	1.32	2.64	28.87	6	1.42	1	2.84	28.44	28.87	28.55	400.05	387.26	14.806	18.701	27.50	34.74	199.6	1699	32	72.3	13.5	0.272	0.7	-0.22	2.74	1.00	0.00	0.16	111115
83	"09:50:06"	20180315	74	0	3.73	0.0353	199	1.32	2.64	28.87	6	1.42	1	2.84	28.43	28.87	28.55	400.03	387.29	14.806	18.704	27.50	34.74	199.6	1699	32	72.3	13.5	0.272	0.7	-0.22	2.74	1.00	0.00	0.16	111115
84	"09:50:07"	20180315	74	0	3.72	0.0353	199	1.32	2.64	28.87	6	1.42	1	2.84	28.44	28.87	28.56	400.00	387.26	14.807	18.704	27.50	34.74	199.6	1699	32	72.3	13.5	0.272	0.7	-0.22	2.74	1.00	0.00	0.16	111115
85	"09:50:08"	20180315	74	0	3.74	0.0353	199	1.32	2.64	28.87	6	1.42	1	2.84	28.44	28.87	28.56	400.04	387.27	14.807	18.708	27.50	34.75	199.6	1699	32	72.3	13.5	0.272	0.7	-0.22	2.74	1.00	0.00	0.16	111115
86	"09:50:09"	20180315	74	0	3.75	0.0353	198	1.32	2.64	28.87	6	1.42	1	2.84	28.44	28.87	28.56	400.04	387.24	14.808	18.706	27.50	34.75	199.6	1699	32	72.3	13.5	0.272	0.7	-0.22	2.74	1.00	0.00	0.16	111115
87	"09:50:09"	20180315	74	0	3.75	0.0354	198	1.32	2.64	28.87	6	1.42	1	2.84	28.44	28.87	28.57	400.01	387.20	14.807	18.711	27.50	34.75	199.6	1699	32	72.3	13.5	0.272	1.0	-0.22	2.74	1.00	0.00	0.16	111115
88	"09:50:10"	20180315	74	0	3.75	0.0354	198	1.32	2.64	28.87	6	1.42	1	2.84	28.44	28.87	28.57	400.00	387.20	14.806	18.711	27.50	34.75	199.6	1699	32	72.3	13.5	0.272	1.0	-0.22	2.74	1.00	0.00	0.16	111115
89	"09:50:11"	20180315	74	0	3.74	0.0354	198	1.32	2.64	28.87	6	1.42	1	2.84	28.44	28.87	28.57	400.01	387.22	14.804	18.712	27.49	34.75	199.6	1699	32	72.3	13.5	0.272	1.0	-0.22	2.74	1.00	0.00	0.16	111115
90	"09:50:12"	20180315	74	0	3.73	0.0354	199	1.33	2.64	28.87	6	1.42	1	2.84	28.44	28.87	28.57	399.99	387.23	14.803	18.711	27.49	34.74	199.6	1699	32	72.3	13.5	0.272	1.0	-0.22	2.74	1.00	0.00	0.16	111115
91	"09:50:13"	20180315	74	0	3.7	0.0354	201	1.33	2.64	28.87	6	1.42	1	2.84	28.44	28.87	28.57	399.96	387.30	14.803	18.714	27.49	34.75	199.6	1699	32	72.3	13.5	0.272	1.0	-0.22	2.74	1.00	0.00	0.16	111115
"09:50:38 Coolers: Tblock -> 33.50 C"
"09:56:50 Flow: Fixed -> 200 umol/s"
92	"09:57:20"	20180315	74	0	2.93	0.0323	221	1.45	3.13	31.99	6	1.42	1	2.84	32.77	31.99	33.54	400.12	389.61	18.540	22.785	26.88	33.03	199.6	1699	28	72.3	16	0.239	1.0	-0.22	2.74	1.00	0.00	0.16	111115
93	"09:57:21"	20180315	74	0	2.94	0.0323	220	1.45	3.13	32.00	6	1.42	1	2.84	32.77	32.00	33.54	400.15	389.60	18.542	22.789	26.88	33.04	199.6	1699	29	72.3	16	0.239	1.0	-0.22	2.74	1.00	0.00	0.16	111115
94	"09:57:21"	20180315	74	0	2.94	0.0323	220	1.45	3.13	32.00	6	1.42	1	2.84	32.77	32.00	33.54	400.15	389.60	18.542	22.789	26.88	33.04	199.6	1699	29	72.3	16	0.239	1.0	-0.22	2.74	1.00	0.00	0.16	111115
95	"09:57:22"	20180315	74	0	2.96	0.0323	219	1.45	3.13	32.00	6	1.42	1	2.84	32.77	32.00	33.54	400.16	389.56	18.541	22.790	26.88	33.04	199.6	1699	28	72.3	16	0.239	1.0	-0.22	2.74	1.00	0.00	0.16	111115
96	"09:57:22"	20180315	74	0	2.96	0.0323	220	1.45	3.13	32.00	6	1.42	1	2.84	32.77	32.00	33.54	400.16	389.56	18.542	22.794	26.88	33.04	199.6	1699	28	72.3	16	0.239	1.0	-0.22	2.74	1.00	0.00	0.16	111115
97	"09:57:23"	20180315	74	0	2.96	0.0324	220	1.45	3.13	32.00	6	1.42	1	2.84	32.77	32.00	33.54	400.14	389.54	18.542	22.796	26.88	33.05	199.6	1699	28	72.3	16	0.239	1.0	-0.22	2.74	1.00	0.00	0.16	111115
98	"09:57:23"	20180315	74	0	2.96	0.0324	220	1.45	3.13	32.00	6	1.42	1	2.84	32.77	32.00	33.54	400.14	389.53	18.542	22.796	26.88	33.05	199.6	1699	28	72.3	16	0.239	1.0	-0.22	2.74	1.00	0.00	0.16	111115
99	"09:57:24"	20180315	74	0	2.98	0.0323	219	1.45	3.13	32.00	6	1.42	1	2.84	32.77	32.00	33.54	400.15	389.50	18.543	22.793	26.88	33.04	199.6	1699	28	72.3	16	0.239	1.0	-0.22	2.74	1.00	0.00	0.16	111115
100	"09:57:24"	20180315	74	0	2.98	0.0323	219	1.45	3.13	32.00	6	1.42	1	2.84	32.77	32.00	33.54	400.15	389.50	18.543	22.793	26.88	33.04	199.6	1699	28	72.3	16	0.239	1.0	-0.22	2.74	1.00	0.00	0.16	111115
101	"09:57:25"	20180315	74	0	2.96	0.0324	220	1.45	3.13	32.00	6	1.42	1	2.84	32.77	32.00	33.54	400.12	389.54	18.542	22.795	26.88	33.04	199.6	1699	28	72.3	16	0.239	1.0	-0.22	2.74	1.00	0.00	0.16	111115
102	"09:57:25"	20180315	74	0	2.96	0.0324	220	1.45	3.13	32.00	6	1.42	1	2.84	32.77	32.00	33.54	400.11	389.52	18.541	22.796	26.87	33.04	199.6	1699	28	72.3	16	0.239	1.0	-0.22	2.74	1.00	0.00	0.16	111115
103	"09:57:26"	20180315	74	0	2.95	0.0323	220	1.45	3.13	32.00	6	1.42	1	2.84	32.77	32.00	33.54	400.12	389.56	18.542	22.794	26.87	33.04	199.6	1699	28	72.3	16	0.239	1.0	-0.22	2.74	1.00	0.00	0.16	111115
104	"09:57:26"	20180315	74	0	2.95	0.0323	220	1.45	3.13	32.00	6	1.42	1	2.84	32.77	32.00	33.54	400.11	389.56	18.541	22.789	26.87	33.03	199.6	1699	28	72.3	16	0.239	1.0	-0.22	2.74	1.00	0.00	0.16	111115
105	"09:57:27"	20180315	74	0	2.94	0.0323	220	1.45	3.13	32.01	6	1.42	1	2.84	32.77	32.01	33.54	400.12	389.58	18.542	22.788	26.87	33.03	199.6	1699	28	72.3	16	0.239	1.0	-0.22	2.74	1.00	0.00	0.16	111115
106	"09:57:27"	20180315	74	0	2.93	0.0323	221	1.45	3.13	32.01	6	1.42	1	2.84	32.78	32.01	33.54	400.10	389.60	18.542	22.790	26.87	33.03	199.6	1699	28	72.3	16	0.239	1.0	-0.22	2.74	1.00	0.00	0.16	111115
"09:57:57 Coolers: Tblock -> 38.50 C"
"10:02:07 Flow: Fixed -> 200 umol/s"
107	"10:02:59"	20180315	74	0	2.8	0.0299	214	1.52	3.51	35.06	6	1.42	1	2.84	37.20	35.06	38.54	400.03	389.83	25.426	29.849	28.84	33.86	199.6	1699	27	72.3	17.4	0.104	1.0	-0.22	2.74	1.00	0.00	0.16	111115
108	"10:03:00"	20180315	74	0	2.79	0.0299	214	1.52	3.51	35.06	6	1.42	1	2.84	37.20	35.06	38.54	400.00	389.84	25.426	29.852	28.84	33.86	199.6	1699	27	72.3	17.4	0.104	1.0	-0.22	2.74	1.00	0.00	0.16	111115
109	"10:03:00"	20180315	74	0	2.79	0.0299	214	1.52	3.51	35.06	6	1.42	1	2.84	37.20	35.06	38.54	399.99	389.81	25.427	29.857	28.84	33.86	199.6	1699	27	72.3	17.4	0.104	1.0	-0.22	2.74	1.00	0.00	0.16	111115
110	"10:03:01"	20180315	74	0	2.79	0.03	214	1.52	3.51	35.06	6	1.42	1	2.84	37.20	35.06	38.54	399.98	389.81	25.427	29.861	28.84	33.87	199.6	1699	27	72.3	17.4	0.104	1.0	-0.22	2.74	1.00	0.00	0.16	111115
111	"10:03:01"	20180315	74	0	2.77	0.0299	215	1.52	3.51	35.06	6	1.42	1	2.84	37.20	35.06	38.54	399.96	389.84	25.428	29.862	28.84	33.87	199.6	1699	27	72.3	17.4	0.104	1.0	-0.22	2.74	1.00	0.00	0.16	111115
112	"10:03:02"	20180315	74	0	2.77	0.0299	215	1.52	3.51	35.06	6	1.42	1	2.84	37.20	35.06	38.54	399.96	389.84	25.428	29.862	28.84	33.87	199.6	1699	27	72.3	17.4	0.104	1.0	-0.22	2.74	1.00	0.00	0.16	111115
113	"10:03:02"	20180315	74	0	2.78	0.0299	215	1.52	3.51	35.06	6	1.42	1	2.84	37.20	35.06	38.54	400.00	389.86	25.430	29.858	28.84	33.86	199.6	1699	27	72.3	17.4	0.104	1.0	-0.22	2.74	1.00	0.00	0.16	111115
114	"10:03:03"	20180315	74	0	2.8	0.0299	214	1.52	3.51	35.06	6	1.42	1	2.84	37.20	35.06	38.54	400.02	389.82	25.432	29.857	28.84	33.86	199.6	1699	27	72.3	17.4	0.104	1.0	-0.22	2.74	1.00	0.00	0.16	111115
115	"10:03:03"	20180315	74	0	2.82	0.0299	213	1.52	3.51	35.06	6	1.42	1	2.84	37.21	35.06	38.54	400.05	389.81	25.433	29.855	28.84	33.85	199.6	1699	27	72.3	17.4	0.104	1.0	-0.22	2.74	1.00	0.00	0.16	111115
116	"10:03:04"	20180315	74	0	2.83	0.0299	212	1.52	3.51	35.06	6	1.42	1	2.84	37.21	35.06	38.54	400.08	389.81	25.432	29.855	28.84	33.85	199.6	1699	27	72.3	17.4	0.104	1.0	-0.22	2.74	1.00	0.00	0.16	111115
117	"10:03:04"	20180315	74	0	2.84	0.0299	212	1.52	3.51	35.06	6	1.42	1	2.84	37.21	35.06	38.54	400.11	389.80	25.432	29.855	28.84	33.85	199.6	1699	27	72.3	17.4	0.104	1.0	-0.22	2.74	1.00	0.00	0.16	111115
118	"10:03:05"	20180315	74	0	2.84	0.0299	212	1.52	3.51	35.06	6	1.42	1	2.84	37.21	35.06	38.54	400.12	389.82	25.433	29.855	28.84	33.85	199.6	1699	27	72.3	17.4	0.104	1.0	-0.22	2.74	1.00	0.00	0.16	111115
119	"10:03:05"	20180315	74	0	2.84	0.0299	212	1.52	3.51	35.06	6	1.42	1	2.84	37.21	35.06	38.54	400.12	389.82	25.433	29.855	28.84	33.85	199.6	1699	27	72.3	17.4	0.104	1.0	-0.22	2.74	1.00	0.00	0.16	111115
120	"10:03:06"	20180315	74	0	2.85	0.0299	211	1.52	3.51	35.06	6	1.42	1	2.84	37.21	35.06	38.53	400.14	389.81	25.432	29.852	28.84	33.85	199.6	1699	27	72.3	17.4	0.104	1.0	-0.22	2.74	1.00	0.00	0.16	111115
121	"10:03:06"	20180315	74	0	2.86	0.0299	210	1.52	3.51	35.06	6	1.42	1	2.84	37.21	35.06	38.53	400.14	389.76	25.432	29.855	28.83	33.85	199.6	1699	28	72.3	17.4	0.104	1.0	-0.22	2.74	1.00	0.00	0.16	111115
"10:03:44 Coolers: Tblock -> 43.50 C"
"10:07:02 Flow: Fixed -> 200 umol/s"
122	"10:07:15"	20180315	74	0	2.69	0.0304	217	1.86	4.21	37.71	6	1.42	1	2.84	41.48	37.71	43.53	399.97	389.71	26.979	32.400	24.33	29.22	199.7	1699	28	72.31	17.4	0.104	1.0	-0.22	2.74	1.00	0.00	0.16	111115
123	"10:07:16"	20180315	74	0	2.68	0.0304	217	1.86	4.21	37.71	6	1.42	1	2.84	41.48	37.71	43.53	399.89	389.67	26.980	32.399	24.33	29.21	199.7	1699	28	72.31	17.4	0.104	1.0	-0.22	2.74	1.00	0.00	0.16	111115
124	"10:07:17"	20180315	74	0	2.67	0.0304	218	1.86	4.21	37.71	6	1.42	1	2.84	41.48	37.71	43.53	399.87	389.66	26.980	32.400	24.32	29.21	199.7	1699	28	72.31	17.4	0.104	1.0	-0.22	2.74	1.00	0.00	0.16	111115
125	"10:07:17"	20180315	74	0	2.68	0.0304	217	1.86	4.21	37.70	6	1.42	1	2.84	41.48	37.70	43.53	399.83	389.60	26.980	32.402	24.32	29.21	199.7	1699	28	72.3	17.4	0.104	1.0	-0.22	2.74	1.00	0.00	0.16	111115
126	"10:07:18"	20180315	74	0	2.65	0.0304	219	1.87	4.21	37.70	6	1.42	1	2.84	41.48	37.70	43.53	399.75	389.60	26.980	32.405	24.32	29.21	199.7	1699	28	72.3	17.4	0.104	1.0	-0.22	2.74	1.00	0.00	0.16	111115
127	"10:07:19"	20180315	74	0	2.62	0.0304	221	1.87	4.21	37.71	6	1.42	1	2.84	41.48	37.71	43.53	399.66	389.61	26.978	32.407	24.32	29.21	199.7	1699	28	72.3	17.4	0.104	1.0	-0.22	2.74	1.00	0.00	0.16	111115
128	"10:07:19"	20180315	74	0	2.58	0.0304	222	1.87	4.21	37.72	6	1.42	1	2.84	41.48	37.72	43.53	399.56	389.63	26.980	32.409	24.32	29.21	199.7	1699	28	72.3	17.4	0.104	1.0	-0.22	2.74	1.00	0.00	0.16	111115
129	"10:07:20"	20180315	74	0	2.55	0.0304	224	1.87	4.21	37.72	6	1.42	1	2.84	41.48	37.72	43.53	399.51	389.66	26.979	32.409	24.32	29.21	199.7	1699	28	72.3	17.4	0.104	1.0	-0.22	2.74	1.00	0.00	0.16	111115
130	"10:07:20"	20180315	74	0	2.54	0.0304	224	1.87	4.21	37.72	6	1.42	1	2.84	41.49	37.72	43.53	399.46	389.63	26.980	32.411	24.32	29.21	199.7	1699	28	72.3	17.4	0.104	1.0	-0.22	2.74	1.00	0.00	0.16	111115
131	"10:07:21"	20180315	74	0	2.54	0.0304	224	1.87	4.21	37.72	6	1.42	1	2.84	41.49	37.72	43.53	399.42	389.60	26.979	32.408	24.31	29.21	199.7	1699	28	72.3	17.4	0.104	1.0	-0.22	2.74	1.00	0.00	0.16	111115
132	"10:07:22"	20180315	74	0	2.53	0.0304	225	1.87	4.21	37.72	6	1.42	1	2.84	41.49	37.72	43.53	399.39	389.61	26.979	32.408	24.31	29.21	199.7	1699	28	72.3	17.4	0.104	1.0	-0.22	2.74	1.00	0.00	0.16	111115
133	"10:07:22"	20180315	74	0	2.49	0.0304	227	1.87	4.21	37.72	6	1.42	1	2.84	41.49	37.72	43.53	399.32	389.65	26.983	32.412	24.31	29.21	199.6	1699	28	72.3	17.4	0.104	1.0	-0.22	2.74	1.00	0.00	0.16	111115
134	"10:07:23"	20180315	74	0	2.48	0.0304	227	1.87	4.21	37.72	6	1.42	1	2.84	41.49	37.72	43.53	399.27	389.63	26.982	32.413	24.31	29.21	199.6	1699	28	72.3	17.4	0.104	1.0	-0.22	2.74	1.00	0.00	0.16	111115
135	"10:07:23"	20180315	74	0	2.48	0.0304	227	1.87	4.21	37.72	6	1.42	1	2.84	41.49	37.72	43.53	399.26	389.62	26.983	32.418	24.31	29.21	199.6	1699	28	72.3	17.4	0.104	1.0	-0.22	2.74	1.00	0.00	0.16	111115
136	"10:07:24"	20180315	74	0	2.53	0.0305	225	1.87	4.21	37.71	6	1.42	1	2.84	41.49	37.71	43.53	399.31	389.51	26.986	32.420	24.31	29.21	199.6	1699	28	72.3	17.4	0.104	1.0	-0.22	2.74	1.00	0.00	0.16	111115
"10:07:54 Coolers: Tblock -> 48.50 C"
"10:11:29 Flow: Fixed -> 200 umol/s"
137	"10:12:53"	20180315	74	0	2.09	0.0292	236	2.29	5.33	40.87	6	1.42	1	2.84	46.01	40.87	48.43	400.33	391.35	27.001	33.654	19.23	23.97	199.7	1699	28	72.3	19.9	-0.0169	1.0	-0.22	2.74	1.00	0.00	0.16	111115
138	"10:12:53"	20180315	74	0	2.09	0.0292	236	2.29	5.33	40.87	6	1.42	1	2.84	46.01	40.87	48.43	400.30	391.34	27.001	33.652	19.23	23.97	199.7	1699	29	72.3	19.9	-0.0169	1.0	-0.22	2.74	1.00	0.00	0.16	111115
139	"10:12:54"	20180315	74	0	2.1	0.0292	235	2.29	5.33	40.87	6	1.42	1	2.84	46.01	40.87	48.42	400.32	391.32	27.000	33.650	19.23	23.97	199.7	1699	29	72.3	19.9	-0.0169	1.0	-0.22	2.74	1.00	0.00	0.16	111115
140	"10:12:54"	20180315	74	0	2.1	0.0292	235	2.29	5.33	40.87	6	1.42	1	2.84	46.01	40.87	48.42	400.32	391.32	27.000	33.650	19.23	23.97	199.7	1699	29	72.3	19.9	-0.0169	1.0	-0.22	2.74	1.00	0.00	0.16	111115
141	"10:12:55"	20180315	74	0	2.08	0.0292	236	2.29	5.33	40.87	6	1.42	1	2.84	46.01	40.87	48.42	400.29	391.34	27.002	33.649	19.23	23.97	199.7	1699	29	72.3	19.9	-0.0169	1.0	-0.22	2.74	1.00	0.00	0.16	111115
142	"10:12:55"	20180315	74	0	2.09	0.0292	236	2.29	5.33	40.86	6	1.42	1	2.84	46.01	40.86	48.42	400.27	391.30	27.004	33.651	19.23	23.97	199.7	1699	29	72.3	19.9	-0.0169	1.0	-0.22	2.74	1.00	0.00	0.16	111115
143	"10:12:56"	20180315	74	0	2.07	0.0291	237	2.29	5.33	40.88	6	1.42	1	2.84	46.01	40.88	48.41	400.21	391.31	27.006	33.653	19.24	23.97	199.7	1699	29	72.3	19.9	-0.0169	1.0	-0.22	2.74	1.00	0.00	0.16	111115
144	"10:12:56"	20180315	74	0	2.06	0.0291	237	2.29	5.35	40.90	6	1.42	1	2.84	46.01	40.90	48.40	400.20	391.31	27.006	33.653	19.24	23.97	199.7	1699	29	72.3	19.9	-0.0169	1.0	-0.22	2.74	1.00	0.00	0.16	111115
145	"10:12:57"	20180315	74	0	2.04	0.0291	238	2.29	5.35	40.92	6	1.42	1	2.84	46.00	40.92	48.40	400.15	391.33	27.004	33.656	19.24	23.98	199.7	1699	29	72.3	19.9	-0.0169	1.0	-0.22	2.74	1.00	0.00	0.16	111115
146	"10:12:57"	20180315	74	0	2.04	0.029	238	2.29	5.36	40.94	6	1.42	1	2.84	46.00	40.94	48.39	400.12	391.30	27.007	33.663	19.24	23.98	199.7	1699	29	72.3	19.9	-0.0169	1.0	-0.22	2.74	1.00	0.00	0.16	111115
147	"10:12:58"	20180315	74	0	2.04	0.029	238	2.29	5.36	40.94	6	1.42	1	2.84	46.00	40.94	48.39	400.12	391.30	27.007	33.663	19.24	23.98	199.7	1699	29	72.3	19.9	-0.0169	1.0	-0.22	2.74	1.00	0.00	0.16	111115
148	"10:12:58"	20180315	74	0	2.01	0.029	239	2.29	5.37	40.97	6	1.42	1	2.84	46.00	40.97	48.38	400.04	391.31	27.006	33.664	19.24	23.99	199.7	1699	29	72.3	19.9	-0.0169	1.0	-0.22	2.74	1.00	0.00	0.16	111115
149	"10:12:59"	20180315	74	0	2.01	0.0289	239	2.29	5.38	40.98	6	1.42	1	2.84	46.00	40.98	48.38	400.03	391.31	27.006	33.665	19.25	23.99	199.7	1699	29	72.3	19.9	-0.0169	1.0	-0.22	2.74	1.00	0.00	0.16	111115
150	"10:12:59"	20180315	74	0	1.98	0.0289	240	2.29	5.38	40.98	6	1.42	1	2.84	46.00	40.98	48.37	399.97	391.32	27.008	33.666	19.25	23.99	199.7	1699	29	72.3	19.9	-0.0169	1.0	-0.22	2.74	1.00	0.00	0.16	111115
151	"10:13:00"	20180315	74	0	1.97	0.029	241	2.29	5.37	40.97	6	1.42	1	2.84	45.99	40.97	48.37	399.90	391.28	27.010	33.666	19.25	24.00	199.7	1699	29	72.3	19.9	-0.0169	1.0	-0.22	2.74	1.00	0.00	0.16	111115
"10:13:13 Coolers: Tblock -> 50.00 C"
"10:20:28 Flow: Fixed -> 200 umol/s"
152	"10:21:09"	20180315	74	0	2.04	0.0276	228	2.43	5.94	42.40	6	1.42	1	2.84	47.42	42.40	49.73	400.22	391.23	27.171	34.228	18.01	22.68	199.7	1699	29	72.29	19.9	-0.0169	1.0	-0.22	2.74	1.00	0.00	0.16	111115
153	"10:21:09"	20180315	74	0	2.03	0.0276	229	2.43	5.94	42.40	6	1.42	1	2.84	47.42	42.40	49.73	400.20	391.23	27.172	34.227	18.01	22.68	199.7	1699	29	72.29	19.9	-0.0169	1.0	-0.22	2.74	1.00	0.00	0.16	111115
154	"10:21:10"	20180315	74	0	2.03	0.0276	229	2.43	5.94	42.39	6	1.42	1	2.84	47.42	42.39	49.73	400.23	391.28	27.173	34.230	18.01	22.68	199.7	1699	29	72.3	19.9	-0.0169	1.0	-0.22	2.74	1.00	0.00	0.16	111115
155	"10:21:10"	20180315	74	0	2.01	0.0276	230	2.43	5.94	42.39	6	1.42	1	2.84	47.42	42.39	49.73	400.23	391.33	27.173	34.227	18.01	22.68	199.7	1699	29	72.29	19.9	-0.0169	1.0	-0.22	2.74	1.00	0.00	0.16	111115
156	"10:21:11"	20180315	74	0	2.02	0.0276	229	2.43	5.95	42.41	6	1.42	1	2.84	47.42	42.41	49.73	400.25	391.34	27.174	34.223	18.01	22.68	199.7	1699	29	72.29	19.9	-0.0169	1.0	-0.22	2.74	1.00	0.00	0.16	111115
157	"10:21:11"	20180315	74	0	2.02	0.0275	229	2.43	5.95	42.42	6	1.42	1	2.84	47.42	42.42	49.73	400.27	391.35	27.175	34.222	18.01	22.68	199.7	1699	29	72.29	19.9	-0.0169	1.0	-0.22	2.74	1.00	0.00	0.16	111115
158	"10:21:12"	20180315	74	0	2.03	0.0275	228	2.43	5.95	42.42	6	1.42	1	2.84	47.42	42.42	49.73	400.31	391.35	27.176	34.221	18.01	22.68	199.7	1699	29	72.29	19.9	-0.0169	1.0	-0.22	2.74	1.00	0.00	0.16	111115
159	"10:21:12"	20180315	74	0	2.02	0.0275	229	2.43	5.96	42.43	6	1.42	1	2.84	47.42	42.43	49.73	400.31	391.38	27.177	34.222	18.01	22.68	199.7	1699	29	72.3	19.9	-0.0169	0.7	-0.22	2.74	1.00	0.00	0.16	111115
160	"10:21:13"	20180315	74	0	1.99	0.0275	230	2.43	5.96	42.45	6	1.42	1	2.84	47.42	42.45	49.73	400.27	391.42	27.177	34.220	18.01	22.68	199.8	1699	29	72.3	19.9	-0.0169	0.7	-0.22	2.74	1.00	0.00	0.16	111115
161	"10:21:14"	20180315	74	0	1.99	0.0274	230	2.43	5.97	42.45	6	1.42	1	2.84	47.42	42.45	49.73	400.29	391.45	27.177	34.218	18.01	22.68	199.8	1699	29	72.29	19.9	-0.0169	0.7	-0.22	2.74	1.00	0.00	0.16	111115
162	"10:21:15"	20180315	74	0	1.95	0.0275	233	2.43	5.96	42.44	6	1.42	1	2.84	47.42	42.44	49.73	400.28	391.58	27.176	34.217	18.01	22.67	199.7	1699	29	72.3	19.9	-0.0169	0.7	-0.22	2.74	1.00	0.00	0.16	111115
163	"10:21:15"	20180315	74	0	1.92	0.0275	235	2.43	5.95	42.42	6	1.42	1	2.84	47.42	42.42	49.73	400.26	391.64	27.176	34.221	18.01	22.68	199.7	1699	29	72.3	19.9	-0.0169	0.7	-0.22	2.74	1.00	0.00	0.16	111115
164	"10:21:16"	20180315	74	0	1.89	0.0276	236	2.43	5.95	42.40	6	1.42	1	2.84	47.42	42.40	49.73	400.23	391.68	27.178	34.222	18.01	22.68	199.7	1699	29	72.3	19.9	-0.0169	0.7	-0.22	2.74	1.00	0.00	0.16	111115
165	"10:21:16"	20180315	74	0	1.89	0.0276	237	2.43	5.94	42.38	6	1.42	1	2.84	47.42	42.38	49.73	400.21	391.67	27.177	34.221	18.01	22.68	199.7	1699	29	72.29	19.9	-0.0169	0.7	-0.22	2.74	1.00	0.00	0.16	111115
166	"10:21:17"	20180315	74	0	1.89	0.0276	237	2.43	5.93	42.38	6	1.42	1	2.84	47.42	42.38	49.73	400.24	391.71	27.180	34.223	18.01	22.68	199.7	1699	29	72.29	19.9	-0.0169	0.7	-0.22	2.74	1.00	0.00	0.16	111115
