"OPEN 6.3.4"
"Fri Mar 16 2018 17:36:46"
<open><version>"6.3.4"</version></open>
<open><configfile>"/User/Configs/UserPrefs/LED2x3.xml"</configfile></open>
<open><light><source>"6400-02 or -02B LED Source"</source><par_in>1<sensor>"SI-2503"<cal>-0.86<actinity>1.00</actinity><transm>1.00</transm></cal></sensor><transm>1</transm></par_in><par_out>1<sensor>"Q40491"<cal>6.5</cal></sensor></par_out></light></open>
<open><comps><file>"/User/Configs/Comps/StdComps_6.1"<header>""</header><extras></extras></file><energybal>no<f_parIn>1</f_parIn><f_parOut>0</f_parOut><alphaK>0.16</alphaK></energybal><bc_total>2.840<stomatal_ratio>1</stomatal_ratio><bc_oneside>1.420<type>2</type><table>"/Sys/Lib/StdBLCTable"</table><area>6</area><slope>-0.219565</slope><offset>2.73739</offset><fan>5</fan></bc_oneside></bc_total></comps></open>
<open><prompts><onlog>off</onlog><items>"Default (none)"</items></prompts></open>
<open><constants><oxygen>21 %</oxygen><bb_vapor>1.5</bb_vapor><bb_oxy>0.9</bb_oxy></constants></open>
<open><stability><items>"Std Stability"<items[1]><id>-2</id><size>15</size><pcv><onoff>0</onoff><value>1</value></pcv><std><onoff>0</onoff><value>1</value></std><slp><onoff>1</onoff><value>1</value></slp></items[1]><items[2]><id>-5</id><size>15</size><pcv><onoff>0</onoff><value>1</value></pcv><std><onoff>0</onoff><value>1</value></std><slp><onoff>1</onoff><value>1</value></slp></items[2]><items[3]><id>-7</id><size>15</size><pcv><onoff>0</onoff><value>1</value></pcv><std><onoff>0</onoff><value>1</value></std><slp><onoff>1</onoff><value>1</value></slp></items[3]></items></stability></open>
<open><log><format>"StdLogFmt_6.0"<items>{ -35 -21 -70 -69 -76 30 23 36 21 25 221 -33 111 -34 11 -9 -10 -8 -1 -2 -4 -5 -14 -15 -7 -12 -13 -11 -65 -66 -72 -18 -19 -77 -78 -79 -23  }<hdr>{  }</hdr></items></format><options><beep>on</beep><match>"never"<time>30</time><co2>100</co2><delta>10</delta></match><hdr>normal</hdr><rem>normal</rem><stab>no</stab><stats>no<mean>no</mean><file>no</file><period>15</period></stats><excel>yes</excel><controls>yes</controls><comm>no</comm></options><datafile>"/User/031618-LH-EOT2012"</datafile><button><action>"Normal Log"<code>" LogOneObsManual "</code></action></button><autoprog>"/User/Configs/AutoProgs/AutoLog2"<active>no</active></autoprog></log></open>
<open><a2d><avgtime>4.0 secs</avgtime><userchans><ch20>"Off"</ch20><ch21>"Off"</ch21><ch22>"Off"</ch22><ch23>"Off"</ch23></userchans></a2d></open>
<open><matching><type>0</type><disp>'a'</disp><settings>><CO2Limit>10.0</CO2Limit><H2OLimit>1.0</H2OLimit><MaxAutoTime>60</MaxAutoTime><AverageTime>10</AverageTime></settings></matching></open>
<li6400><factory><unit>"PSC-2470"</unit><serviced>"5 Feb 2018"</serviced><fuseaware>0</fuseaware><co2mixer>yes</co2mixer><co2><coeffs>{ 0 0.214772 2.55802e-05 1.93228e-08 -3.02262e-12 2.75724e-16  }</coeffs><dvdt>-4</dvdt><xs>{ 9.11e-05 0.00178  }</xs></co2><h2o><coeffs>{ 0 0.00581526 2.16703e-06 7.69607e-12  }</coeffs><dvdt>-2.9</dvdt><xs>{ -0.000111 -0.00256  }</xs></h2o><flow>{ 0 0.3696  }</flow><press>{ 86.913 0.00551  }</press></factory></li6400>
<li6400><user><flow_zero>-3.5</flow_zero><irga_zero><co2>113.5 152.5<at>27.1329</at></co2><h2o>-3.5 -3.5<at>28.1091</at></h2o></irga_zero><irga_span><co2>{ 0.990134 0.992694  }</co2><h2o>{ 0.996743 0.99801  }</h2o></irga_span><irga_match><co2>{ 0.110267 12.6057  }</co2><h2o>{ -0.0816591 0.303208  }</h2o></irga_match><co2_mixer><pump_mv>4500</pump_mv><ppm>{ 2352.67 1117.67 439.284 266.3 121.188 70.6751 48.8233 48.8102  }</ppm><mv>{ 5000 3000 1500 1000 500 300 200 100  }</mv></co2_mixer><parin_offset>-0.211894</parin_offset><led_cal><unit>"SI-2503"</unit><mv>{ 10 25 50 100 1000 2000 3000 4000 5000  }</mv><qntm>{ 1.83047 9.20354 23.3042 57.5395 736.221 1467.2 2160.1 2821.48 3447.04  }</qntm></led_cal><lcf_cal><unit>"LCF-0981"</unit><red><mv>{ 50 100 200 400 800 1500  }</mv><qntm>{ 64.6036 145.758 312.409 661.73 1377.94 2641.23  }</qntm></red><blue><mv>{ 100 500 1000 2000 3000 4000 5000  }</mv><qntm>{ 11.107 44.4539 81.9578 145.168 203.372 256.093 300.56  }</qntm></blue></lcf_cal></user></li6400>
"17:36:48 "
$STARTOFDATA$
"Obs"	"HHMMSS"	"YYYYMMDD"	"DOY"	"EBal?"	"Photo"	"Cond"	"Ci"	"Trmmol"	"VpdL"	"CTleaf"	"Area"	"BLC_1"	"StmRat"	"BLCond"	"Tair"	"Tleaf"	"TBlk"	"CO2R"	"CO2S"	"H2OR"	"H2OS"	"RH_R"	"RH_S"	"Flow"	"PARi"	"PARo"	"Press"	"CsMch"	"HsMch"	"StableF"	"BLCslope"	"BLCoffst"	"f_parin"	"f_parout"	"alphaK"	"Status"
1	"17:37:03"	20180316	75	0	4.17	0.0826	297	1.61	1.42	16.68	6	1.42	1	2.84	10.46	16.68	8.13	400.52	390.92	3.576	6.769	20.27	38.36	300.0	1700	1	72.03	12.6	0.303	1.0	-0.22	2.74	1.00	0.00	0.16	111115
2	"17:37:04"	20180316	75	0	4.18	0.0826	297	1.61	1.42	16.67	6	1.42	1	2.84	10.46	16.67	8.13	400.51	390.90	3.577	6.769	20.27	38.36	300.0	1700	1	72.03	12.6	0.303	1.0	-0.22	2.74	1.00	0.00	0.16	111115
3	"17:37:05"	20180316	75	0	4.18	0.0828	297	1.61	1.42	16.66	6	1.42	1	2.84	10.46	16.66	8.13	400.52	390.90	3.577	6.770	20.28	38.37	300.0	1700	1	72.03	12.6	0.303	0.7	-0.22	2.74	1.00	0.00	0.16	111115
4	"17:37:05"	20180316	75	0	4.19	0.0827	297	1.61	1.42	16.66	6	1.42	1	2.84	10.46	16.66	8.12	400.54	390.91	3.577	6.770	20.28	38.38	300.0	1700	1	72.03	12.6	0.303	0.7	-0.22	2.74	1.00	0.00	0.16	111115
5	"17:37:06"	20180316	75	0	4.19	0.0827	297	1.61	1.42	16.66	6	1.42	1	2.84	10.45	16.66	8.12	400.54	390.90	3.577	6.769	20.28	38.37	300.0	1700	1	72.03	12.6	0.303	0.7	-0.22	2.74	1.00	0.00	0.16	111115
6	"17:37:07"	20180316	75	0	4.21	0.0826	296	1.61	1.42	16.68	6	1.42	1	2.84	10.45	16.68	8.12	400.59	390.90	3.576	6.769	20.27	38.38	300.0	1700	1	72.03	12.6	0.303	0.7	-0.22	2.74	1.00	0.00	0.16	111115
7	"17:37:07"	20180316	75	0	4.18	0.0825	297	1.61	1.42	16.69	6	1.42	1	2.84	10.45	16.69	8.12	400.58	390.97	3.576	6.767	20.27	38.37	300.0	1700	1	72.03	12.6	0.303	0.7	-0.22	2.74	1.00	0.00	0.16	111115
8	"17:37:08"	20180316	75	0	4.16	0.0826	297	1.61	1.42	16.69	6	1.42	1	2.84	10.45	16.69	8.12	400.59	391.02	3.576	6.769	20.27	38.38	300.0	1700	1	72.03	12.6	0.303	0.7	-0.22	2.74	1.00	0.00	0.16	111115
9	"17:37:09"	20180316	75	0	4.1	0.0826	299	1.61	1.42	16.69	6	1.42	1	2.84	10.45	16.69	8.11	400.55	391.09	3.576	6.770	20.27	38.39	300.0	1700	1	72.03	12.6	0.303	0.7	-0.22	2.74	1.00	0.00	0.16	111115
10	"17:37:09"	20180316	75	0	4.07	0.0826	299	1.61	1.42	16.69	6	1.42	1	2.84	10.45	16.69	8.11	400.51	391.12	3.576	6.770	20.28	38.39	300.0	1700	1	72.03	12.6	0.303	0.7	-0.22	2.74	1.00	0.00	0.16	111115
11	"17:37:10"	20180316	75	0	4.01	0.0825	300	1.61	1.42	16.70	6	1.42	1	2.84	10.45	16.70	8.11	400.37	391.08	3.577	6.768	20.28	38.38	300.0	1700	1	72.03	12.6	0.303	0.7	-0.22	2.74	1.00	0.00	0.16	111115
12	"17:37:11"	20180316	75	0	3.97	0.0826	301	1.61	1.42	16.69	6	1.42	1	2.84	10.45	16.69	8.11	400.27	391.08	3.577	6.770	20.29	38.39	300.0	1700	1	72.03	12.6	0.303	0.7	-0.22	2.74	1.00	0.00	0.16	111115
13	"17:37:11"	20180316	75	0	3.94	0.0826	302	1.61	1.42	16.68	6	1.42	1	2.84	10.45	16.68	8.11	400.22	391.08	3.577	6.769	20.29	38.39	300.0	1700	1	72.03	12.6	0.303	0.7	-0.22	2.74	1.00	0.00	0.16	111115
14	"17:37:12"	20180316	75	0	3.92	0.0826	302	1.61	1.42	16.68	6	1.42	1	2.84	10.45	16.68	8.11	400.10	391.00	3.577	6.769	20.29	38.39	300.0	1700	1	72.03	12.6	0.303	0.7	-0.22	2.74	1.00	0.00	0.16	111115
15	"17:37:12"	20180316	75	0	3.93	0.0826	302	1.61	1.42	16.68	6	1.42	1	2.84	10.45	16.68	8.10	400.08	390.97	3.577	6.767	20.29	38.39	300.0	1700	1	72.03	12.6	0.303	0.7	-0.22	2.74	1.00	0.00	0.16	111115
"17:37:48 Coolers: Tblock -> 13.00 C"
"17:40:41 Flow: Fixed -> 300 umol/s"
"17:40:55 Flow: Fixed -> 300 umol/s"
16	"17:41:04"	20180316	75	0	4.13	0.0781	292	1.68	1.56	18.70	6	1.42	1	2.84	14.33	18.70	13.07	400.31	390.73	5.014	8.348	22.04	36.69	300.0	1700	1	72.03	12.6	0.303	1.0	-0.22	2.74	1.00	0.00	0.16	111115
17	"17:41:04"	20180316	75	0	4.12	0.0781	292	1.68	1.56	18.69	6	1.42	1	2.84	14.33	18.69	13.07	400.31	390.76	5.014	8.346	22.03	36.68	300.0	1700	1	72.03	12.6	0.303	1.0	-0.22	2.74	1.00	0.00	0.16	111115
18	"17:41:05"	20180316	75	0	4.11	0.078	292	1.68	1.56	18.69	6	1.42	1	2.84	14.33	18.69	13.07	400.33	390.79	5.015	8.344	22.04	36.67	300.0	1700	1	72.03	12.6	0.303	1.0	-0.22	2.74	1.00	0.00	0.16	111115
19	"17:41:06"	20180316	75	0	4.14	0.0779	292	1.68	1.56	18.70	6	1.42	1	2.84	14.33	18.70	13.07	400.36	390.76	5.016	8.343	22.04	36.66	300.0	1700	1	72.03	12.6	0.303	1.0	-0.22	2.74	1.00	0.00	0.16	111115
20	"17:41:06"	20180316	75	0	4.15	0.0779	292	1.68	1.56	18.70	6	1.42	1	2.84	14.33	18.70	13.07	400.34	390.74	5.016	8.344	22.04	36.66	300.0	1700	1	72.03	12.6	0.303	1.0	-0.22	2.74	1.00	0.00	0.16	111115
21	"17:41:07"	20180316	75	0	4.16	0.0779	291	1.68	1.56	18.71	6	1.42	1	2.84	14.33	18.71	13.07	400.34	390.71	5.016	8.345	22.04	36.67	300.0	1700	1	72.03	12.6	0.303	1.0	-0.22	2.74	1.00	0.00	0.16	111115
22	"17:41:07"	20180316	75	0	4.15	0.0779	292	1.68	1.56	18.71	6	1.42	1	2.84	14.33	18.71	13.07	400.33	390.72	5.016	8.346	22.04	36.67	300.0	1700	1	72.03	12.6	0.303	1.0	-0.22	2.74	1.00	0.00	0.16	111115
23	"17:41:08"	20180316	75	0	4.12	0.0779	292	1.68	1.56	18.71	6	1.42	1	2.84	14.33	18.71	13.07	400.33	390.78	5.016	8.347	22.04	36.67	300.0	1700	1	72.03	12.6	0.303	1.0	-0.22	2.74	1.00	0.00	0.16	111115
24	"17:41:08"	20180316	75	0	4.12	0.0779	292	1.68	1.56	18.71	6	1.42	1	2.84	14.34	18.71	13.07	400.33	390.78	5.016	8.346	22.04	36.67	300.0	1700	1	72.03	12.6	0.303	1.0	-0.22	2.74	1.00	0.00	0.16	111115
25	"17:41:09"	20180316	75	0	4.15	0.0779	291	1.68	1.57	18.72	6	1.42	1	2.84	14.34	18.72	13.07	400.32	390.71	5.016	8.351	22.03	36.68	300.0	1700	1	72.03	12.6	0.303	1.0	-0.22	2.74	1.00	0.00	0.16	111115
26	"17:41:10"	20180316	75	0	4.11	0.078	292	1.68	1.56	18.71	6	1.42	1	2.84	14.34	18.71	13.07	400.28	390.75	5.016	8.351	22.03	36.68	300.0	1700	1	72.03	12.6	0.303	1.0	-0.22	2.74	1.00	0.00	0.16	111115
27	"17:41:10"	20180316	75	0	4.1	0.078	293	1.68	1.56	18.71	6	1.42	1	2.84	14.34	18.71	13.07	400.29	390.78	5.015	8.350	22.03	36.67	300.0	1700	1	72.03	12.6	0.303	1.0	-0.22	2.74	1.00	0.00	0.16	111115
28	"17:41:11"	20180316	75	0	4.06	0.078	293	1.68	1.56	18.71	6	1.42	1	2.84	14.34	18.71	13.07	400.24	390.81	5.016	8.349	22.03	36.66	300.0	1700	1	72.03	12.6	0.303	1.0	-0.22	2.74	1.00	0.00	0.16	111115
29	"17:41:11"	20180316	75	0	4.03	0.0779	294	1.68	1.56	18.71	6	1.42	1	2.84	14.34	18.71	13.07	400.19	390.81	5.015	8.347	22.02	36.65	300.0	1700	1	72.03	12.6	0.303	1.0	-0.22	2.74	1.00	0.00	0.16	111115
30	"17:41:12"	20180316	75	0	3.99	0.0779	295	1.68	1.57	18.72	6	1.42	1	2.84	14.34	18.72	13.07	400.08	390.78	5.015	8.347	22.02	36.65	300.0	1700	1	72.03	12.6	0.303	1.0	-0.22	2.74	1.00	0.00	0.16	111115
"17:41:35 Coolers: Tblock -> 18.00 C"
"17:43:52 Flow: Fixed -> 300 umol/s"
31	"17:43:52"	20180316	75	0	3.94	0.0716	287	1.71	1.73	20.66	6	1.42	1	2.84	18.29	20.84	18.07	388.34	388.26	9.899	9.893	33.80	33.78	300.0	1699	1	72.03	10.3	0.157	1.0	-0.22	2.74	1.00	0.00	0.16	111115
"17:44:36 Flow: Fixed -> 300 umol/s"
32	"17:44:48"	20180316	75	0	5.13	0.0663	249	1.67	1.81	21.19	6	1.42	1	2.84	18.45	21.19	18.06	400.09	388.54	6.613	9.912	22.36	33.52	300.0	1700	1	72.03	10.3	0.157	1.0	-0.22	2.74	1.00	0.00	0.16	111115
33	"17:44:49"	20180316	75	0	5.14	0.0662	249	1.67	1.81	21.19	6	1.42	1	2.84	18.45	21.19	18.06	400.11	388.53	6.613	9.910	22.36	33.51	300.0	1700	1	72.03	10.3	0.157	1.0	-0.22	2.74	1.00	0.00	0.16	111115
34	"17:44:50"	20180316	75	0	5.15	0.0662	248	1.67	1.81	21.21	6	1.42	1	2.84	18.45	21.21	18.06	400.09	388.49	6.612	9.913	22.35	33.51	300.0	1700	1	72.03	10.3	0.157	1.0	-0.22	2.74	1.00	0.00	0.16	111115
35	"17:44:50"	20180316	75	0	5.11	0.0662	249	1.67	1.81	21.21	6	1.42	1	2.84	18.45	21.21	18.06	400.04	388.52	6.612	9.912	22.35	33.51	300.0	1700	1	72.03	10.3	0.157	1.0	-0.22	2.74	1.00	0.00	0.16	111115
36	"17:44:51"	20180316	75	0	5.05	0.0661	251	1.67	1.82	21.22	6	1.42	1	2.84	18.45	21.22	18.06	399.96	388.57	6.612	9.912	22.35	33.51	300.0	1700	1	72.03	10.3	0.157	1.0	-0.22	2.74	1.00	0.00	0.16	111115
37	"17:44:51"	20180316	75	0	5	0.0661	252	1.67	1.81	21.21	6	1.42	1	2.84	18.45	21.21	18.06	399.86	388.57	6.612	9.910	22.35	33.50	300.0	1700	1	72.03	10.3	0.157	1.0	-0.22	2.74	1.00	0.00	0.16	111115
38	"17:44:52"	20180316	75	0	4.96	0.0661	253	1.67	1.81	21.21	6	1.42	1	2.84	18.45	21.21	18.06	399.80	388.58	6.612	9.911	22.35	33.50	300.0	1700	1	72.03	10.3	0.157	1.0	-0.22	2.74	1.00	0.00	0.16	111115
39	"17:44:53"	20180316	75	0	4.91	0.0661	254	1.67	1.81	21.21	6	1.42	1	2.84	18.46	21.21	18.06	399.65	388.54	6.612	9.911	22.35	33.49	300.0	1700	1	72.03	10.3	0.157	1.0	-0.22	2.74	1.00	0.00	0.16	111115
40	"17:44:53"	20180316	75	0	4.86	0.0661	255	1.66	1.81	21.21	6	1.42	1	2.84	18.46	21.21	18.06	399.55	388.53	6.611	9.908	22.34	33.48	300.0	1700	1	72.03	10.3	0.157	1.0	-0.22	2.74	1.00	0.00	0.16	111115
41	"17:44:54"	20180316	75	0	4.84	0.0661	256	1.66	1.81	21.21	6	1.42	1	2.84	18.46	21.21	18.06	399.52	388.55	6.612	9.909	22.34	33.48	300.0	1700	1	72.03	10.3	0.157	1.0	-0.22	2.74	1.00	0.00	0.16	111115
42	"17:44:54"	20180316	75	0	4.86	0.0661	255	1.67	1.81	21.21	6	1.42	1	2.84	18.46	21.21	18.07	399.49	388.48	6.612	9.909	22.34	33.48	300.0	1700	1	72.03	10.3	0.157	1.0	-0.22	2.74	1.00	0.00	0.16	111115
43	"17:44:55"	20180316	75	0	4.87	0.0661	255	1.67	1.82	21.22	6	1.42	1	2.84	18.46	21.22	18.06	399.49	388.45	6.611	9.909	22.33	33.47	300.0	1700	1	72.03	10.3	0.157	1.0	-0.22	2.74	1.00	0.00	0.16	111115
44	"17:44:56"	20180316	75	0	4.86	0.066	255	1.67	1.82	21.23	6	1.42	1	2.84	18.46	21.23	18.06	399.46	388.43	6.611	9.909	22.33	33.47	300.0	1700	1	72.03	10.3	0.157	1.0	-0.22	2.74	1.00	0.00	0.16	111115
45	"17:44:56"	20180316	75	0	4.86	0.066	255	1.67	1.82	21.24	6	1.42	1	2.84	18.46	21.24	18.06	399.42	388.40	6.611	9.909	22.33	33.47	300.0	1700	1	72.03	10.3	0.157	1.0	-0.22	2.74	1.00	0.00	0.16	111115
46	"17:44:57"	20180316	75	0	4.86	0.066	255	1.67	1.82	21.24	6	1.42	1	2.84	18.47	21.24	18.06	399.42	388.41	6.611	9.909	22.33	33.47	300.0	1700	1	72.03	10.3	0.157	1.0	-0.22	2.74	1.00	0.00	0.16	111115
"17:45:19 Coolers: Tblock -> 23.00 C"
"17:47:38 Flow: Fixed -> 300 umol/s"
47	"17:47:51"	20180316	75	0	5.13	0.0591	234	1.59	1.93	23.52	6	1.42	1	2.84	22.51	23.52	23.06	400.03	388.54	10.530	13.667	27.70	35.96	300.0	1699	1	72.03	10.3	0.157	1.0	-0.22	2.74	1.00	0.00	0.16	111115
48	"17:47:52"	20180316	75	0	5.1	0.059	234	1.59	1.93	23.53	6	1.42	1	2.84	22.52	23.53	23.06	399.97	388.53	10.530	13.667	27.70	35.95	300.0	1699	1	72.03	10.3	0.157	1.0	-0.22	2.74	1.00	0.00	0.16	111115
49	"17:47:52"	20180316	75	0	5.11	0.059	234	1.59	1.93	23.54	6	1.42	1	2.84	22.52	23.54	23.06	399.94	388.49	10.530	13.666	27.70	35.95	300.0	1699	1	72.03	10.3	0.157	1.0	-0.22	2.74	1.00	0.00	0.16	111115
50	"17:47:53"	20180316	75	0	5.11	0.059	234	1.59	1.93	23.54	6	1.42	1	2.84	22.52	23.54	23.06	399.94	388.49	10.530	13.666	27.70	35.95	300.0	1699	1	72.03	10.3	0.157	1.0	-0.22	2.74	1.00	0.00	0.16	111115
51	"17:47:53"	20180316	75	0	5.07	0.059	235	1.59	1.93	23.54	6	1.42	1	2.84	22.52	23.54	23.06	399.87	388.49	10.530	13.669	27.69	35.95	300.0	1699	1	72.03	10.3	0.157	1.0	-0.22	2.74	1.00	0.00	0.16	111115
52	"17:47:54"	20180316	75	0	5.02	0.059	236	1.59	1.93	23.55	6	1.42	1	2.84	22.52	23.55	23.06	399.74	388.47	10.530	13.672	27.69	35.95	300.0	1699	1	72.03	10.3	0.157	1.0	-0.22	2.74	1.00	0.00	0.16	111115
53	"17:47:55"	20180316	75	0	4.97	0.0589	237	1.59	1.93	23.56	6	1.42	1	2.84	22.52	23.56	23.06	399.66	388.48	10.531	13.671	27.69	35.94	300.0	1699	1	72.03	10.3	0.157	1.0	-0.22	2.74	1.00	0.00	0.16	111115
54	"17:47:55"	20180316	75	0	4.91	0.0589	239	1.59	1.93	23.56	6	1.42	1	2.84	22.53	23.56	23.06	399.56	388.50	10.531	13.671	27.69	35.94	300.0	1699	1	72.03	10.3	0.157	1.0	-0.22	2.74	1.00	0.00	0.16	111115
55	"17:47:56"	20180316	75	0	4.93	0.0589	238	1.59	1.93	23.56	6	1.42	1	2.84	22.53	23.56	23.07	399.54	388.44	10.532	13.669	27.68	35.93	300.0	1699	1	72.03	10.3	0.157	1.0	-0.22	2.74	1.00	0.00	0.16	111115
56	"17:47:56"	20180316	75	0	4.91	0.0589	239	1.59	1.93	23.56	6	1.42	1	2.84	22.53	23.56	23.07	399.48	388.42	10.532	13.668	27.68	35.92	300.0	1699	1	72.03	10.3	0.157	1.0	-0.22	2.74	1.00	0.00	0.16	111115
57	"17:47:57"	20180316	75	0	4.9	0.0588	239	1.59	1.93	23.57	6	1.42	1	2.84	22.53	23.57	23.07	399.42	388.40	10.531	13.668	27.67	35.92	300.0	1699	1	72.03	10.3	0.157	1.0	-0.22	2.74	1.00	0.00	0.16	111115
58	"17:47:57"	20180316	75	0	4.87	0.0588	240	1.59	1.94	23.58	6	1.42	1	2.84	22.54	23.58	23.07	399.38	388.40	10.531	13.672	27.67	35.92	300.0	1699	1	72.03	10.3	0.157	1.0	-0.22	2.74	1.00	0.00	0.16	111115
59	"17:47:58"	20180316	75	0	4.87	0.0588	240	1.59	1.94	23.59	6	1.42	1	2.84	22.54	23.59	23.07	399.35	388.37	10.531	13.673	27.66	35.92	300.0	1699	1	72.03	10.3	0.157	1.0	-0.22	2.74	1.00	0.00	0.16	111115
60	"17:47:58"	20180316	75	0	4.87	0.0588	240	1.59	1.94	23.59	6	1.42	1	2.84	22.54	23.59	23.07	399.32	388.33	10.531	13.674	27.66	35.92	300.0	1699	1	72.03	10.3	0.157	1.0	-0.22	2.74	1.00	0.00	0.16	111115
61	"17:47:59"	20180316	75	0	4.88	0.0588	239	1.59	1.94	23.61	6	1.42	1	2.84	22.54	23.61	23.07	399.31	388.31	10.530	13.675	27.65	35.92	300.0	1699	1	72.03	10.3	0.157	1.0	-0.22	2.74	1.00	0.00	0.16	111115
"17:48:29 Coolers: Tblock -> 28.00 C"
"17:51:47 Flow: Fixed -> 300 umol/s"
"17:53:36 Flow: Fixed -> 300 umol/s"
"17:54:05 Flow: Fixed -> 300 umol/s"
62	"17:54:24"	20180316	75	0	4.5	0.0504	227	1.71	2.41	27.36	6	1.42	1	2.84	27.24	27.36	28.04	399.46	389.12	13.973	17.338	27.72	34.39	300.0	1700	0	72.03	11.9	0.129	1.0	-0.22	2.74	1.00	0.00	0.16	111115
63	"17:54:24"	20180316	75	0	4.42	0.0504	230	1.71	2.41	27.36	6	1.42	1	2.84	27.25	27.36	28.04	399.39	389.23	13.974	17.337	27.72	34.39	299.9	1700	0	72.03	11.9	0.129	1.0	-0.22	2.74	1.00	0.00	0.16	111115
64	"17:54:25"	20180316	75	0	4.38	0.0504	231	1.71	2.41	27.36	6	1.42	1	2.84	27.25	27.36	28.04	399.35	389.25	13.973	17.340	27.72	34.39	299.9	1700	0	72.03	11.9	0.129	1.0	-0.22	2.74	1.00	0.00	0.16	111115
65	"17:54:26"	20180316	75	0	4.29	0.0504	234	1.71	2.41	27.36	6	1.42	1	2.84	27.25	27.36	28.04	399.28	389.37	13.973	17.339	27.71	34.39	299.9	1700	0	72.03	11.9	0.129	0.7	-0.22	2.74	1.00	0.00	0.16	111115
66	"17:54:26"	20180316	75	0	4.29	0.0504	234	1.71	2.41	27.36	6	1.42	1	2.84	27.25	27.36	28.04	399.30	389.39	13.974	17.341	27.71	34.39	299.9	1700	0	72.03	11.9	0.129	0.7	-0.22	2.74	1.00	0.00	0.16	111115
67	"17:54:27"	20180316	75	0	4.33	0.0505	233	1.72	2.41	27.36	6	1.42	1	2.84	27.25	27.36	28.04	399.35	389.35	13.973	17.345	27.71	34.39	299.9	1700	0	72.03	11.9	0.129	0.7	-0.22	2.74	1.00	0.00	0.16	111115
68	"17:54:27"	20180316	75	0	4.37	0.0504	232	1.71	2.41	27.36	6	1.42	1	2.84	27.25	27.36	28.04	399.43	389.36	13.974	17.343	27.71	34.39	299.9	1700	0	72.03	11.9	0.129	0.7	-0.22	2.74	1.00	0.00	0.16	111115
69	"17:54:28"	20180316	75	0	4.4	0.0504	231	1.72	2.41	27.37	6	1.42	1	2.84	27.25	27.37	28.04	399.50	389.36	13.974	17.346	27.70	34.39	299.9	1700	0	72.03	11.9	0.129	0.7	-0.22	2.74	1.00	0.00	0.16	111115
70	"17:54:28"	20180316	75	0	4.48	0.0504	228	1.72	2.41	27.37	6	1.42	1	2.84	27.26	27.37	28.04	399.60	389.29	13.972	17.345	27.70	34.39	299.9	1700	0	72.03	11.9	0.129	0.7	-0.22	2.74	1.00	0.00	0.16	111115
71	"17:54:29"	20180316	75	0	4.48	0.0504	228	1.72	2.41	27.38	6	1.42	1	2.84	27.26	27.38	28.04	399.62	389.33	13.971	17.345	27.70	34.38	300.0	1700	0	72.03	11.9	0.129	0.7	-0.22	2.74	1.00	0.00	0.16	111115
72	"17:54:30"	20180316	75	0	4.55	0.0504	226	1.72	2.41	27.38	6	1.42	1	2.84	27.26	27.38	28.04	399.73	389.30	13.971	17.344	27.69	34.38	300.0	1700	0	72.03	11.9	0.129	0.7	-0.22	2.74	1.00	0.00	0.16	111115
73	"17:54:30"	20180316	75	0	4.55	0.0504	226	1.72	2.41	27.39	6	1.42	1	2.84	27.26	27.39	28.04	399.76	389.32	13.970	17.347	27.69	34.38	300.0	1700	0	72.03	11.9	0.129	0.7	-0.22	2.74	1.00	0.00	0.16	111115
74	"17:54:31"	20180316	75	0	4.52	0.0504	227	1.72	2.41	27.39	6	1.42	1	2.84	27.26	27.39	28.04	399.73	389.34	13.970	17.347	27.69	34.38	300.0	1700	0	72.03	11.9	0.129	0.7	-0.22	2.74	1.00	0.00	0.16	111115
75	"17:54:31"	20180316	75	0	4.45	0.0503	229	1.72	2.42	27.40	6	1.42	1	2.84	27.26	27.40	28.04	399.68	389.44	13.971	17.345	27.69	34.38	300.0	1700	0	72.03	11.9	0.129	0.7	-0.22	2.74	1.00	0.00	0.16	111115
76	"17:54:32"	20180316	75	0	4.3	0.0503	233	1.72	2.42	27.41	6	1.42	1	2.84	27.26	27.41	28.04	399.52	389.57	13.972	17.346	27.69	34.37	300.0	1700	0	72.03	11.9	0.129	0.7	-0.22	2.74	1.00	0.00	0.16	111115
"17:54:54 Coolers: Tblock -> 33.00 C"
"18:06:11 Flow: Fixed -> 300 umol/s"
77	"18:06:34"	20180316	75	0	3.59	0.0469	243	2.1	3.13	32.04	6	1.42	1	2.84	32.45	32.04	33.03	399.41	390.59	18.964	23.061	27.89	33.92	299.9	1700	0	72.03	14	0.113	0.7	-0.22	2.74	1.00	0.00	0.16	111115
78	"18:06:34"	20180316	75	0	3.56	0.0469	244	2.1	3.13	32.05	6	1.42	1	2.84	32.45	32.05	33.03	399.37	390.60	18.963	23.061	27.89	33.92	299.9	1700	0	72.03	14	0.113	0.7	-0.22	2.74	1.00	0.00	0.16	111115
79	"18:06:35"	20180316	75	0	3.54	0.0469	245	2.1	3.13	32.05	6	1.42	1	2.84	32.45	32.05	33.03	399.31	390.59	18.963	23.058	27.89	33.91	299.9	1700	0	72.03	14	0.113	0.7	-0.22	2.74	1.00	0.00	0.16	111115
80	"18:06:35"	20180316	75	0	3.56	0.0469	244	2.09	3.13	32.05	6	1.42	1	2.84	32.45	32.05	33.03	399.31	390.54	18.963	23.057	27.89	33.91	299.9	1700	0	72.03	14	0.113	0.7	-0.22	2.74	1.00	0.00	0.16	111115
81	"18:06:36"	20180316	75	0	3.58	0.0468	243	2.09	3.13	32.05	6	1.42	1	2.84	32.45	32.05	33.03	399.30	390.50	18.963	23.055	27.89	33.91	299.9	1700	0	72.03	14	0.113	0.7	-0.22	2.74	1.00	0.00	0.16	111115
82	"18:06:36"	20180316	75	0	3.62	0.0468	242	2.09	3.13	32.04	6	1.42	1	2.84	32.45	32.04	33.03	399.33	390.45	18.963	23.055	27.89	33.91	299.9	1700	0	72.03	14	0.113	0.7	-0.22	2.74	1.00	0.00	0.16	111115
83	"18:06:37"	20180316	75	0	3.65	0.0468	241	2.09	3.13	32.05	6	1.42	1	2.84	32.45	32.05	33.03	399.35	390.41	18.963	23.057	27.89	33.91	299.9	1700	0	72.03	14	0.113	0.7	-0.22	2.74	1.00	0.00	0.16	111115
84	"18:06:37"	20180316	75	0	3.67	0.0469	240	2.1	3.13	32.05	6	1.42	1	2.84	32.45	32.05	33.03	399.36	390.38	18.962	23.058	27.89	33.91	299.9	1700	0	72.03	14	0.113	0.7	-0.22	2.74	1.00	0.00	0.16	111115
85	"18:06:38"	20180316	75	0	3.7	0.0469	239	2.1	3.13	32.05	6	1.42	1	2.84	32.45	32.05	33.03	399.41	390.37	18.962	23.059	27.89	33.91	299.9	1700	0	72.03	14	0.113	0.7	-0.22	2.74	1.00	0.00	0.16	111115
86	"18:06:39"	20180316	75	0	3.77	0.0469	237	2.1	3.13	32.05	6	1.42	1	2.84	32.45	32.05	33.03	399.48	390.31	18.963	23.063	27.89	33.92	299.9	1700	0	72.03	14	0.113	0.7	-0.22	2.74	1.00	0.00	0.16	111115
87	"18:06:39"	20180316	75	0	3.82	0.0469	236	2.1	3.13	32.05	6	1.42	1	2.84	32.45	32.05	33.03	399.54	390.27	18.962	23.064	27.89	33.92	299.9	1700	0	72.03	14	0.113	0.7	-0.22	2.74	1.00	0.00	0.16	111115
88	"18:06:40"	20180316	75	0	3.85	0.0469	235	2.1	3.13	32.05	6	1.42	1	2.84	32.45	32.05	33.03	399.58	390.25	18.962	23.064	27.88	33.92	299.9	1700	0	72.03	14	0.113	0.7	-0.22	2.74	1.00	0.00	0.16	111115
89	"18:06:40"	20180316	75	0	3.85	0.0469	235	2.1	3.13	32.06	6	1.42	1	2.84	32.45	32.06	33.03	399.60	390.26	18.962	23.066	27.88	33.92	299.9	1700	0	72.03	14	0.113	0.7	-0.22	2.74	1.00	0.00	0.16	111115
90	"18:06:41"	20180316	75	0	3.88	0.0468	233	2.1	3.13	32.06	6	1.42	1	2.84	32.45	32.06	33.03	399.63	390.23	18.962	23.060	27.88	33.91	299.9	1700	0	72.03	14	0.113	0.7	-0.22	2.74	1.00	0.00	0.16	111115
91	"18:06:42"	20180316	75	0	3.88	0.0468	233	2.1	3.13	32.06	6	1.42	1	2.84	32.45	32.06	33.03	399.63	390.23	18.962	23.060	27.88	33.91	299.9	1700	0	72.03	14	0.113	0.7	-0.22	2.74	1.00	0.00	0.16	111115
"18:07:01 Coolers: Tblock -> 38.00 C"
"18:12:40 Flow: Fixed -> 300 umol/s"
92	"18:13:25"	20180316	75	0	3.58	0.0415	226	2.12	3.54	34.96	6	1.42	1	2.84	36.77	34.96	38.01	400.07	391.25	25.029	29.155	28.95	33.72	299.9	1700	0	72.03	15.3	0.00414	0.7	-0.22	2.74	1.00	0.00	0.16	111115
93	"18:13:26"	20180316	75	0	3.57	0.0415	227	2.12	3.54	34.96	6	1.42	1	2.84	36.77	34.96	38.01	400.05	391.26	25.031	29.155	28.96	33.73	299.9	1700	0	72.03	15.3	0.00414	0.7	-0.22	2.74	1.00	0.00	0.16	111115
94	"18:13:26"	20180316	75	0	3.56	0.0416	227	2.12	3.53	34.96	6	1.42	1	2.84	36.77	34.96	38.01	400.07	391.29	25.030	29.156	28.95	33.73	299.9	1700	0	72.03	15.3	0.00414	0.7	-0.22	2.74	1.00	0.00	0.16	111115
95	"18:13:27"	20180316	75	0	3.54	0.0416	228	2.13	3.53	34.95	6	1.42	1	2.84	36.77	34.95	38.01	400.09	391.34	25.032	29.160	28.96	33.73	299.9	1700	0	72.03	15.3	0.00414	0.7	-0.22	2.74	1.00	0.00	0.16	111115
96	"18:13:28"	20180316	75	0	3.49	0.0416	230	2.13	3.53	34.95	6	1.42	1	2.84	36.77	34.95	38.01	400.07	391.42	25.033	29.162	28.96	33.73	299.9	1700	0	72.03	15.3	0.00414	0.7	-0.22	2.74	1.00	0.00	0.16	111115
97	"18:13:28"	20180316	75	0	3.46	0.0416	231	2.13	3.53	34.95	6	1.42	1	2.84	36.77	34.95	38.01	400.03	391.44	25.032	29.164	28.96	33.74	299.9	1700	0	72.03	15.3	0.00414	0.7	-0.22	2.74	1.00	0.00	0.16	111115
98	"18:13:29"	20180316	75	0	3.47	0.0417	231	2.13	3.53	34.96	6	1.42	1	2.84	36.77	34.96	38.01	400.03	391.43	25.031	29.168	28.96	33.74	299.9	1700	0	72.03	15.3	0.00414	0.7	-0.22	2.74	1.00	0.00	0.16	111115
99	"18:13:30"	20180316	75	0	3.47	0.0417	231	2.13	3.53	34.96	6	1.42	1	2.84	36.77	34.96	38.01	400.04	391.44	25.029	29.166	28.95	33.74	299.9	1700	0	72.03	15.3	0.00414	0.7	-0.22	2.74	1.00	0.00	0.16	111115
100	"18:13:30"	20180316	75	0	3.47	0.0417	231	2.13	3.54	34.96	6	1.42	1	2.84	36.77	34.96	38.01	400.04	391.44	25.031	29.167	28.95	33.74	299.9	1700	0	72.03	15.3	0.00414	0.7	-0.22	2.74	1.00	0.00	0.16	111115
101	"18:13:31"	20180316	75	0	3.47	0.0417	231	2.13	3.54	34.96	6	1.42	1	2.84	36.77	34.96	38.01	400.04	391.44	25.031	29.167	28.95	33.74	299.9	1700	0	72.03	15.3	0.00414	0.7	-0.22	2.74	1.00	0.00	0.16	111115
102	"18:13:31"	20180316	75	0	3.55	0.0417	228	2.13	3.53	34.96	6	1.42	1	2.84	36.77	34.96	38.00	400.09	391.33	25.029	29.168	28.95	33.74	299.9	1700	0	72.03	15.3	0.00414	0.7	-0.22	2.74	1.00	0.00	0.16	111115
103	"18:13:32"	20180316	75	0	3.57	0.0417	227	2.13	3.53	34.96	6	1.42	1	2.84	36.77	34.96	38.01	400.12	391.31	25.030	29.166	28.95	33.74	299.9	1700	0	72.03	15.3	0.00414	0.7	-0.22	2.74	1.00	0.00	0.16	111115
104	"18:13:33"	20180316	75	0	3.61	0.0417	225	2.13	3.53	34.95	6	1.42	1	2.84	36.77	34.95	38.01	400.15	391.26	25.031	29.167	28.96	33.74	299.9	1700	0	72.03	15.3	0.00414	0.7	-0.22	2.74	1.00	0.00	0.16	111115
105	"18:13:33"	20180316	75	0	3.6	0.0417	226	2.13	3.53	34.95	6	1.42	1	2.84	36.77	34.95	38.01	400.13	391.27	25.031	29.165	28.96	33.74	299.9	1700	0	72.03	15.3	0.00414	1.0	-0.22	2.74	1.00	0.00	0.16	111115
106	"18:13:34"	20180316	75	0	3.6	0.0417	226	2.13	3.53	34.95	6	1.42	1	2.84	36.77	34.95	38.01	400.13	391.27	25.031	29.165	28.96	33.74	299.9	1700	0	72.03	15.3	0.00414	1.0	-0.22	2.74	1.00	0.00	0.16	111115
"18:15:17 Flow: Fixed -> 300 umol/s"
107	"18:15:27"	20180316	75	0	3.49	0.0412	229	2.13	3.57	35.10	6	1.42	1	2.84	36.85	35.10	38.02	400.20	391.55	25.094	29.234	28.90	33.67	299.9	1700	0	72.03	15.3	0.00414	0.7	-0.22	2.74	1.00	0.00	0.16	111115
108	"18:15:28"	20180316	75	0	3.47	0.0412	229	2.13	3.57	35.10	6	1.42	1	2.84	36.85	35.10	38.02	400.19	391.57	25.097	29.232	28.90	33.66	299.9	1700	0	72.03	15.3	0.00414	0.7	-0.22	2.74	1.00	0.00	0.16	111115
109	"18:15:28"	20180316	75	0	3.47	0.0412	229	2.13	3.57	35.09	6	1.42	1	2.84	36.85	35.09	38.02	400.20	391.59	25.098	29.235	28.90	33.67	299.9	1700	0	72.03	15.3	0.00414	0.7	-0.22	2.74	1.00	0.00	0.16	111115
110	"18:15:29"	20180316	75	0	3.47	0.0413	230	2.13	3.57	35.09	6	1.42	1	2.84	36.85	35.09	38.02	400.19	391.59	25.099	29.237	28.91	33.67	299.9	1700	0	72.03	15.3	0.00414	0.7	-0.22	2.74	1.00	0.00	0.16	111115
111	"18:15:29"	20180316	75	0	3.48	0.0412	229	2.13	3.57	35.09	6	1.42	1	2.84	36.85	35.09	38.02	400.19	391.56	25.100	29.235	28.91	33.67	299.9	1700	0	72.03	15.3	0.00414	1.0	-0.22	2.74	1.00	0.00	0.16	111115
112	"18:15:30"	20180316	75	0	3.48	0.0412	229	2.13	3.57	35.09	6	1.42	1	2.84	36.85	35.09	38.02	400.19	391.56	25.100	29.235	28.91	33.67	299.9	1700	0	72.03	15.3	0.00414	1.0	-0.22	2.74	1.00	0.00	0.16	111115
113	"18:15:30"	20180316	75	0	3.54	0.0412	226	2.13	3.57	35.09	6	1.42	1	2.84	36.85	35.09	38.02	400.24	391.49	25.101	29.233	28.91	33.67	299.9	1700	0	72.03	15.3	0.00414	1.0	-0.22	2.74	1.00	0.00	0.16	111115
114	"18:15:31"	20180316	75	0	3.59	0.0412	224	2.13	3.57	35.09	6	1.42	1	2.84	36.85	35.09	38.02	400.32	391.47	25.102	29.233	28.91	33.67	299.9	1700	0	72.03	15.3	0.00414	1.0	-0.22	2.74	1.00	0.00	0.16	111115
115	"18:15:31"	20180316	75	0	3.58	0.0412	225	2.13	3.57	35.09	6	1.42	1	2.84	36.85	35.09	38.02	400.31	391.49	25.102	29.232	28.91	33.67	299.9	1700	0	72.03	15.3	0.00414	1.0	-0.22	2.74	1.00	0.00	0.16	111115
116	"18:15:32"	20180316	75	0	3.58	0.0411	225	2.13	3.57	35.10	6	1.42	1	2.84	36.85	35.10	38.02	400.30	391.47	25.102	29.232	28.91	33.67	299.9	1700	0	72.03	15.3	0.00414	1.0	-0.22	2.74	1.00	0.00	0.16	111115
117	"18:15:33"	20180316	75	0	3.57	0.0411	225	2.13	3.57	35.10	6	1.42	1	2.84	36.85	35.10	38.02	400.30	391.50	25.100	29.230	28.91	33.66	299.9	1700	0	72.03	15.3	0.00414	1.0	-0.22	2.74	1.00	0.00	0.16	111115
118	"18:15:33"	20180316	75	0	3.58	0.0411	225	2.13	3.57	35.10	6	1.42	1	2.84	36.85	35.10	38.02	400.33	391.50	25.100	29.227	28.91	33.66	299.9	1700	0	72.03	15.3	0.00414	1.0	-0.22	2.74	1.00	0.00	0.16	111115
119	"18:15:34"	20180316	75	0	3.53	0.0412	227	2.13	3.57	35.10	6	1.42	1	2.84	36.85	35.10	38.02	400.29	391.56	25.098	29.231	28.90	33.66	300.0	1700	0	72.03	15.3	0.00414	1.0	-0.22	2.74	1.00	0.00	0.16	111115
120	"18:15:35"	20180316	75	0	3.53	0.0412	227	2.13	3.57	35.09	6	1.42	1	2.84	36.85	35.09	38.02	400.29	391.56	25.097	29.230	28.90	33.66	299.9	1700	0	72.03	15.3	0.00414	1.0	-0.22	2.74	1.00	0.00	0.16	111115
121	"18:15:35"	20180316	75	0	3.5	0.0412	228	2.13	3.57	35.09	6	1.42	1	2.84	36.85	35.09	38.02	400.27	391.60	25.098	29.227	28.91	33.66	299.9	1700	0	72.03	15.3	0.00414	1.0	-0.22	2.74	1.00	0.00	0.16	111115
"18:15:53 Coolers: Tblock -> 43.00 C"
"18:17:51 Flow: Fixed -> 300 umol/s"
122	"18:18:14"	20180316	75	0	3.07	0.0393	235	2.31	4.04	36.83	6	1.42	1	2.84	40.85	36.83	43.07	399.53	391.58	26.193	30.665	24.33	28.48	299.9	1701	0	72.04	16.1	-0.0775	1.0	-0.22	2.74	1.00	0.00	0.16	111115
123	"18:18:14"	20180316	75	0	3.09	0.0393	234	2.31	4.04	36.83	6	1.42	1	2.84	40.85	36.83	43.07	399.54	391.54	26.194	30.671	24.32	28.48	299.9	1701	0	72.04	16.1	-0.0775	1.0	-0.22	2.74	1.00	0.00	0.16	111115
124	"18:18:15"	20180316	75	0	3.09	0.0393	234	2.31	4.04	36.84	6	1.42	1	2.84	40.85	36.84	43.07	399.56	391.57	26.193	30.670	24.32	28.48	299.9	1701	0	72.04	16.1	-0.0775	1.0	-0.22	2.74	1.00	0.00	0.16	111115
125	"18:18:15"	20180316	75	0	3.07	0.0393	235	2.31	4.04	36.85	6	1.42	1	2.84	40.86	36.85	43.07	399.55	391.59	26.193	30.673	24.32	28.48	299.9	1701	0	72.04	16.1	-0.0775	1.0	-0.22	2.74	1.00	0.00	0.16	111115
126	"18:18:16"	20180316	75	0	3.09	0.0393	234	2.31	4.05	36.86	6	1.42	1	2.84	40.86	36.86	43.07	399.55	391.55	26.192	30.677	24.31	28.48	299.9	1701	0	72.04	16.1	-0.0775	1.0	-0.22	2.74	1.00	0.00	0.16	111115
127	"18:18:16"	20180316	75	0	3.11	0.0392	233	2.31	4.05	36.88	6	1.42	1	2.84	40.86	36.88	43.07	399.57	391.54	26.192	30.674	24.31	28.47	299.9	1701	0	72.04	16.1	-0.0775	0.7	-0.22	2.74	1.00	0.00	0.16	111115
128	"18:18:17"	20180316	75	0	3.09	0.0391	234	2.31	4.06	36.89	6	1.42	1	2.84	40.86	36.89	43.07	399.58	391.59	26.193	30.672	24.31	28.47	299.9	1701	0	72.04	16.1	-0.0775	0.7	-0.22	2.74	1.00	0.00	0.16	111115
129	"18:18:17"	20180316	75	0	3.09	0.0391	234	2.31	4.06	36.90	6	1.42	1	2.84	40.86	36.90	43.07	399.58	391.59	26.193	30.672	24.31	28.46	299.9	1701	0	72.04	16.1	-0.0775	0.7	-0.22	2.74	1.00	0.00	0.16	111115
130	"18:18:18"	20180316	75	0	3.09	0.0391	234	2.31	4.06	36.90	6	1.42	1	2.84	40.86	36.90	43.07	399.58	391.59	26.193	30.672	24.31	28.46	299.9	1701	0	72.04	16.1	-0.0775	0.7	-0.22	2.74	1.00	0.00	0.16	111115
131	"18:18:19"	20180316	75	0	3.09	0.0391	234	2.31	4.06	36.91	6	1.42	1	2.84	40.87	36.91	43.07	399.56	391.57	26.191	30.673	24.30	28.46	300.0	1701	0	72.04	16.1	-0.0775	0.7	-0.22	2.74	1.00	0.00	0.16	111115
132	"18:18:20"	20180316	75	0	3.1	0.0391	233	2.31	4.07	36.91	6	1.42	1	2.84	40.87	36.91	43.07	399.58	391.56	26.193	30.672	24.30	28.45	300.0	1701	0	72.04	16.1	-0.0775	0.7	-0.22	2.74	1.00	0.00	0.16	111115
133	"18:18:20"	20180316	75	0	3.1	0.039	233	2.31	4.07	36.91	6	1.42	1	2.84	40.87	36.91	43.07	399.57	391.56	26.192	30.671	24.29	28.45	300.0	1701	0	72.04	16.1	-0.0775	0.7	-0.22	2.74	1.00	0.00	0.16	111115
134	"18:18:21"	20180316	75	0	3.15	0.039	231	2.31	4.07	36.91	6	1.42	1	2.84	40.87	36.91	43.07	399.61	391.50	26.191	30.669	24.29	28.45	300.0	1701	0	72.04	16.1	-0.0775	0.7	-0.22	2.74	1.00	0.00	0.16	111115
135	"18:18:21"	20180316	75	0	3.16	0.039	230	2.31	4.07	36.92	6	1.42	1	2.84	40.88	36.92	43.07	399.61	391.48	26.192	30.669	24.29	28.44	300.0	1701	0	72.04	16.1	-0.0775	0.7	-0.22	2.74	1.00	0.00	0.16	111115
136	"18:18:22"	20180316	75	0	3.22	0.039	228	2.31	4.07	36.93	6	1.42	1	2.84	40.88	36.93	43.08	399.68	391.44	26.192	30.669	24.29	28.44	300.0	1701	0	72.04	16.1	-0.0775	0.7	-0.22	2.74	1.00	0.00	0.16	111115
"18:18:32 Coolers: Tblock -> 48.00 C"
"18:21:27 Flow: Fixed -> 300 umol/s"
137	"18:21:37"	20180316	75	0	2.86	0.0369	230	2.65	4.91	39.31	6	1.42	1	2.84	45.16	39.31	48.06	400.06	392.26	25.974	31.109	19.26	23.06	300.0	1699	0	72.04	16.1	-0.0775	1.0	-0.22	2.74	1.00	0.00	0.16	111115
138	"18:21:37"	20180316	75	0	2.85	0.0368	231	2.65	4.9	39.31	6	1.42	1	2.84	45.16	39.31	48.06	400.05	392.26	25.975	31.108	19.26	23.06	300.0	1699	0	72.04	16.1	-0.0775	1.0	-0.22	2.74	1.00	0.00	0.16	111115
139	"18:21:38"	20180316	75	0	2.85	0.0368	231	2.65	4.91	39.32	6	1.42	1	2.84	45.16	39.32	48.06	400.05	392.27	25.975	31.108	19.25	23.06	300.0	1699	0	72.04	16.1	-0.0775	1.0	-0.22	2.74	1.00	0.00	0.16	111115
140	"18:21:38"	20180316	75	0	2.83	0.0368	232	2.65	4.91	39.32	6	1.42	1	2.84	45.16	39.32	48.06	400.07	392.33	25.974	31.107	19.25	23.05	300.0	1699	0	72.04	16.1	-0.0775	1.0	-0.22	2.74	1.00	0.00	0.16	111115
141	"18:21:39"	20180316	75	0	2.84	0.0368	231	2.65	4.91	39.33	6	1.42	1	2.84	45.17	39.33	48.06	400.05	392.28	25.973	31.107	19.25	23.05	300.0	1699	0	72.04	16.1	-0.0775	1.0	-0.22	2.74	1.00	0.00	0.16	111115
142	"18:21:39"	20180316	75	0	2.84	0.0368	231	2.65	4.91	39.33	6	1.42	1	2.84	45.17	39.33	48.06	400.05	392.28	25.973	31.107	19.25	23.05	300.0	1699	0	72.04	16.1	-0.0775	1.0	-0.22	2.74	1.00	0.00	0.16	111115
143	"18:21:40"	20180316	75	0	2.84	0.0368	231	2.65	4.91	39.33	6	1.42	1	2.84	45.17	39.33	48.06	400.04	392.28	25.973	31.106	19.24	23.05	300.0	1699	0	72.04	16.1	-0.0775	1.0	-0.22	2.74	1.00	0.00	0.16	111115
144	"18:21:40"	20180316	75	0	2.83	0.0368	232	2.65	4.91	39.33	6	1.42	1	2.84	45.17	39.33	48.06	400.01	392.27	25.972	31.106	19.24	23.04	300.0	1699	0	72.04	16.1	-0.0775	1.0	-0.22	2.74	1.00	0.00	0.16	111115
145	"18:21:41"	20180316	75	0	2.84	0.0368	231	2.65	4.92	39.35	6	1.42	1	2.84	45.17	39.35	48.07	400.02	392.26	25.971	31.107	19.24	23.04	300.0	1699	0	72.04	16.1	-0.0775	1.0	-0.22	2.74	1.00	0.00	0.16	111115
146	"18:21:41"	20180316	75	0	2.84	0.0367	231	2.65	4.92	39.36	6	1.42	1	2.84	45.18	39.36	48.07	399.99	392.23	25.970	31.107	19.24	23.04	300.0	1699	0	72.04	16.1	-0.0775	1.0	-0.22	2.74	1.00	0.00	0.16	111115
147	"18:21:42"	20180316	75	0	2.86	0.0367	230	2.65	4.93	39.37	6	1.42	1	2.84	45.18	39.37	48.07	400.02	392.22	25.970	31.106	19.23	23.03	300.0	1699	0	72.04	16.1	-0.0775	1.0	-0.22	2.74	1.00	0.00	0.16	111115
148	"18:21:43"	20180316	75	0	2.86	0.0367	230	2.65	4.93	39.37	6	1.42	1	2.84	45.18	39.37	48.07	400.02	392.22	25.970	31.106	19.23	23.03	300.0	1699	0	72.04	16.1	-0.0775	1.0	-0.22	2.74	1.00	0.00	0.16	111115
149	"18:21:43"	20180316	75	0	2.86	0.0366	230	2.65	4.94	39.40	6	1.42	1	2.84	45.19	39.40	48.07	400.06	392.27	25.969	31.111	19.22	23.03	300.0	1699	0	72.04	16.1	-0.0775	1.0	-0.22	2.74	1.00	0.00	0.16	111115
150	"18:21:44"	20180316	75	0	2.86	0.0366	230	2.65	4.94	39.40	6	1.42	1	2.84	45.19	39.40	48.07	400.08	392.28	25.968	31.108	19.22	23.02	300.0	1699	0	72.04	16.1	-0.0775	1.0	-0.22	2.74	1.00	0.00	0.16	111115
151	"18:21:44"	20180316	75	0	2.84	0.0366	230	2.65	4.94	39.40	6	1.42	1	2.84	45.19	39.40	48.07	400.09	392.32	25.969	31.108	19.22	23.02	300.0	1699	0	72.04	16.1	-0.0775	1.0	-0.22	2.74	1.00	0.00	0.16	111115
"18:21:53 Coolers: Tblock -> 50.00 C"
"18:24:58 Flow: Fixed -> 300 umol/s"
152	"18:25:19"	20180316	75	0	2.17	0.0342	251	2.62	5.21	40.05	6	1.42	1	2.84	47.00	40.05	49.74	400.01	393.60	25.754	30.838	17.37	20.80	299.9	1699	0	72.05	18.3	-0.057	1.0	-0.22	2.74	1.00	0.00	0.16	111115
153	"18:25:20"	20180316	75	0	2.18	0.0342	251	2.62	5.21	40.05	6	1.42	1	2.84	47.00	40.05	49.74	399.99	393.57	25.755	30.836	17.37	20.80	300.0	1699	0	72.05	18.3	-0.057	1.0	-0.22	2.74	1.00	0.00	0.16	111115
154	"18:25:20"	20180316	75	0	2.15	0.0342	252	2.62	5.21	40.05	6	1.42	1	2.84	47.01	40.05	49.74	399.97	393.60	25.753	30.835	17.37	20.80	300.0	1699	0	72.05	18.3	-0.057	1.0	-0.22	2.74	1.00	0.00	0.16	111115
155	"18:25:21"	20180316	75	0	2.12	0.0342	253	2.62	5.21	40.04	6	1.42	1	2.84	47.01	40.04	49.74	399.96	393.65	25.752	30.833	17.37	20.80	300.0	1699	0	72.05	18.3	-0.057	1.0	-0.22	2.74	1.00	0.00	0.16	111115
156	"18:25:21"	20180316	75	0	2.13	0.0342	253	2.62	5.21	40.04	6	1.42	1	2.84	47.01	40.04	49.74	399.97	393.66	25.753	30.834	17.37	20.80	300.0	1699	0	72.05	18.3	-0.057	1.0	-0.22	2.74	1.00	0.00	0.16	111115
157	"18:25:22"	20180316	75	0	2.14	0.0342	252	2.62	5.21	40.04	6	1.42	1	2.84	47.01	40.04	49.74	400.00	393.65	25.753	30.831	17.37	20.79	300.0	1699	0	72.05	18.3	-0.057	1.0	-0.22	2.74	1.00	0.00	0.16	111115
158	"18:25:22"	20180316	75	0	2.11	0.0342	254	2.62	5.21	40.04	6	1.42	1	2.84	47.01	40.04	49.74	399.96	393.69	25.753	30.828	17.37	20.79	300.0	1699	0	72.05	18.3	-0.057	1.0	-0.22	2.74	1.00	0.00	0.16	111115
159	"18:25:23"	20180316	75	0	2.15	0.0342	252	2.62	5.21	40.04	6	1.42	1	2.84	47.01	40.04	49.74	399.99	393.63	25.752	30.827	17.37	20.79	300.0	1699	0	72.05	18.3	-0.057	1.0	-0.22	2.74	1.00	0.00	0.16	111115
160	"18:25:23"	20180316	75	0	2.12	0.0342	253	2.62	5.21	40.04	6	1.42	1	2.84	47.01	40.04	49.74	399.96	393.65	25.753	30.829	17.36	20.79	300.0	1699	0	72.05	18.3	-0.057	1.0	-0.22	2.74	1.00	0.00	0.16	111115
161	"18:25:24"	20180316	75	0	2.13	0.0342	253	2.62	5.21	40.05	6	1.42	1	2.84	47.01	40.05	49.74	400.00	393.68	25.751	30.825	17.36	20.78	300.0	1699	0	72.05	18.3	-0.057	1.0	-0.22	2.74	1.00	0.00	0.16	111115
162	"18:25:24"	20180316	75	0	2.16	0.0341	252	2.62	5.21	40.05	6	1.42	1	2.84	47.01	40.05	49.74	400.04	393.67	25.752	30.822	17.36	20.78	300.0	1699	0	72.05	18.3	-0.057	1.0	-0.22	2.74	1.00	0.00	0.16	111115
163	"18:25:25"	20180316	75	0	2.17	0.0341	251	2.61	5.22	40.06	6	1.42	1	2.84	47.01	40.06	49.74	400.04	393.65	25.750	30.818	17.36	20.78	300.0	1699	0	72.05	18.3	-0.057	1.0	-0.22	2.74	1.00	0.00	0.16	111115
164	"18:25:26"	20180316	75	0	2.15	0.0341	252	2.62	5.22	40.07	6	1.42	1	2.84	47.02	40.07	49.74	400.02	393.67	25.749	30.820	17.36	20.78	300.0	1699	0	72.05	18.3	-0.057	1.0	-0.22	2.74	1.00	0.00	0.16	111115
165	"18:25:26"	20180316	75	0	2.14	0.0341	252	2.62	5.22	40.07	6	1.42	1	2.84	47.02	40.07	49.74	400.01	393.67	25.749	30.820	17.36	20.78	300.0	1699	0	72.05	18.3	-0.057	1.0	-0.22	2.74	1.00	0.00	0.16	111115
166	"18:25:27"	20180316	75	0	2.16	0.0341	251	2.62	5.22	40.08	6	1.42	1	2.84	47.02	40.08	49.74	400.04	393.65	25.747	30.820	17.36	20.78	300.0	1699	0	72.05	18.3	-0.057	1.0	-0.22	2.74	1.00	0.00	0.16	111115
