"OPEN 6.3.4"
"Fri Mar 16 2018 13:23:56"
<open><version>"6.3.4"</version></open>
<open><configfile>"/User/Configs/UserPrefs/LED2x3.xml"</configfile></open>
<open><light><source>"6400-02 or -02B LED Source"</source><par_in>1<sensor>"SI-2503"<cal>-0.86<actinity>1.00</actinity><transm>1.00</transm></cal></sensor><transm>1</transm></par_in><par_out>1<sensor>"Q40491"<cal>6.5</cal></sensor></par_out></light></open>
<open><comps><file>"/User/Configs/Comps/StdComps_6.1"<header>""</header><extras></extras></file><energybal>no<f_parIn>1</f_parIn><f_parOut>0</f_parOut><alphaK>0.16</alphaK></energybal><bc_total>2.840<stomatal_ratio>1</stomatal_ratio><bc_oneside>1.420<type>2</type><table>"/Sys/Lib/StdBLCTable"</table><area>6</area><slope>-0.219565</slope><offset>2.73739</offset><fan>5</fan></bc_oneside></bc_total></comps></open>
<open><prompts><onlog>off</onlog><items>"Default (none)"</items></prompts></open>
<open><constants><oxygen>21 %</oxygen><bb_vapor>1.5</bb_vapor><bb_oxy>0.9</bb_oxy></constants></open>
<open><stability><items>"Std Stability"<items[1]><id>-2</id><size>15</size><pcv><onoff>0</onoff><value>1</value></pcv><std><onoff>0</onoff><value>1</value></std><slp><onoff>1</onoff><value>1</value></slp></items[1]><items[2]><id>-5</id><size>15</size><pcv><onoff>0</onoff><value>1</value></pcv><std><onoff>0</onoff><value>1</value></std><slp><onoff>1</onoff><value>1</value></slp></items[2]><items[3]><id>-7</id><size>15</size><pcv><onoff>0</onoff><value>1</value></pcv><std><onoff>0</onoff><value>1</value></std><slp><onoff>1</onoff><value>1</value></slp></items[3]></items></stability></open>
<open><log><format>"StdLogFmt_6.0"<items>{ -35 -21 -70 -69 -76 30 23 36 21 25 221 -33 111 -34 11 -9 -10 -8 -1 -2 -4 -5 -14 -15 -7 -12 -13 -11 -65 -66 -72 -18 -19 -77 -78 -79 -23  }<hdr>{  }</hdr></items></format><options><beep>on</beep><match>"never"<time>30</time><co2>100</co2><delta>10</delta></match><hdr>normal</hdr><rem>normal</rem><stab>no</stab><stats>no<mean>no</mean><file>no</file><period>15</period></stats><excel>yes</excel><controls>yes</controls><comm>no</comm></options><datafile>"/User/031618-PSAST-EOP2116"</datafile><button><action>"Normal Log"<code>" LogOneObsManual "</code></action></button><autoprog>"/User/Configs/AutoProgs/AutoLog2"<active>no</active></autoprog></log></open>
<open><a2d><avgtime>4.0 secs</avgtime><userchans><ch20>"Off"</ch20><ch21>"Off"</ch21><ch22>"Off"</ch22><ch23>"Off"</ch23></userchans></a2d></open>
<open><matching><type>0</type><disp>'a'</disp><settings>><CO2Limit>10.0</CO2Limit><H2OLimit>1.0</H2OLimit><MaxAutoTime>60</MaxAutoTime><AverageTime>10</AverageTime></settings></matching></open>
<li6400><factory><unit>"PSC-2470"</unit><serviced>"5 Feb 2018"</serviced><fuseaware>0</fuseaware><co2mixer>yes</co2mixer><co2><coeffs>{ 0 0.214772 2.55802e-05 1.93228e-08 -3.02262e-12 2.75724e-16  }</coeffs><dvdt>-4</dvdt><xs>{ 9.11e-05 0.00178  }</xs></co2><h2o><coeffs>{ 0 0.00581526 2.16703e-06 7.69607e-12  }</coeffs><dvdt>-2.9</dvdt><xs>{ -0.000111 -0.00256  }</xs></h2o><flow>{ 0 0.3696  }</flow><press>{ 86.913 0.00551  }</press></factory></li6400>
<li6400><user><flow_zero>-3.5</flow_zero><irga_zero><co2>113.5 152.5<at>27.1329</at></co2><h2o>-3.5 -3.5<at>28.1091</at></h2o></irga_zero><irga_span><co2>{ 0.990134 0.992694  }</co2><h2o>{ 0.996743 0.99801  }</h2o></irga_span><irga_match><co2>{ 0.110267 10.4435  }</co2><h2o>{ -0.0816591 0.207781  }</h2o></irga_match><co2_mixer><pump_mv>4500</pump_mv><ppm>{ 2352.67 1117.67 439.284 266.3 121.188 70.6751 48.8233 48.8102  }</ppm><mv>{ 5000 3000 1500 1000 500 300 200 100  }</mv></co2_mixer><parin_offset>-0.211894</parin_offset><led_cal><unit>"SI-2503"</unit><mv>{ 10 25 50 100 1000 2000 3000 4000 5000  }</mv><qntm>{ 1.83047 9.20354 23.3042 57.5395 736.221 1467.2 2160.1 2821.48 3447.04  }</qntm></led_cal><lcf_cal><unit>"LCF-0981"</unit><red><mv>{ 50 100 200 400 800 1500  }</mv><qntm>{ 64.6036 145.758 312.409 661.73 1377.94 2641.23  }</qntm></red><blue><mv>{ 100 500 1000 2000 3000 4000 5000  }</mv><qntm>{ 11.107 44.4539 81.9578 145.168 203.372 256.093 300.56  }</qntm></blue></lcf_cal></user></li6400>
"13:23:59 "
$STARTOFDATA$
"Obs"	"HHMMSS"	"YYYYMMDD"	"DOY"	"EBal?"	"Photo"	"Cond"	"Ci"	"Trmmol"	"VpdL"	"CTleaf"	"Area"	"BLC_1"	"StmRat"	"BLCond"	"Tair"	"Tleaf"	"TBlk"	"CO2R"	"CO2S"	"H2OR"	"H2OS"	"RH_R"	"RH_S"	"Flow"	"PARi"	"PARo"	"Press"	"CsMch"	"HsMch"	"StableF"	"BLCslope"	"BLCoffst"	"f_parin"	"f_parout"	"alphaK"	"Status"
"13:24:51 Flow: Fixed -> 300 umol/s"
"13:27:17 Flow: Fixed -> 300 umol/s"
"13:33:45 Flow: Fixed -> 300 umol/s"
1	"13:34:01"	20180316	75	0	2.88	0.0451	280	0.832	1.33	15.60	6	1.42	1	2.84	9.42	15.60	7.10	399.96	393.51	4.530	6.189	27.60	37.70	299.1	1700	17	72.2	10.4	0.202	1.0	-0.22	2.74	1.00	0.00	0.16	111115
2	"13:34:01"	20180316	75	0	2.89	0.0451	280	0.832	1.33	15.61	6	1.42	1	2.84	9.42	15.61	7.10	399.91	393.46	4.529	6.188	27.59	37.70	299.1	1700	17	72.2	10.4	0.202	1.0	-0.22	2.74	1.00	0.00	0.16	111115
3	"13:34:02"	20180316	75	0	2.84	0.045	281	0.831	1.33	15.61	6	1.42	1	2.84	9.42	15.61	7.10	399.84	393.49	4.530	6.187	27.60	37.70	299.1	1700	17	72.2	10.4	0.202	1.0	-0.22	2.74	1.00	0.00	0.16	111115
4	"13:34:02"	20180316	75	0	2.79	0.045	283	0.831	1.33	15.61	6	1.42	1	2.84	9.42	15.61	7.10	399.75	393.49	4.529	6.187	27.59	37.69	299.1	1700	17	72.2	10.4	0.202	1.0	-0.22	2.74	1.00	0.00	0.16	111115
5	"13:34:03"	20180316	75	0	2.8	0.0451	283	0.832	1.33	15.60	6	1.42	1	2.84	9.42	15.60	7.10	399.72	393.45	4.530	6.188	27.60	37.70	299.1	1700	18	72.2	10.4	0.202	1.0	-0.22	2.74	1.00	0.00	0.16	111115
6	"13:34:04"	20180316	75	0	2.79	0.0451	283	0.832	1.33	15.60	6	1.42	1	2.84	9.42	15.60	7.10	399.66	393.41	4.530	6.188	27.60	37.69	299.1	1700	18	72.2	10.4	0.202	1.0	-0.22	2.74	1.00	0.00	0.16	111115
7	"13:34:04"	20180316	75	0	2.74	0.045	285	0.831	1.33	15.61	6	1.42	1	2.84	9.42	15.61	7.10	399.60	393.45	4.530	6.187	27.60	37.69	299.1	1700	18	72.2	10.4	0.202	1.0	-0.22	2.74	1.00	0.00	0.16	111115
8	"13:34:05"	20180316	75	0	2.72	0.045	285	0.832	1.34	15.63	6	1.42	1	2.84	9.42	15.63	7.10	399.58	393.47	4.530	6.188	27.60	37.69	299.1	1700	18	72.2	10.4	0.202	1.0	-0.22	2.74	1.00	0.00	0.16	111115
9	"13:34:05"	20180316	75	0	2.72	0.0443	284	0.832	1.35	15.80	6	1.42	1	2.84	9.42	15.80	7.10	399.58	393.46	4.531	6.189	27.60	37.70	299.2	1700	18	72.2	10.4	0.202	1.0	-0.22	2.74	1.00	0.00	0.16	111115
10	"13:34:07"	20180316	75	0	2.79	0.0426	277	0.833	1.41	16.28	6	1.42	1	2.84	9.42	16.28	7.10	399.61	393.35	4.531	6.192	27.60	37.71	299.1	1700	18	72.2	10.4	0.202	1.0	-0.22	2.74	1.00	0.00	0.16	111115
11	"13:34:07"	20180316	75	0	2.79	0.042	275	0.834	1.43	16.46	6	1.42	1	2.84	9.42	16.46	7.10	399.60	393.35	4.530	6.193	27.59	37.72	299.1	1700	18	72.2	10.4	0.202	0.7	-0.22	2.74	1.00	0.00	0.16	111115
12	"13:34:08"	20180316	75	0	2.83	0.0408	270	0.835	1.47	16.81	6	1.42	1	2.84	9.42	16.81	7.10	399.59	393.25	4.531	6.196	27.59	37.74	299.1	1700	18	72.2	10.4	0.202	0.7	-0.22	2.74	1.00	0.00	0.16	111115
13	"13:34:09"	20180316	75	0	2.81	0.0402	269	0.838	1.5	17.02	6	1.42	1	2.84	9.42	17.02	7.10	399.53	393.23	4.532	6.202	27.60	37.77	299.1	1700	18	72.2	10.4	0.202	0.7	-0.22	2.74	1.00	0.00	0.16	111115
14	"13:34:10"	20180316	75	0	2.78	0.04	269	0.842	1.52	17.17	6	1.42	1	2.84	9.42	17.17	7.10	399.47	393.23	4.532	6.211	27.60	37.82	299.1	1700	18	72.2	10.4	0.202	0.7	-0.22	2.74	1.00	0.00	0.16	111115
15	"13:34:11"	20180316	75	0	2.79	0.0399	269	0.846	1.52	17.23	6	1.42	1	2.84	9.42	17.23	7.11	399.47	393.21	4.532	6.219	27.59	37.86	299.1	1700	18	72.2	10.4	0.202	0.7	-0.22	2.74	1.00	0.00	0.16	111115
"13:34:25 Coolers: Tblock -> 12.00 C"
"13:38:39 Flow: Fixed -> 300 umol/s"
16	"13:38:55"	20180316	75	0	3.06	0.0396	255	0.952	1.73	19.47	6	1.42	1	2.84	13.46	19.47	12.05	399.75	392.86	5.659	7.555	26.38	35.21	299.1	1699	18	72.19	10.6	0.194	1.0	-0.22	2.74	1.00	0.00	0.16	111115
17	"13:38:56"	20180316	75	0	3.03	0.0395	256	0.952	1.73	19.49	6	1.42	1	2.84	13.46	19.49	12.05	399.64	392.81	5.659	7.554	26.37	35.20	299.1	1699	18	72.19	10.6	0.194	1.0	-0.22	2.74	1.00	0.00	0.16	111115
18	"13:38:57"	20180316	75	0	3.01	0.0395	256	0.951	1.73	19.49	6	1.42	1	2.84	13.46	19.49	12.05	399.58	392.78	5.659	7.552	26.37	35.19	299.1	1699	18	72.19	10.6	0.194	1.0	-0.22	2.74	1.00	0.00	0.16	111115
19	"13:38:58"	20180316	75	0	3	0.0395	257	0.951	1.73	19.49	6	1.42	1	2.84	13.46	19.49	12.05	399.54	392.77	5.660	7.554	26.37	35.20	299.1	1699	18	72.19	10.6	0.194	1.0	-0.22	2.74	1.00	0.00	0.16	111115
20	"13:38:58"	20180316	75	0	3.02	0.0396	256	0.953	1.73	19.48	6	1.42	1	2.84	13.46	19.48	12.06	399.52	392.70	5.661	7.558	26.38	35.21	299.1	1699	19	72.19	10.6	0.194	1.0	-0.22	2.74	1.00	0.00	0.16	111115
21	"13:38:59"	20180316	75	0	3.01	0.0396	257	0.953	1.73	19.49	6	1.42	1	2.84	13.47	19.49	12.06	399.48	392.68	5.662	7.559	26.38	35.22	299.1	1699	18	72.19	10.6	0.194	1.0	-0.22	2.74	1.00	0.00	0.16	111115
22	"13:38:59"	20180316	75	0	2.99	0.0396	258	0.953	1.73	19.50	6	1.42	1	2.84	13.47	19.50	12.06	399.48	392.73	5.663	7.561	26.38	35.22	299.1	1699	18	72.19	10.6	0.194	1.0	-0.22	2.74	1.00	0.00	0.16	111115
23	"13:39:00"	20180316	75	0	3.03	0.0395	256	0.953	1.73	19.50	6	1.42	1	2.84	13.47	19.50	12.05	399.52	392.68	5.664	7.561	26.39	35.22	299.1	1699	18	72.19	10.6	0.194	1.0	-0.22	2.74	1.00	0.00	0.16	111115
24	"13:39:00"	20180316	75	0	3.07	0.0396	254	0.953	1.73	19.49	6	1.42	1	2.84	13.47	19.49	12.05	399.54	392.62	5.664	7.562	26.39	35.23	299.1	1699	18	72.19	10.6	0.194	0.7	-0.22	2.74	1.00	0.00	0.16	111115
25	"13:39:01"	20180316	75	0	3.09	0.0396	254	0.953	1.73	19.49	6	1.42	1	2.84	13.47	19.49	12.05	399.54	392.60	5.665	7.563	26.39	35.23	299.1	1699	18	72.19	10.6	0.194	0.7	-0.22	2.74	1.00	0.00	0.16	111115
26	"13:39:02"	20180316	75	0	3.09	0.0396	254	0.953	1.73	19.49	6	1.42	1	2.84	13.47	19.49	12.05	399.54	392.60	5.665	7.563	26.39	35.23	299.1	1699	18	72.19	10.6	0.194	0.7	-0.22	2.74	1.00	0.00	0.16	111115
27	"13:39:03"	20180316	75	0	3.11	0.0396	253	0.954	1.73	19.50	6	1.42	1	2.84	13.47	19.50	12.05	399.54	392.55	5.665	7.565	26.39	35.24	299.1	1699	18	72.19	10.6	0.194	0.7	-0.22	2.74	1.00	0.00	0.16	111115
28	"13:39:03"	20180316	75	0	3.16	0.0396	251	0.955	1.73	19.50	6	1.42	1	2.84	13.47	19.50	12.05	399.60	392.51	5.666	7.566	26.39	35.24	299.1	1699	19	72.19	10.6	0.194	0.7	-0.22	2.74	1.00	0.00	0.16	111115
29	"13:39:04"	20180316	75	0	3.11	0.0396	253	0.956	1.73	19.52	6	1.42	1	2.84	13.47	19.52	12.05	399.53	392.53	5.666	7.569	26.39	35.25	299.1	1699	19	72.19	10.6	0.194	0.7	-0.22	2.74	1.00	0.00	0.16	111115
30	"13:39:05"	20180316	75	0	3.11	0.0397	253	0.957	1.73	19.52	6	1.42	1	2.84	13.47	19.52	12.05	399.52	392.53	5.666	7.570	26.39	35.26	299.1	1699	19	72.19	10.6	0.194	0.7	-0.22	2.74	1.00	0.00	0.16	111115
"13:39:14 Coolers: Tblock -> 17.00 C"
"13:44:14 Flow: Fixed -> 300 umol/s"
31	"13:44:26"	20180316	75	0	3.2	0.038	243	0.998	1.88	21.77	6	1.42	1	2.84	17.68	21.77	17.05	399.97	392.77	8.259	10.240	29.37	36.42	299.1	1700	19	72.18	10.9	0.2	1.0	-0.22	2.74	1.00	0.00	0.16	111115
32	"13:44:27"	20180316	75	0	3.21	0.0379	242	0.997	1.88	21.78	6	1.42	1	2.84	17.68	21.78	17.05	399.99	392.77	8.258	10.238	29.37	36.41	299.1	1700	19	72.18	10.9	0.2	1.0	-0.22	2.74	1.00	0.00	0.16	111115
33	"13:44:27"	20180316	75	0	3.17	0.0379	244	0.998	1.88	21.78	6	1.42	1	2.84	17.68	21.78	17.05	399.94	392.79	8.257	10.238	29.36	36.41	299.1	1700	19	72.18	10.9	0.2	1.0	-0.22	2.74	1.00	0.00	0.16	111115
34	"13:44:28"	20180316	75	0	3.17	0.0379	244	0.998	1.88	21.78	6	1.42	1	2.84	17.68	21.78	17.05	399.90	392.77	8.257	10.237	29.36	36.40	299.1	1700	19	72.18	10.9	0.2	1.0	-0.22	2.74	1.00	0.00	0.16	111115
35	"13:44:28"	20180316	75	0	3.14	0.0379	245	0.998	1.88	21.78	6	1.42	1	2.84	17.68	21.78	17.05	399.82	392.73	8.258	10.238	29.36	36.40	299.1	1700	19	72.18	10.9	0.2	1.0	-0.22	2.74	1.00	0.00	0.16	111115
36	"13:44:29"	20180316	75	0	3.14	0.0379	245	0.998	1.88	21.78	6	1.42	1	2.84	17.68	21.78	17.05	399.79	392.70	8.258	10.238	29.36	36.40	299.1	1700	19	72.18	10.9	0.2	1.0	-0.22	2.74	1.00	0.00	0.16	111115
37	"13:44:29"	20180316	75	0	3.16	0.0379	244	0.998	1.88	21.78	6	1.42	1	2.84	17.68	21.78	17.05	399.79	392.66	8.258	10.239	29.36	36.40	299.1	1700	19	72.18	10.9	0.2	1.0	-0.22	2.74	1.00	0.00	0.16	111115
38	"13:44:30"	20180316	75	0	3.13	0.0379	246	0.998	1.88	21.78	6	1.42	1	2.84	17.68	21.78	17.05	399.74	392.68	8.258	10.238	29.36	36.40	299.1	1700	19	72.18	10.9	0.2	1.0	-0.22	2.74	1.00	0.00	0.16	111115
39	"13:44:30"	20180316	75	0	3.08	0.0379	247	0.998	1.88	21.78	6	1.42	1	2.84	17.68	21.78	17.05	399.67	392.70	8.259	10.240	29.36	36.40	299.1	1700	19	72.18	10.9	0.2	1.0	-0.22	2.74	1.00	0.00	0.16	111115
40	"13:44:31"	20180316	75	0	3.07	0.0379	248	0.997	1.88	21.78	6	1.42	1	2.84	17.68	21.78	17.05	399.61	392.67	8.260	10.240	29.36	36.40	299.1	1700	19	72.18	10.9	0.2	1.0	-0.22	2.74	1.00	0.00	0.16	111115
41	"13:44:32"	20180316	75	0	3.03	0.0379	250	0.998	1.88	21.79	6	1.42	1	2.84	17.68	21.79	17.06	399.57	392.70	8.260	10.242	29.36	36.41	299.1	1700	19	72.18	10.9	0.2	1.0	-0.22	2.74	1.00	0.00	0.16	111115
42	"13:44:33"	20180316	75	0	3.03	0.0379	249	0.997	1.88	21.80	6	1.42	1	2.84	17.69	21.80	17.06	399.54	392.67	8.260	10.241	29.36	36.40	299.1	1700	19	72.18	10.9	0.2	1.0	-0.22	2.74	1.00	0.00	0.16	111115
43	"13:44:33"	20180316	75	0	3.02	0.0378	250	0.997	1.88	21.81	6	1.42	1	2.84	17.69	21.81	17.06	399.51	392.67	8.261	10.241	29.36	36.40	299.1	1700	19	72.18	10.9	0.2	1.0	-0.22	2.74	1.00	0.00	0.16	111115
44	"13:44:34"	20180316	75	0	3.01	0.0378	250	0.997	1.88	21.81	6	1.42	1	2.84	17.69	21.81	17.06	399.47	392.64	8.261	10.240	29.36	36.39	299.1	1700	19	72.18	10.9	0.2	1.0	-0.22	2.74	1.00	0.00	0.16	111115
45	"13:44:35"	20180316	75	0	3.03	0.0379	249	0.999	1.88	21.82	6	1.42	1	2.84	17.69	21.82	17.06	399.47	392.61	8.260	10.244	29.35	36.40	299.1	1700	19	72.18	10.9	0.2	1.0	-0.22	2.74	1.00	0.00	0.16	111115
"13:44:43 Coolers: Tblock -> 22.00 C"
"13:47:33 Flow: Fixed -> 300 umol/s"
"13:49:35 Flow: Fixed -> 300 umol/s"
"13:51:19 Flow: Fixed -> 300 umol/s"
46	"13:51:29"	20180316	75	0	3	0.0346	238	1.01	2.07	24.21	6	1.42	1	2.84	21.98	24.21	22.04	399.87	393.06	11.364	13.360	30.94	36.38	299.1	1700	19	72.17	11.5	0.196	1.0	-0.22	2.74	1.00	0.00	0.16	111115
47	"13:51:30"	20180316	75	0	3	0.0346	238	1.01	2.07	24.21	6	1.42	1	2.84	21.98	24.21	22.04	399.92	393.10	11.364	13.361	30.94	36.38	299.1	1700	19	72.17	11.5	0.196	1.0	-0.22	2.74	1.00	0.00	0.16	111115
48	"13:51:30"	20180316	75	0	3.01	0.0347	238	1.01	2.07	24.21	6	1.42	1	2.84	21.98	24.21	22.04	399.93	393.10	11.363	13.361	30.94	36.38	299.1	1700	19	72.17	11.5	0.196	1.0	-0.22	2.74	1.00	0.00	0.16	111115
49	"13:51:31"	20180316	75	0	3.01	0.0347	238	1.01	2.07	24.21	6	1.42	1	2.84	21.98	24.21	22.04	399.95	393.12	11.363	13.361	30.94	36.38	299.1	1700	19	72.17	11.5	0.196	1.0	-0.22	2.74	1.00	0.00	0.16	111115
50	"13:51:31"	20180316	75	0	3.03	0.0346	237	1.01	2.07	24.22	6	1.42	1	2.84	21.98	24.22	22.04	399.98	393.11	11.364	13.361	30.94	36.38	299.1	1700	19	72.17	11.5	0.196	1.0	-0.22	2.74	1.00	0.00	0.16	111115
51	"13:51:32"	20180316	75	0	3.04	0.0346	236	1.01	2.07	24.22	6	1.42	1	2.84	21.98	24.22	22.04	399.98	393.08	11.363	13.361	30.94	36.37	299.1	1700	19	72.17	11.5	0.196	1.0	-0.22	2.74	1.00	0.00	0.16	111115
52	"13:51:32"	20180316	75	0	3.02	0.0346	237	1.01	2.07	24.22	6	1.42	1	2.84	21.98	24.22	22.04	399.94	393.09	11.364	13.360	30.94	36.37	299.1	1700	19	72.17	11.5	0.196	1.0	-0.22	2.74	1.00	0.00	0.16	111115
53	"13:51:33"	20180316	75	0	3.04	0.0346	236	1.01	2.07	24.22	6	1.42	1	2.84	21.98	24.22	22.04	399.99	393.09	11.365	13.361	30.94	36.38	299.1	1700	19	72.17	11.5	0.196	1.0	-0.22	2.74	1.00	0.00	0.16	111115
54	"13:51:33"	20180316	75	0	3.06	0.0346	235	1.01	2.07	24.22	6	1.42	1	2.84	21.98	24.22	22.04	400.02	393.09	11.365	13.364	30.94	36.38	299.1	1700	19	72.17	11.5	0.196	1.0	-0.22	2.74	1.00	0.00	0.16	111115
55	"13:51:34"	20180316	75	0	3.1	0.0347	234	1.01	2.07	24.22	6	1.42	1	2.84	21.98	24.22	22.04	400.05	393.04	11.364	13.364	30.94	36.38	299.1	1700	19	72.17	11.5	0.196	1.0	-0.22	2.74	1.00	0.00	0.16	111115
56	"13:51:34"	20180316	75	0	3.16	0.0347	231	1.01	2.07	24.22	6	1.42	1	2.84	21.99	24.22	22.04	400.16	393.01	11.364	13.364	30.93	36.38	299.1	1700	19	72.17	11.5	0.196	1.0	-0.22	2.74	1.00	0.00	0.16	111115
57	"13:51:35"	20180316	75	0	3.19	0.0347	230	1.01	2.07	24.21	6	1.42	1	2.84	21.98	24.21	22.04	400.23	393.03	11.363	13.364	30.93	36.38	299.1	1700	19	72.17	11.5	0.196	1.0	-0.22	2.74	1.00	0.00	0.16	111115
58	"13:51:36"	20180316	75	0	3.19	0.0348	230	1.01	2.07	24.21	6	1.42	1	2.84	21.98	24.21	22.04	400.28	393.08	11.363	13.366	30.93	36.39	299.1	1700	19	72.17	11.5	0.196	1.0	-0.22	2.74	1.00	0.00	0.16	111115
59	"13:51:36"	20180316	75	0	3.22	0.0348	229	1.01	2.07	24.20	6	1.42	1	2.84	21.99	24.20	22.04	400.36	393.10	11.362	13.369	30.93	36.39	299.1	1700	19	72.17	11.5	0.196	1.0	-0.22	2.74	1.00	0.00	0.16	111115
60	"13:51:37"	20180316	75	0	3.21	0.0348	229	1.01	2.07	24.20	6	1.42	1	2.84	21.99	24.20	22.04	400.40	393.16	11.363	13.368	30.93	36.39	299.1	1700	19	72.17	11.5	0.196	1.0	-0.22	2.74	1.00	0.00	0.16	111115
"13:51:48 Coolers: Tblock -> 27.00 C"
"13:54:23 Flow: Fixed -> 300 umol/s"
"13:56:10 Flow: Fixed -> 300 umol/s"
61	"13:56:21"	20180316	75	0	2.98	0.0318	226	0.995	2.21	26.46	6	1.42	1	2.84	26.29	26.46	27.07	400.16	393.39	15.442	17.404	32.47	36.59	299.1	1699	19	72.15	12.5	0.16	1.0	-0.22	2.74	1.00	0.00	0.16	111115
62	"13:56:21"	20180316	75	0	2.97	0.0318	227	0.996	2.21	26.47	6	1.42	1	2.84	26.29	26.47	27.07	400.15	393.40	15.443	17.406	32.46	36.59	299.1	1699	19	72.15	12.5	0.16	1.0	-0.22	2.74	1.00	0.00	0.16	111115
63	"13:56:22"	20180316	75	0	2.97	0.0317	226	0.995	2.21	26.48	6	1.42	1	2.84	26.29	26.48	27.07	400.13	393.39	15.444	17.406	32.46	36.59	299.1	1699	19	72.15	12.5	0.16	1.0	-0.22	2.74	1.00	0.00	0.16	111115
64	"13:56:22"	20180316	75	0	2.97	0.0317	227	0.996	2.22	26.48	6	1.42	1	2.84	26.29	26.48	27.07	400.13	393.39	15.445	17.409	32.46	36.59	299.1	1699	19	72.15	12.5	0.16	1.0	-0.22	2.74	1.00	0.00	0.16	111115
65	"13:56:23"	20180316	75	0	2.91	0.0318	229	0.998	2.22	26.49	6	1.42	1	2.84	26.29	26.49	27.07	400.06	393.43	15.445	17.412	32.46	36.59	299.1	1699	19	72.15	12.5	0.16	1.0	-0.22	2.74	1.00	0.00	0.16	111115
66	"13:56:23"	20180316	75	0	2.88	0.0317	231	0.997	2.22	26.49	6	1.42	1	2.84	26.29	26.49	27.07	400.02	393.45	15.447	17.412	32.46	36.59	299.1	1698	19	72.15	12.5	0.16	1.0	-0.22	2.74	1.00	0.00	0.16	111115
67	"13:56:24"	20180316	75	0	2.85	0.0317	233	0.996	2.22	26.49	6	1.42	1	2.84	26.30	26.49	27.07	399.95	393.45	15.448	17.412	32.46	36.59	299.1	1698	19	72.15	12.5	0.16	1.0	-0.22	2.74	1.00	0.00	0.16	111115
68	"13:56:24"	20180316	75	0	2.82	0.0317	234	0.996	2.22	26.49	6	1.42	1	2.84	26.30	26.49	27.07	399.89	393.45	15.448	17.411	32.46	36.58	299.1	1698	19	72.15	12.5	0.16	1.0	-0.22	2.74	1.00	0.00	0.16	111115
69	"13:56:25"	20180316	75	0	2.76	0.0317	237	0.996	2.22	26.49	6	1.42	1	2.84	26.30	26.49	27.07	399.81	393.48	15.449	17.413	32.46	36.58	299.1	1698	19	72.15	12.5	0.16	1.0	-0.22	2.74	1.00	0.00	0.16	111115
70	"13:56:25"	20180316	75	0	2.72	0.0317	239	0.996	2.22	26.49	6	1.42	1	2.84	26.30	26.49	27.07	399.71	393.47	15.449	17.412	32.46	36.58	299.1	1699	19	72.15	12.5	0.16	1.0	-0.22	2.74	1.00	0.00	0.16	111115
71	"13:56:26"	20180316	75	0	2.66	0.0317	242	0.996	2.22	26.49	6	1.42	1	2.84	26.30	26.49	27.07	399.64	393.51	15.449	17.413	32.46	36.58	299.1	1699	19	72.15	12.5	0.16	1.0	-0.22	2.74	1.00	0.00	0.16	111115
72	"13:56:26"	20180316	75	0	2.62	0.0318	244	0.998	2.22	26.49	6	1.42	1	2.84	26.30	26.49	27.07	399.55	393.50	15.450	17.416	32.45	36.59	299.1	1699	19	72.15	12.5	0.16	1.0	-0.22	2.74	1.00	0.00	0.16	111115
73	"13:56:27"	20180316	75	0	2.66	0.0318	242	0.997	2.22	26.48	6	1.42	1	2.84	26.30	26.48	27.07	399.55	393.42	15.452	17.417	32.46	36.59	299.1	1699	19	72.15	12.5	0.16	1.0	-0.22	2.74	1.00	0.00	0.16	111115
74	"13:56:28"	20180316	75	0	2.7	0.0318	240	0.999	2.22	26.49	6	1.42	1	2.84	26.31	26.49	27.07	399.53	393.32	15.454	17.424	32.46	36.59	299.1	1700	19	72.15	12.5	0.16	1.0	-0.22	2.74	1.00	0.00	0.16	111115
75	"13:56:29"	20180316	75	0	2.7	0.0319	241	1	2.22	26.49	6	1.42	1	2.84	26.31	26.49	27.07	399.51	393.30	15.455	17.430	32.45	36.60	299.1	1700	19	72.15	12.5	0.16	1.0	-0.22	2.74	1.00	0.00	0.16	111115
"13:56:42 Coolers: Tblock -> 32.00 C"
"14:06:21 Flow: Fixed -> 300 umol/s"
"14:08:16 Flow: Fixed -> 300 umol/s"
"14:09:09 Flow: Fixed -> 300 umol/s"
76	"14:09:29"	20180316	75	0	2.7	0.0304	230	1.19	2.74	30.40	6	1.42	1	2.84	31.37	30.40	32.05	399.63	393.28	20.184	22.519	31.60	35.25	299.0	1699	18	72.13	14.4	0.172	1.0	-0.22	2.74	1.00	0.00	0.16	111115
77	"14:09:30"	20180316	75	0	2.75	0.0304	227	1.19	2.74	30.40	6	1.42	1	2.84	31.37	30.40	32.05	399.68	393.22	20.185	22.519	31.60	35.25	299.0	1699	18	72.13	14.4	0.172	1.0	-0.22	2.74	1.00	0.00	0.16	111115
78	"14:09:30"	20180316	75	0	2.77	0.0304	227	1.19	2.73	30.40	6	1.42	1	2.84	31.37	30.40	32.05	399.71	393.21	20.185	22.519	31.60	35.25	299.0	1699	18	72.13	14.4	0.172	1.0	-0.22	2.74	1.00	0.00	0.16	111115
79	"14:09:31"	20180316	75	0	2.81	0.0304	225	1.19	2.73	30.39	6	1.42	1	2.84	31.37	30.39	32.05	399.73	393.16	20.187	22.520	31.60	35.25	299.0	1699	18	72.13	14.4	0.172	1.0	-0.22	2.74	1.00	0.00	0.16	111115
80	"14:09:31"	20180316	75	0	2.82	0.0304	224	1.19	2.73	30.39	6	1.42	1	2.84	31.37	30.39	32.05	399.72	393.14	20.188	22.521	31.60	35.26	299.0	1699	18	72.13	14.4	0.172	0.7	-0.22	2.74	1.00	0.00	0.16	111115
81	"14:09:32"	20180316	75	0	2.82	0.0304	224	1.19	2.73	30.39	6	1.42	1	2.84	31.37	30.39	32.05	399.70	393.11	20.187	22.519	31.60	35.25	299.0	1699	18	72.13	14.4	0.172	0.7	-0.22	2.74	1.00	0.00	0.16	111115
82	"14:09:32"	20180316	75	0	2.83	0.0303	223	1.19	2.73	30.38	6	1.42	1	2.84	31.37	30.38	32.05	399.70	393.08	20.187	22.513	31.60	35.24	299.0	1699	18	72.13	14.4	0.172	0.7	-0.22	2.74	1.00	0.00	0.16	111115
83	"14:09:33"	20180316	75	0	2.83	0.0304	223	1.19	2.73	30.38	6	1.42	1	2.84	31.37	30.38	32.05	399.69	393.07	20.186	22.513	31.60	35.24	299.0	1699	18	72.13	14.4	0.172	0.7	-0.22	2.74	1.00	0.00	0.16	111115
84	"14:09:34"	20180316	75	0	2.82	0.0304	223	1.19	2.73	30.38	6	1.42	1	2.84	31.37	30.38	32.05	399.64	393.03	20.187	22.515	31.60	35.24	299.0	1699	18	72.13	14.4	0.172	0.7	-0.22	2.74	1.00	0.00	0.16	111115
85	"14:09:34"	20180316	75	0	2.83	0.0303	223	1.19	2.73	30.38	6	1.42	1	2.84	31.37	30.38	32.06	399.61	393.00	20.187	22.513	31.60	35.24	299.0	1699	18	72.13	14.4	0.172	0.7	-0.22	2.74	1.00	0.00	0.16	111115
86	"14:09:35"	20180316	75	0	2.86	0.0303	221	1.19	2.73	30.38	6	1.42	1	2.84	31.37	30.38	32.06	399.64	392.96	20.187	22.513	31.60	35.24	299.0	1699	18	72.13	14.4	0.172	0.7	-0.22	2.74	1.00	0.00	0.16	111115
87	"14:09:35"	20180316	75	0	2.85	0.0303	222	1.19	2.73	30.39	6	1.42	1	2.84	31.37	30.39	32.06	399.64	392.98	20.187	22.512	31.60	35.24	299.0	1699	18	72.13	14.4	0.172	0.7	-0.22	2.74	1.00	0.00	0.16	111115
88	"14:09:36"	20180316	75	0	2.85	0.0303	222	1.19	2.73	30.39	6	1.42	1	2.84	31.37	30.39	32.06	399.64	392.99	20.188	22.514	31.60	35.24	299.0	1699	18	72.13	14.4	0.172	0.7	-0.22	2.74	1.00	0.00	0.16	111115
89	"14:09:36"	20180316	75	0	2.83	0.0304	223	1.19	2.73	30.39	6	1.42	1	2.84	31.37	30.39	32.06	399.63	393.02	20.188	22.519	31.60	35.25	299.0	1699	18	72.13	14.4	0.172	0.7	-0.22	2.74	1.00	0.00	0.16	111115
90	"14:09:37"	20180316	75	0	2.82	0.0304	224	1.19	2.73	30.39	6	1.42	1	2.84	31.37	30.39	32.06	399.63	393.03	20.190	22.522	31.60	35.25	299.0	1699	18	72.13	14.4	0.172	0.7	-0.22	2.74	1.00	0.00	0.16	111115
91	"14:09:37"	20180316	75	0	2.81	0.0304	224	1.19	2.73	30.39	6	1.42	1	2.84	31.37	30.39	32.06	399.62	393.04	20.190	22.524	31.60	35.26	299.0	1699	18	72.13	14.4	0.172	0.7	-0.22	2.74	1.00	0.00	0.16	111115
92	"14:09:39"	20180316	75	0	2.8	0.0304	225	1.19	2.73	30.39	6	1.42	1	2.84	31.37	30.39	32.05	399.66	393.09	20.190	22.525	31.60	35.26	299.0	1699	18	72.13	14.4	0.172	0.7	-0.22	2.74	1.00	0.00	0.16	111115
93	"14:09:39"	20180316	75	0	2.76	0.0304	227	1.19	2.73	30.40	6	1.42	1	2.84	31.37	30.40	32.05	399.62	393.14	20.190	22.525	31.60	35.26	299.0	1699	18	72.13	14.4	0.172	0.7	-0.22	2.74	1.00	0.00	0.16	111115
94	"14:09:40"	20180316	75	0	2.82	0.0305	224	1.19	2.73	30.40	6	1.42	1	2.84	31.37	30.40	32.05	399.64	393.04	20.192	22.532	31.61	35.27	299.0	1699	18	72.13	14.4	0.172	0.7	-0.22	2.74	1.00	0.00	0.16	111115
95	"14:09:40"	20180316	75	0	2.83	0.0305	224	1.19	2.74	30.40	6	1.42	1	2.84	31.37	30.40	32.05	399.63	393.02	20.192	22.531	31.61	35.27	299.0	1699	18	72.13	14.4	0.172	0.7	-0.22	2.74	1.00	0.00	0.16	111115
96	"14:09:41"	20180316	75	0	2.84	0.0304	223	1.19	2.74	30.40	6	1.42	1	2.84	31.37	30.40	32.05	399.65	393.00	20.192	22.529	31.61	35.26	299.0	1699	18	72.13	14.4	0.172	0.7	-0.22	2.74	1.00	0.00	0.16	111115
97	"14:09:42"	20180316	75	0	2.85	0.0304	222	1.19	2.74	30.41	6	1.42	1	2.84	31.37	30.41	32.05	399.66	393.00	20.192	22.530	31.61	35.26	299.0	1699	18	72.13	14.4	0.172	0.7	-0.22	2.74	1.00	0.00	0.16	111115
98	"14:09:42"	20180316	75	0	2.86	0.0305	222	1.19	2.74	30.41	6	1.42	1	2.84	31.37	30.41	32.05	399.65	392.97	20.192	22.533	31.60	35.27	299.0	1699	18	72.13	14.4	0.172	0.7	-0.22	2.74	1.00	0.00	0.16	111115
99	"14:09:43"	20180316	75	0	2.93	0.0305	218	1.19	2.74	30.41	6	1.42	1	2.84	31.37	30.41	32.05	399.70	392.88	20.191	22.534	31.60	35.27	299.0	1699	18	72.13	14.4	0.172	0.7	-0.22	2.74	1.00	0.00	0.16	111115
100	"14:09:44"	20180316	75	0	2.94	0.0305	218	1.19	2.74	30.41	6	1.42	1	2.84	31.37	30.41	32.05	399.76	392.92	20.189	22.532	31.60	35.27	299.0	1699	18	72.13	14.4	0.172	1.0	-0.22	2.74	1.00	0.00	0.16	111115
"14:09:54 Coolers: Tblock -> 37.00 C"
"14:14:13 Flow: Fixed -> 300 umol/s"
"14:15:38 Flow: Fixed -> 300 umol/s"
101	"14:15:50"	20180316	75	0	2.76	0.0262	203	1.16	3.06	33.34	6	1.42	1	2.84	35.73	33.34	37.05	400.09	393.64	26.710	28.974	32.75	35.53	299.0	1700	17	72.11	15.2	0.0486	1.0	-0.22	2.74	1.00	0.00	0.16	111115
102	"14:15:50"	20180316	75	0	2.77	0.0263	202	1.16	3.06	33.34	6	1.42	1	2.84	35.73	33.34	37.05	400.06	393.58	26.709	28.977	32.75	35.53	299.0	1700	17	72.11	15.2	0.0486	1.0	-0.22	2.74	1.00	0.00	0.16	111115
103	"14:15:51"	20180316	75	0	2.79	0.0263	201	1.17	3.06	33.35	6	1.42	1	2.84	35.73	33.35	37.05	400.09	393.56	26.710	28.981	32.75	35.54	299.0	1700	17	72.11	15.2	0.0486	1.0	-0.22	2.74	1.00	0.00	0.16	111115
104	"14:15:51"	20180316	75	0	2.82	0.0263	200	1.17	3.06	33.36	6	1.42	1	2.84	35.73	33.36	37.05	400.11	393.54	26.711	28.983	32.75	35.54	299.0	1700	17	72.11	15.2	0.0486	1.0	-0.22	2.74	1.00	0.00	0.16	111115
105	"14:15:52"	20180316	75	0	2.84	0.0263	198	1.16	3.06	33.36	6	1.42	1	2.84	35.73	33.36	37.04	400.12	393.49	26.712	28.981	32.75	35.53	299.0	1700	17	72.11	15.2	0.0486	1.0	-0.22	2.74	1.00	0.00	0.16	111115
106	"14:15:52"	20180316	75	0	2.84	0.0263	198	1.16	3.06	33.36	6	1.42	1	2.84	35.73	33.36	37.04	400.12	393.49	26.712	28.981	32.75	35.53	299.0	1700	17	72.11	15.2	0.0486	1.0	-0.22	2.74	1.00	0.00	0.16	111115
107	"14:15:53"	20180316	75	0	2.83	0.0263	199	1.17	3.07	33.37	6	1.42	1	2.84	35.73	33.37	37.04	400.10	393.51	26.711	28.984	32.75	35.54	299.0	1700	17	72.11	15.2	0.0486	1.0	-0.22	2.74	1.00	0.00	0.16	111115
108	"14:15:53"	20180316	75	0	2.81	0.0263	200	1.17	3.07	33.37	6	1.42	1	2.84	35.73	33.37	37.04	400.09	393.53	26.713	28.988	32.75	35.54	299.0	1700	17	72.11	15.2	0.0486	1.0	-0.22	2.74	1.00	0.00	0.16	111115
109	"14:15:54"	20180316	75	0	2.81	0.0263	200	1.17	3.07	33.37	6	1.42	1	2.84	35.73	33.37	37.04	400.09	393.53	26.713	28.988	32.75	35.54	299.0	1700	17	72.11	15.2	0.0486	1.0	-0.22	2.74	1.00	0.00	0.16	111115
110	"14:15:54"	20180316	75	0	2.76	0.0263	203	1.17	3.07	33.36	6	1.42	1	2.84	35.73	33.36	37.04	400.02	393.55	26.714	28.988	32.75	35.54	299.0	1700	17	72.11	15.2	0.0486	1.0	-0.22	2.74	1.00	0.00	0.16	111115
111	"14:15:55"	20180316	75	0	2.74	0.0263	204	1.17	3.07	33.37	6	1.42	1	2.84	35.73	33.37	37.03	400.00	393.58	26.714	28.988	32.75	35.54	299.0	1700	17	72.11	15.2	0.0486	1.0	-0.22	2.74	1.00	0.00	0.16	111115
112	"14:15:55"	20180316	75	0	2.74	0.0263	204	1.17	3.07	33.37	6	1.42	1	2.84	35.73	33.37	37.03	399.98	393.57	26.715	28.989	32.75	35.54	299.0	1700	17	72.11	15.2	0.0486	1.0	-0.22	2.74	1.00	0.00	0.16	111115
113	"14:15:56"	20180316	75	0	2.67	0.0264	209	1.17	3.07	33.37	6	1.42	1	2.84	35.73	33.37	37.03	399.88	393.59	26.715	28.993	32.75	35.54	299.0	1699	17	72.11	15.2	0.0486	1.0	-0.22	2.74	1.00	0.00	0.16	111115
114	"14:15:56"	20180316	75	0	2.6	0.0264	213	1.17	3.06	33.35	6	1.42	1	2.84	35.73	33.35	37.03	399.76	393.61	26.718	28.994	32.75	35.54	299.0	1699	17	72.11	15.2	0.0486	1.0	-0.22	2.74	1.00	0.00	0.16	111115
115	"14:15:57"	20180316	75	0	2.61	0.0263	212	1.17	3.06	33.36	6	1.42	1	2.84	35.73	33.36	37.03	399.73	393.58	26.718	28.993	32.75	35.54	299.0	1699	17	72.11	15.2	0.0486	1.0	-0.22	2.74	1.00	0.00	0.16	111115
"14:16:08 Coolers: Tblock -> 42.00 C"
"14:17:25 Flow: Fixed -> 300 umol/s"
"14:19:41 Flow: Fixed -> 300 umol/s"
"14:20:45 Flow: Fixed -> 300 umol/s"
116	"14:20:51"	20180316	75	0	2.47	0.0244	204	1.37	3.84	35.98	6	1.42	1	2.84	40.22	35.98	42.04	400.19	394.15	26.812	29.471	25.77	28.32	299.0	1700	17	72.1	16.8	0.0313	1.0	-0.22	2.74	1.00	0.00	0.16	111115
117	"14:20:51"	20180316	75	0	2.46	0.0244	205	1.37	3.84	35.97	6	1.42	1	2.84	40.23	35.97	42.04	400.17	394.16	26.810	29.470	25.76	28.32	299.0	1700	17	72.1	16.8	0.0313	1.0	-0.22	2.74	1.00	0.00	0.16	111115
118	"14:20:52"	20180316	75	0	2.48	0.0244	204	1.36	3.83	35.97	6	1.42	1	2.84	40.23	35.97	42.04	400.20	394.14	26.811	29.469	25.76	28.32	299.0	1700	17	72.1	16.8	0.0313	1.0	-0.22	2.74	1.00	0.00	0.16	111115
119	"14:20:52"	20180316	75	0	2.48	0.0244	204	1.36	3.83	35.96	6	1.42	1	2.84	40.23	35.96	42.04	400.18	394.12	26.810	29.465	25.76	28.31	299.0	1700	17	72.1	16.8	0.0313	1.0	-0.22	2.74	1.00	0.00	0.16	111115
120	"14:20:53"	20180316	75	0	2.44	0.0244	206	1.36	3.83	35.95	6	1.42	1	2.84	40.23	35.95	42.04	400.13	394.16	26.810	29.463	25.76	28.31	299.0	1700	17	72.1	16.8	0.0313	1.0	-0.22	2.74	1.00	0.00	0.16	111115
121	"14:20:53"	20180316	75	0	2.44	0.0244	206	1.36	3.83	35.95	6	1.42	1	2.84	40.23	35.95	42.04	400.13	394.16	26.810	29.463	25.76	28.31	299.0	1700	17	72.1	16.8	0.0313	1.0	-0.22	2.74	1.00	0.00	0.16	111115
122	"14:20:54"	20180316	75	0	2.42	0.0244	207	1.36	3.83	35.95	6	1.42	1	2.84	40.23	35.95	42.04	400.10	394.15	26.810	29.459	25.76	28.31	299.0	1700	17	72.1	16.8	0.0313	1.0	-0.22	2.74	1.00	0.00	0.16	111115
123	"14:20:54"	20180316	75	0	2.44	0.0244	206	1.36	3.82	35.94	6	1.42	1	2.84	40.23	35.94	42.04	400.08	394.11	26.811	29.461	25.76	28.31	299.0	1700	17	72.1	16.8	0.0313	1.0	-0.22	2.74	1.00	0.00	0.16	111115
124	"14:20:55"	20180316	75	0	2.43	0.0244	207	1.36	3.83	35.94	6	1.42	1	2.84	40.23	35.94	42.04	400.04	394.10	26.811	29.462	25.76	28.31	299.0	1700	17	72.1	16.8	0.0313	1.0	-0.22	2.74	1.00	0.00	0.16	111115
125	"14:20:56"	20180316	75	0	2.44	0.0244	206	1.36	3.83	35.94	6	1.42	1	2.84	40.23	35.94	42.04	400.02	394.05	26.811	29.464	25.76	28.31	299.0	1700	17	72.1	16.8	0.0313	1.0	-0.22	2.74	1.00	0.00	0.16	111115
126	"14:20:56"	20180316	75	0	2.43	0.0244	207	1.36	3.82	35.94	6	1.42	1	2.84	40.23	35.94	42.04	399.99	394.03	26.812	29.464	25.76	28.31	299.0	1700	17	72.1	16.8	0.0313	1.0	-0.22	2.74	1.00	0.00	0.16	111115
127	"14:20:57"	20180316	75	0	2.46	0.0245	205	1.36	3.83	35.95	6	1.42	1	2.84	40.23	35.95	42.05	400.03	394.02	26.813	29.469	25.76	28.31	299.0	1700	17	72.1	16.8	0.0313	1.0	-0.22	2.74	1.00	0.00	0.16	111115
128	"14:20:58"	20180316	75	0	2.47	0.0245	204	1.37	3.83	35.97	6	1.42	1	2.84	40.24	35.97	42.05	400.08	394.04	26.815	29.479	25.75	28.31	299.1	1700	17	72.1	16.8	0.0313	1.0	-0.22	2.74	1.00	0.00	0.16	111115
129	"14:20:58"	20180316	75	0	2.47	0.0245	204	1.37	3.84	35.98	6	1.42	1	2.84	40.24	35.98	42.05	400.07	394.02	26.813	29.479	25.75	28.31	299.1	1700	17	72.1	16.8	0.0313	1.0	-0.22	2.74	1.00	0.00	0.16	111115
130	"14:20:59"	20180316	75	0	2.51	0.0244	202	1.37	3.84	36.00	6	1.42	1	2.84	40.24	36.00	42.05	400.13	394.02	26.813	29.477	25.75	28.31	299.1	1700	17	72.1	16.8	0.0313	1.0	-0.22	2.74	1.00	0.00	0.16	111115
"14:21:12 Coolers: Tblock -> 47.00 C"
"14:23:50 Flow: Fixed -> 300 umol/s"
131	"14:24:02"	20180316	75	0	2.29	0.0266	227	1.5	3.89	36.17	6	1.42	1	2.84	44.49	36.17	47.04	399.91	394.12	26.719	29.648	20.52	22.77	299.1	1699	17	72.1	17.3	-0.00643	1.0	-0.22	2.74	1.00	0.00	0.16	111115
132	"14:24:03"	20180316	75	0	2.32	0.0266	225	1.5	3.89	36.17	6	1.42	1	2.84	44.49	36.17	47.04	399.90	394.07	26.719	29.647	20.52	22.77	299.1	1699	17	72.1	17.3	-0.00643	1.0	-0.22	2.74	1.00	0.00	0.16	111115
133	"14:24:03"	20180316	75	0	2.35	0.0266	223	1.51	3.89	36.17	6	1.42	1	2.84	44.49	36.17	47.04	399.95	394.04	26.718	29.650	20.52	22.77	299.1	1699	17	72.1	17.3	-0.00643	1.0	-0.22	2.74	1.00	0.00	0.16	111115
134	"14:24:04"	20180316	75	0	2.37	0.0266	222	1.5	3.89	36.17	6	1.42	1	2.84	44.49	36.17	47.04	400.00	394.05	26.718	29.647	20.52	22.77	299.1	1699	17	72.1	17.3	-0.00643	1.0	-0.22	2.74	1.00	0.00	0.16	111115
135	"14:24:04"	20180316	75	0	2.36	0.0265	222	1.5	3.89	36.18	6	1.42	1	2.84	44.49	36.18	47.04	400.00	394.07	26.717	29.645	20.52	22.76	299.1	1699	17	72.1	17.3	-0.00643	1.0	-0.22	2.74	1.00	0.00	0.16	111115
136	"14:24:05"	20180316	75	0	2.35	0.0265	223	1.5	3.89	36.18	6	1.42	1	2.84	44.49	36.18	47.04	400.00	394.09	26.716	29.643	20.51	22.76	299.1	1699	17	72.1	17.3	-0.00643	1.0	-0.22	2.74	1.00	0.00	0.16	111115
137	"14:24:05"	20180316	75	0	2.35	0.0265	223	1.5	3.89	36.18	6	1.42	1	2.84	44.49	36.18	47.04	400.00	394.09	26.716	29.643	20.51	22.76	299.1	1699	17	72.1	17.3	-0.00643	1.0	-0.22	2.74	1.00	0.00	0.16	111115
138	"14:24:06"	20180316	75	0	2.34	0.0265	224	1.5	3.9	36.19	6	1.42	1	2.84	44.49	36.19	47.04	400.00	394.12	26.717	29.642	20.51	22.76	299.1	1699	17	72.1	17.3	-0.00643	1.0	-0.22	2.74	1.00	0.00	0.16	111115
139	"14:24:06"	20180316	75	0	2.35	0.0265	223	1.5	3.9	36.20	6	1.42	1	2.84	44.49	36.20	47.04	400.00	394.11	26.716	29.643	20.51	22.76	299.1	1699	17	72.1	17.3	-0.00643	1.0	-0.22	2.74	1.00	0.00	0.16	111115
140	"14:24:07"	20180316	75	0	2.36	0.0264	222	1.5	3.9	36.21	6	1.42	1	2.84	44.50	36.21	47.05	400.00	394.08	26.714	29.642	20.51	22.76	299.0	1699	17	72.09	17.3	-0.00643	1.0	-0.22	2.74	1.00	0.00	0.16	111115
141	"14:24:07"	20180316	75	0	2.37	0.0264	221	1.5	3.91	36.23	6	1.42	1	2.84	44.50	36.23	47.05	400.02	394.07	26.715	29.644	20.51	22.76	299.0	1699	17	72.1	17.3	-0.00643	1.0	-0.22	2.74	1.00	0.00	0.16	111115
142	"14:24:08"	20180316	75	0	2.34	0.0264	223	1.5	3.91	36.23	6	1.42	1	2.84	44.50	36.23	47.05	399.99	394.10	26.716	29.642	20.51	22.75	299.1	1699	17	72.1	17.3	-0.00643	1.0	-0.22	2.74	1.00	0.00	0.16	111115
143	"14:24:08"	20180316	75	0	2.32	0.0264	224	1.5	3.91	36.24	6	1.42	1	2.84	44.50	36.24	47.05	399.95	394.11	26.714	29.644	20.50	22.75	299.1	1699	17	72.09	17.3	-0.00643	1.0	-0.22	2.74	1.00	0.00	0.16	111115
144	"14:24:09"	20180316	75	0	2.35	0.0264	222	1.5	3.91	36.25	6	1.42	1	2.84	44.50	36.25	47.05	399.95	394.05	26.715	29.642	20.50	22.75	299.0	1699	17	72.1	17.3	-0.00643	1.0	-0.22	2.74	1.00	0.00	0.16	111115
145	"14:24:10"	20180316	75	0	2.31	0.0264	224	1.51	3.91	36.25	6	1.42	1	2.84	44.51	36.25	47.06	399.93	394.10	26.713	29.643	20.49	22.74	299.1	1698	17	72.1	17.3	-0.00643	1.0	-0.22	2.74	1.00	0.00	0.16	111115
"14:24:21 Coolers: Tblock -> 50.00 C"
"14:26:35 Flow: Fixed -> 300 umol/s"
"14:27:44 Flow: Fixed -> 300 umol/s"
146	"14:27:50"	20180316	75	0	2.3	0.0231	198	1.77	5.2	39.90	6	1.42	1	2.84	47.08	39.90	49.73	400.33	394.32	26.636	30.090	17.91	20.23	299.0	1700	16	72.09	19.1	0.0195	1.0	-0.22	2.74	1.00	0.00	0.16	111115
147	"14:27:50"	20180316	75	0	2.29	0.0232	198	1.78	5.2	39.89	6	1.42	1	2.84	47.08	39.89	49.73	400.30	394.30	26.635	30.090	17.91	20.23	299.0	1700	16	72.09	19.1	0.0195	1.0	-0.22	2.74	1.00	0.00	0.16	111115
148	"14:27:51"	20180316	75	0	2.29	0.0232	198	1.77	5.2	39.88	6	1.42	1	2.84	47.08	39.88	49.73	400.28	394.27	26.634	30.088	17.91	20.23	299.0	1700	16	72.09	19.1	0.0195	1.0	-0.22	2.74	1.00	0.00	0.16	111115
149	"14:27:51"	20180316	75	0	2.26	0.0232	200	1.78	5.2	39.89	6	1.42	1	2.84	47.08	39.89	49.73	400.25	394.31	26.633	30.090	17.90	20.23	299.0	1700	16	72.09	19.1	0.0195	1.0	-0.22	2.74	1.00	0.00	0.16	111115
150	"14:27:52"	20180316	75	0	2.27	0.0232	200	1.78	5.2	39.88	6	1.42	1	2.84	47.08	39.88	49.73	400.27	394.30	26.633	30.094	17.90	20.23	299.0	1700	16	72.09	19.1	0.0195	1.0	-0.22	2.74	1.00	0.00	0.16	111115
151	"14:27:52"	20180316	75	0	2.27	0.0232	200	1.78	5.2	39.88	6	1.42	1	2.84	47.08	39.88	49.73	400.27	394.30	26.633	30.094	17.90	20.23	299.0	1700	16	72.09	19.1	0.0195	1.0	-0.22	2.74	1.00	0.00	0.16	111115
152	"14:27:52"	20180316	75	0	2.27	0.0233	200	1.78	5.19	39.86	6	1.42	1	2.84	47.08	39.86	49.73	400.27	394.30	26.634	30.099	17.90	20.23	299.0	1700	16	72.09	19.1	0.0195	1.0	-0.22	2.74	1.00	0.00	0.16	111115
153	"14:27:53"	20180316	75	0	2.27	0.0233	201	1.78	5.18	39.85	6	1.42	1	2.84	47.08	39.85	49.73	400.26	394.30	26.633	30.103	17.90	20.23	299.0	1700	16	72.09	19.1	0.0195	1.0	-0.22	2.74	1.00	0.00	0.16	111115
154	"14:27:53"	20180316	75	0	2.28	0.0234	201	1.79	5.18	39.84	6	1.42	1	2.84	47.08	39.84	49.73	400.24	394.26	26.634	30.109	17.90	20.24	299.0	1700	16	72.09	19.1	0.0195	1.0	-0.22	2.74	1.00	0.00	0.16	111115
155	"14:27:54"	20180316	75	0	2.24	0.0234	204	1.79	5.18	39.84	6	1.42	1	2.84	47.09	39.84	49.73	400.20	394.30	26.634	30.112	17.90	20.24	299.0	1700	16	72.09	19.1	0.0195	1.0	-0.22	2.74	1.00	0.00	0.16	111115
156	"14:27:54"	20180316	75	0	2.24	0.0234	204	1.79	5.18	39.84	6	1.42	1	2.84	47.09	39.84	49.73	400.20	394.30	26.634	30.112	17.90	20.24	299.0	1700	16	72.09	19.1	0.0195	1.0	-0.22	2.74	1.00	0.00	0.16	111115
157	"14:27:55"	20180316	75	0	2.26	0.0234	202	1.79	5.19	39.86	6	1.42	1	2.84	47.09	39.86	49.73	400.25	394.30	26.634	30.113	17.90	20.24	299.0	1700	16	72.09	19.1	0.0195	1.0	-0.22	2.74	1.00	0.00	0.16	111115
158	"14:27:55"	20180316	75	0	2.29	0.0234	200	1.79	5.19	39.87	6	1.42	1	2.84	47.09	39.87	49.73	400.27	394.27	26.635	30.112	17.90	20.24	299.1	1700	16	72.09	19.1	0.0195	1.0	-0.22	2.74	1.00	0.00	0.16	111115
159	"14:27:56"	20180316	75	0	2.31	0.0234	199	1.79	5.19	39.87	6	1.42	1	2.84	47.09	39.87	49.73	400.31	394.27	26.636	30.114	17.90	20.24	299.1	1700	16	72.09	19.1	0.0195	1.0	-0.22	2.74	1.00	0.00	0.16	111115
160	"14:27:56"	20180316	75	0	2.29	0.0234	200	1.79	5.19	39.88	6	1.42	1	2.84	47.09	39.88	49.73	400.28	394.27	26.635	30.112	17.90	20.24	299.1	1700	16	72.09	19.1	0.0195	1.0	-0.22	2.74	1.00	0.00	0.16	111115
161	"14:27:57"	20180316	75	0	2.31	0.0234	198	1.79	5.2	39.88	6	1.42	1	2.84	47.09	39.88	49.73	400.29	394.24	26.633	30.112	17.90	20.24	299.1	1700	16	72.09	19.1	0.0195	1.0	-0.22	2.74	1.00	0.00	0.16	111115
