"OPEN 6.3.4"
"Fri Mar 16 2018 15:42:10"
<open><version>"6.3.4"</version></open>
<open><configfile>"/User/Configs/UserPrefs/LED2x3.xml"</configfile></open>
<open><light><source>"6400-02 or -02B LED Source"</source><par_in>1<sensor>"SI-2503"<cal>-0.86<actinity>1.00</actinity><transm>1.00</transm></cal></sensor><transm>1</transm></par_in><par_out>1<sensor>"Q40491"<cal>6.5</cal></sensor></par_out></light></open>
<open><comps><file>"/User/Configs/Comps/StdComps_6.1"<header>""</header><extras></extras></file><energybal>no<f_parIn>1</f_parIn><f_parOut>0</f_parOut><alphaK>0.16</alphaK></energybal><bc_total>2.840<stomatal_ratio>1</stomatal_ratio><bc_oneside>1.420<type>2</type><table>"/Sys/Lib/StdBLCTable"</table><area>6</area><slope>-0.219565</slope><offset>2.73739</offset><fan>5</fan></bc_oneside></bc_total></comps></open>
<open><prompts><onlog>off</onlog><items>"Default (none)"</items></prompts></open>
<open><constants><oxygen>21 %</oxygen><bb_vapor>1.5</bb_vapor><bb_oxy>0.9</bb_oxy></constants></open>
<open><stability><items>"Std Stability"<items[1]><id>-2</id><size>15</size><pcv><onoff>0</onoff><value>1</value></pcv><std><onoff>0</onoff><value>1</value></std><slp><onoff>1</onoff><value>1</value></slp></items[1]><items[2]><id>-5</id><size>15</size><pcv><onoff>0</onoff><value>1</value></pcv><std><onoff>0</onoff><value>1</value></std><slp><onoff>1</onoff><value>1</value></slp></items[2]><items[3]><id>-7</id><size>15</size><pcv><onoff>0</onoff><value>1</value></pcv><std><onoff>0</onoff><value>1</value></std><slp><onoff>1</onoff><value>1</value></slp></items[3]></items></stability></open>
<open><log><format>"StdLogFmt_6.0"<items>{ -35 -21 -70 -69 -76 30 23 36 21 25 221 -33 111 -34 11 -9 -10 -8 -1 -2 -4 -5 -14 -15 -7 -12 -13 -11 -65 -66 -72 -18 -19 -77 -78 -79 -23  }<hdr>{  }</hdr></items></format><options><beep>on</beep><match>"never"<time>30</time><co2>100</co2><delta>10</delta></match><hdr>normal</hdr><rem>normal</rem><stab>no</stab><stats>no<mean>no</mean><file>no</file><period>15</period></stats><excel>yes</excel><controls>yes</controls><comm>no</comm></options><datafile>"/User/031618-PSAST-EON6400"</datafile><button><action>"Normal Log"<code>" LogOneObsManual "</code></action></button><autoprog>"/User/Configs/AutoProgs/AutoLog2"<active>no</active></autoprog></log></open>
<open><a2d><avgtime>4.0 secs</avgtime><userchans><ch20>"Off"</ch20><ch21>"Off"</ch21><ch22>"Off"</ch22><ch23>"Off"</ch23></userchans></a2d></open>
<open><matching><type>0</type><disp>'a'</disp><settings>><CO2Limit>10.0</CO2Limit><H2OLimit>1.0</H2OLimit><MaxAutoTime>60</MaxAutoTime><AverageTime>10</AverageTime></settings></matching></open>
<li6400><factory><unit>"PSC-2470"</unit><serviced>"5 Feb 2018"</serviced><fuseaware>0</fuseaware><co2mixer>yes</co2mixer><co2><coeffs>{ 0 0.214772 2.55802e-05 1.93228e-08 -3.02262e-12 2.75724e-16  }</coeffs><dvdt>-4</dvdt><xs>{ 9.11e-05 0.00178  }</xs></co2><h2o><coeffs>{ 0 0.00581526 2.16703e-06 7.69607e-12  }</coeffs><dvdt>-2.9</dvdt><xs>{ -0.000111 -0.00256  }</xs></h2o><flow>{ 0 0.3696  }</flow><press>{ 86.913 0.00551  }</press></factory></li6400>
<li6400><user><flow_zero>-3.5</flow_zero><irga_zero><co2>113.5 152.5<at>27.1329</at></co2><h2o>-3.5 -3.5<at>28.1091</at></h2o></irga_zero><irga_span><co2>{ 0.990134 0.992694  }</co2><h2o>{ 0.996743 0.99801  }</h2o></irga_span><irga_match><co2>{ 0.110267 10.5191  }</co2><h2o>{ -0.0816591 0.198723  }</h2o></irga_match><co2_mixer><pump_mv>4500</pump_mv><ppm>{ 2352.67 1117.67 439.284 266.3 121.188 70.6751 48.8233 48.8102  }</ppm><mv>{ 5000 3000 1500 1000 500 300 200 100  }</mv></co2_mixer><parin_offset>-0.211894</parin_offset><led_cal><unit>"SI-2503"</unit><mv>{ 10 25 50 100 1000 2000 3000 4000 5000  }</mv><qntm>{ 1.83047 9.20354 23.3042 57.5395 736.221 1467.2 2160.1 2821.48 3447.04  }</qntm></led_cal><lcf_cal><unit>"LCF-0981"</unit><red><mv>{ 50 100 200 400 800 1500  }</mv><qntm>{ 64.6036 145.758 312.409 661.73 1377.94 2641.23  }</qntm></red><blue><mv>{ 100 500 1000 2000 3000 4000 5000  }</mv><qntm>{ 11.107 44.4539 81.9578 145.168 203.372 256.093 300.56  }</qntm></blue></lcf_cal></user></li6400>
"15:42:11 "
$STARTOFDATA$
"Obs"	"HHMMSS"	"YYYYMMDD"	"DOY"	"EBal?"	"Photo"	"Cond"	"Ci"	"Trmmol"	"VpdL"	"CTleaf"	"Area"	"BLC_1"	"StmRat"	"BLCond"	"Tair"	"Tleaf"	"TBlk"	"CO2R"	"CO2S"	"H2OR"	"H2OS"	"RH_R"	"RH_S"	"Flow"	"PARi"	"PARo"	"Press"	"CsMch"	"HsMch"	"StableF"	"BLCslope"	"BLCoffst"	"f_parin"	"f_parout"	"alphaK"	"Status"
"15:42:50 Flow: Fixed -> 200 umol/s"
"15:44:03 Flow: Fixed -> 200 umol/s"
1	"15:44:09"	20180316	75	0	4.18	0.063	266	1.39	1.59	17.83	6	1.42	1	2.84	12.12	17.83	10.46	400.29	386.12	2.220	6.359	11.26	32.27	199.7	1699	7	72	10.5	0.185	1.0	-0.22	2.74	1.00	0.00	0.16	111115
2	"15:44:10"	20180316	75	0	4.17	0.063	267	1.39	1.59	17.84	6	1.42	1	2.84	12.13	17.84	10.47	400.29	386.15	2.219	6.362	11.26	32.27	199.7	1699	7	72	10.5	0.185	1.0	-0.22	2.74	1.00	0.00	0.16	111115
3	"15:44:10"	20180316	75	0	4.17	0.063	267	1.39	1.59	17.84	6	1.42	1	2.84	12.13	17.84	10.47	400.29	386.15	2.219	6.362	11.26	32.27	199.7	1699	7	72	10.5	0.185	1.0	-0.22	2.74	1.00	0.00	0.16	111115
4	"15:44:11"	20180316	75	0	4.17	0.063	266	1.39	1.59	17.84	6	1.42	1	2.84	12.13	17.84	10.48	400.31	386.16	2.219	6.361	11.25	32.26	199.7	1699	7	72	10.5	0.185	1.0	-0.22	2.74	1.00	0.00	0.16	111115
5	"15:44:11"	20180316	75	0	4.18	0.0629	266	1.39	1.59	17.85	6	1.42	1	2.84	12.14	17.85	10.48	400.31	386.15	2.219	6.359	11.25	32.23	199.7	1699	7	72	10.5	0.185	1.0	-0.22	2.74	1.00	0.00	0.16	111115
6	"15:44:12"	20180316	75	0	4.15	0.0629	267	1.39	1.59	17.85	6	1.42	1	2.84	12.14	17.85	10.49	400.25	386.17	2.220	6.357	11.25	32.21	199.7	1699	7	72	10.5	0.185	1.0	-0.22	2.74	1.00	0.00	0.16	111115
7	"15:44:12"	20180316	75	0	4.15	0.0628	267	1.39	1.6	17.86	6	1.42	1	2.84	12.15	17.86	10.50	400.24	386.15	2.219	6.355	11.24	32.19	199.7	1699	7	72	10.5	0.185	1.0	-0.22	2.74	1.00	0.00	0.16	111115
8	"15:44:13"	20180316	75	0	4.14	0.0627	267	1.39	1.6	17.87	6	1.42	1	2.84	12.15	17.87	10.50	400.21	386.16	2.219	6.355	11.23	32.18	199.7	1699	7	72	10.5	0.185	1.0	-0.22	2.74	1.00	0.00	0.16	111115
9	"15:44:13"	20180316	75	0	4.15	0.0627	266	1.39	1.6	17.89	6	1.42	1	2.84	12.16	17.89	10.51	400.25	386.17	2.219	6.355	11.23	32.17	199.7	1699	7	72	10.5	0.185	1.0	-0.22	2.74	1.00	0.00	0.16	111115
10	"15:44:14"	20180316	75	0	4.15	0.0626	266	1.38	1.6	17.90	6	1.42	1	2.84	12.16	17.90	10.51	400.29	386.22	2.219	6.353	11.23	32.15	199.7	1699	7	72	10.5	0.185	1.0	-0.22	2.74	1.00	0.00	0.16	111115
11	"15:44:15"	20180316	75	0	4.14	0.0625	266	1.38	1.6	17.90	6	1.42	1	2.84	12.17	17.90	10.52	400.29	386.25	2.219	6.350	11.23	32.12	199.7	1699	7	72	10.5	0.185	1.0	-0.22	2.74	1.00	0.00	0.16	111115
12	"15:44:15"	20180316	75	0	4.14	0.0625	266	1.38	1.6	17.90	6	1.42	1	2.84	12.17	17.90	10.52	400.30	386.26	2.219	6.350	11.22	32.12	199.7	1699	7	72	10.5	0.185	1.0	-0.22	2.74	1.00	0.00	0.16	111115
13	"15:44:16"	20180316	75	0	4.15	0.0625	266	1.38	1.6	17.90	6	1.42	1	2.84	12.18	17.90	10.53	400.33	386.25	2.219	6.351	11.22	32.11	199.7	1699	7	72	10.5	0.185	1.0	-0.22	2.74	1.00	0.00	0.16	111115
14	"15:44:16"	20180316	75	0	4.17	0.0625	266	1.38	1.6	17.90	6	1.42	1	2.84	12.18	17.90	10.54	400.39	386.26	2.219	6.350	11.21	32.09	199.7	1699	7	72	10.5	0.185	1.0	-0.22	2.74	1.00	0.00	0.16	111115
15	"15:44:17"	20180316	75	0	4.18	0.0625	265	1.38	1.6	17.89	6	1.42	1	2.84	12.19	17.89	10.54	400.43	386.27	2.219	6.348	11.21	32.07	199.7	1699	7	72	10.5	0.185	1.0	-0.22	2.74	1.00	0.00	0.16	111115
16	"15:44:17"	20180316	75	0	4.2	0.0625	265	1.38	1.6	17.89	6	1.42	1	2.84	12.19	17.89	10.55	400.47	386.25	2.220	6.348	11.21	32.06	199.7	1699	7	72	10.5	0.185	1.0	-0.22	2.74	1.00	0.00	0.16	111115
"15:44:29 Coolers: Tblock -> 13.50 C"
"15:49:28 Flow: Fixed -> 200 umol/s"
17	"15:49:39"	20180316	75	0	4.07	0.0587	261	1.38	1.69	19.77	6	1.42	1	2.84	14.95	19.77	13.56	400.13	386.29	4.489	8.604	18.94	36.31	199.7	1699	7	71.99	10.7	0.186	1.0	-0.22	2.74	1.00	0.00	0.16	111115
18	"15:49:40"	20180316	75	0	4.05	0.0587	262	1.38	1.69	19.78	6	1.42	1	2.84	14.95	19.78	13.56	400.10	386.32	4.488	8.606	18.94	36.31	199.7	1699	7	71.99	10.7	0.186	1.0	-0.22	2.74	1.00	0.00	0.16	111115
19	"15:49:40"	20180316	75	0	4.06	0.0588	261	1.38	1.69	19.77	6	1.42	1	2.84	14.95	19.77	13.56	400.09	386.28	4.488	8.607	18.94	36.32	199.7	1699	7	71.99	10.7	0.186	1.0	-0.22	2.74	1.00	0.00	0.16	111115
20	"15:49:41"	20180316	75	0	4.05	0.0588	262	1.38	1.69	19.77	6	1.42	1	2.84	14.95	19.77	13.56	400.06	386.29	4.488	8.606	18.94	36.31	199.7	1699	7	71.99	10.7	0.186	1.0	-0.22	2.74	1.00	0.00	0.16	111115
21	"15:49:41"	20180316	75	0	4.05	0.0588	262	1.38	1.69	19.76	6	1.42	1	2.84	14.95	19.76	13.56	400.06	386.28	4.487	8.605	18.93	36.31	199.7	1699	7	71.99	10.7	0.186	1.0	-0.22	2.74	1.00	0.00	0.16	111115
22	"15:49:42"	20180316	75	0	4.06	0.0588	261	1.38	1.69	19.76	6	1.42	1	2.84	14.95	19.76	13.56	400.04	386.23	4.487	8.606	18.93	36.31	199.7	1699	7	71.99	10.7	0.186	1.0	-0.22	2.74	1.00	0.00	0.16	111115
23	"15:49:42"	20180316	75	0	4.06	0.0588	261	1.38	1.69	19.76	6	1.42	1	2.84	14.95	19.76	13.56	400.04	386.23	4.487	8.606	18.93	36.31	199.7	1699	7	71.99	10.7	0.186	1.0	-0.22	2.74	1.00	0.00	0.16	111115
24	"15:49:43"	20180316	75	0	4.03	0.0588	262	1.38	1.69	19.77	6	1.42	1	2.84	14.95	19.77	13.56	399.97	386.27	4.487	8.605	18.93	36.31	199.7	1699	7	71.99	10.7	0.186	1.0	-0.22	2.74	1.00	0.00	0.16	111115
25	"15:49:43"	20180316	75	0	4	0.0587	263	1.38	1.69	19.77	6	1.42	1	2.84	14.95	19.77	13.56	399.88	386.25	4.487	8.604	18.93	36.30	199.7	1699	7	71.99	10.7	0.186	1.0	-0.22	2.74	1.00	0.00	0.16	111115
26	"15:49:44"	20180316	75	0	3.94	0.0586	264	1.38	1.7	19.78	6	1.42	1	2.84	14.95	19.78	13.56	399.70	386.26	4.487	8.599	18.93	36.28	199.7	1699	7	71.99	10.7	0.186	1.0	-0.22	2.74	1.00	0.00	0.16	111115
27	"15:49:45"	20180316	75	0	3.92	0.0586	265	1.38	1.7	19.78	6	1.42	1	2.84	14.95	19.78	13.57	399.63	386.24	4.487	8.599	18.93	36.28	199.7	1699	7	71.99	10.7	0.186	1.0	-0.22	2.74	1.00	0.00	0.16	111115
28	"15:49:45"	20180316	75	0	3.9	0.0586	265	1.38	1.7	19.78	6	1.42	1	2.84	14.95	19.78	13.57	399.55	386.23	4.487	8.600	18.93	36.28	199.7	1699	7	71.99	10.7	0.186	1.0	-0.22	2.74	1.00	0.00	0.16	111115
29	"15:49:46"	20180316	75	0	3.88	0.0586	266	1.38	1.7	19.78	6	1.42	1	2.84	14.95	19.78	13.57	399.48	386.23	4.487	8.598	18.93	36.28	199.7	1699	7	71.99	10.7	0.186	1.0	-0.22	2.74	1.00	0.00	0.16	111115
30	"15:49:46"	20180316	75	0	3.85	0.0586	267	1.38	1.69	19.77	6	1.42	1	2.84	14.96	19.77	13.57	399.44	386.27	4.487	8.597	18.93	36.27	199.7	1699	7	71.99	10.7	0.186	1.0	-0.22	2.74	1.00	0.00	0.16	111115
31	"15:49:47"	20180316	75	0	3.85	0.0587	267	1.38	1.69	19.76	6	1.42	1	2.84	14.96	19.76	13.57	399.41	386.23	4.488	8.599	18.93	36.27	199.7	1699	7	71.99	10.7	0.186	1.0	-0.22	2.74	1.00	0.00	0.16	111115
32	"15:49:47"	20180316	75	0	3.85	0.0587	267	1.38	1.69	19.76	6	1.42	1	2.84	14.96	19.76	13.57	399.39	386.22	4.488	8.598	18.93	36.27	199.7	1699	7	71.99	10.7	0.186	1.0	-0.22	2.74	1.00	0.00	0.16	111115
33	"15:49:48"	20180316	75	0	3.85	0.0587	267	1.38	1.69	19.76	6	1.42	1	2.84	14.96	19.76	13.58	399.37	386.20	4.488	8.598	18.93	36.26	199.7	1699	7	71.99	10.7	0.186	1.0	-0.22	2.74	1.00	0.00	0.16	111115
34	"15:49:49"	20180316	75	0	3.83	0.0587	268	1.38	1.69	19.75	6	1.42	1	2.84	14.96	19.75	13.58	399.35	386.26	4.488	8.596	18.93	36.25	199.7	1699	7	71.99	10.7	0.186	1.0	-0.22	2.74	1.00	0.00	0.16	111115
"15:50:07 Coolers: Tblock -> 18.50 C"
"15:55:20 Flow: Fixed -> 200 umol/s"
"15:56:21 Flow: Fixed -> 200 umol/s"
35	"15:56:33"	20180316	75	0	3.93	0.053	252	1.4	1.88	22.25	6	1.42	1	2.84	19.15	22.25	18.56	399.87	386.45	7.113	11.262	23.00	36.42	199.7	1700	6	71.99	11.3	0.19	1.0	-0.22	2.74	1.00	0.00	0.16	111115
36	"15:56:33"	20180316	75	0	3.93	0.053	253	1.4	1.88	22.26	6	1.42	1	2.84	19.15	22.26	18.56	399.89	386.47	7.113	11.265	23.00	36.42	199.7	1700	6	71.99	11.3	0.19	1.0	-0.22	2.74	1.00	0.00	0.16	111115
37	"15:56:34"	20180316	75	0	3.93	0.053	253	1.4	1.88	22.26	6	1.42	1	2.84	19.15	22.26	18.56	399.89	386.47	7.113	11.265	23.00	36.42	199.7	1700	6	71.99	11.3	0.19	1.0	-0.22	2.74	1.00	0.00	0.16	111115
38	"15:56:34"	20180316	75	0	3.94	0.0531	252	1.4	1.89	22.27	6	1.42	1	2.84	19.15	22.27	18.56	399.90	386.45	7.113	11.268	23.00	36.43	199.7	1700	6	71.99	11.3	0.19	1.0	-0.22	2.74	1.00	0.00	0.16	111115
39	"15:56:35"	20180316	75	0	3.92	0.0532	253	1.4	1.88	22.26	6	1.42	1	2.84	19.15	22.26	18.56	399.87	386.46	7.113	11.273	23.00	36.45	199.7	1700	6	71.99	11.3	0.19	1.0	-0.22	2.74	1.00	0.00	0.16	111115
40	"15:56:35"	20180316	75	0	3.92	0.0532	253	1.4	1.88	22.26	6	1.42	1	2.84	19.16	22.26	18.56	399.89	386.48	7.112	11.277	22.99	36.46	199.7	1700	6	71.99	11.3	0.19	1.0	-0.22	2.74	1.00	0.00	0.16	111115
41	"15:56:36"	20180316	75	0	3.9	0.0533	254	1.4	1.88	22.26	6	1.42	1	2.84	19.16	22.26	18.56	399.86	386.52	7.111	11.279	22.99	36.46	199.7	1700	6	71.99	11.3	0.19	1.0	-0.22	2.74	1.00	0.00	0.16	111115
42	"15:56:36"	20180316	75	0	3.91	0.0533	254	1.4	1.88	22.26	6	1.42	1	2.84	19.16	22.26	18.56	399.88	386.50	7.111	11.280	22.99	36.47	199.7	1700	6	71.99	11.3	0.19	1.0	-0.22	2.74	1.00	0.00	0.16	111115
43	"15:56:37"	20180316	75	0	3.93	0.0534	253	1.4	1.88	22.25	6	1.42	1	2.84	19.16	22.25	18.56	399.93	386.49	7.111	11.281	22.99	36.47	199.7	1700	6	71.99	11.3	0.19	1.0	-0.22	2.74	1.00	0.00	0.16	111115
44	"15:56:37"	20180316	75	0	3.99	0.0534	251	1.4	1.88	22.25	6	1.42	1	2.84	19.16	22.25	18.56	400.07	386.45	7.112	11.283	22.99	36.48	199.7	1700	6	71.99	11.3	0.19	1.0	-0.22	2.74	1.00	0.00	0.16	111115
45	"15:56:38"	20180316	75	0	4	0.0534	251	1.41	1.88	22.25	6	1.42	1	2.84	19.16	22.25	18.56	400.12	386.47	7.111	11.287	22.99	36.49	199.7	1700	6	71.99	11.3	0.19	1.0	-0.22	2.74	1.00	0.00	0.16	111115
46	"15:56:39"	20180316	75	0	4.03	0.0534	250	1.4	1.88	22.26	6	1.42	1	2.84	19.16	22.26	18.56	400.20	386.45	7.112	11.286	22.99	36.48	199.7	1700	6	71.99	11.3	0.19	1.0	-0.22	2.74	1.00	0.00	0.16	111115
47	"15:56:39"	20180316	75	0	4.08	0.0533	248	1.4	1.89	22.27	6	1.42	1	2.84	19.16	22.27	18.56	400.29	386.40	7.113	11.286	22.99	36.49	199.7	1700	6	71.99	11.3	0.19	1.0	-0.22	2.74	1.00	0.00	0.16	111115
48	"15:56:40"	20180316	75	0	4.1	0.0533	248	1.41	1.89	22.28	6	1.42	1	2.84	19.16	22.28	18.56	400.38	386.42	7.114	11.290	23.00	36.50	199.7	1700	6	71.99	11.3	0.19	1.0	-0.22	2.74	1.00	0.00	0.16	111115
49	"15:56:40"	20180316	75	0	4.09	0.0533	248	1.41	1.89	22.28	6	1.42	1	2.84	19.16	22.28	18.56	400.40	386.47	7.114	11.291	23.00	36.50	199.7	1700	6	71.99	11.3	0.19	1.0	-0.22	2.74	1.00	0.00	0.16	111115
50	"15:56:41"	20180316	75	0	4.08	0.0533	248	1.41	1.89	22.29	6	1.42	1	2.84	19.16	22.29	18.56	400.40	386.50	7.114	11.292	23.00	36.50	199.7	1700	6	71.99	11.3	0.19	1.0	-0.22	2.74	1.00	0.00	0.16	111115
51	"15:56:41"	20180316	75	0	4.06	0.0533	249	1.41	1.89	22.30	6	1.42	1	2.84	19.16	22.30	18.56	400.37	386.54	7.113	11.294	22.99	36.51	199.7	1700	6	71.99	11.3	0.19	1.0	-0.22	2.74	1.00	0.00	0.16	111115
52	"15:56:42"	20180316	75	0	4.05	0.0533	249	1.41	1.89	22.30	6	1.42	1	2.84	19.16	22.30	18.56	400.37	386.57	7.113	11.294	22.99	36.51	199.7	1700	6	71.99	11.3	0.19	1.0	-0.22	2.74	1.00	0.00	0.16	111115
53	"15:56:42"	20180316	75	0	4.05	0.0533	249	1.41	1.89	22.30	6	1.42	1	2.84	19.16	22.30	18.56	400.41	386.59	7.114	11.293	22.99	36.50	199.7	1700	6	71.99	11.3	0.19	1.0	-0.22	2.74	1.00	0.00	0.16	111115
"15:56:53 Coolers: Tblock -> 23.50 C"
"16:02:21 Flow: Fixed -> 200 umol/s"
"16:05:23 Flow: Fixed -> 200 umol/s"
54	"16:05:34"	20180316	75	0	3.63	0.0461	244	1.4	2.15	25.03	6	1.42	1	2.84	23.48	25.03	23.56	400.12	387.58	10.278	14.410	25.49	35.74	199.7	1700	6	71.99	11.6	0.184	1.0	-0.22	2.74	1.00	0.00	0.16	111115
55	"16:05:34"	20180316	75	0	3.65	0.0461	244	1.39	2.15	25.03	6	1.42	1	2.84	23.48	25.03	23.56	400.16	387.56	10.278	14.408	25.49	35.73	199.7	1700	6	71.99	11.6	0.184	1.0	-0.22	2.74	1.00	0.00	0.16	111115
56	"16:05:35"	20180316	75	0	3.65	0.0461	244	1.39	2.15	25.03	6	1.42	1	2.84	23.48	25.03	23.56	400.15	387.56	10.278	14.406	25.49	35.73	199.7	1700	6	71.99	11.6	0.184	1.0	-0.22	2.74	1.00	0.00	0.16	111115
57	"16:05:35"	20180316	75	0	3.66	0.0461	243	1.39	2.15	25.03	6	1.42	1	2.84	23.48	25.03	23.56	400.17	387.54	10.279	14.407	25.49	35.73	199.7	1700	6	71.99	11.6	0.184	1.0	-0.22	2.74	1.00	0.00	0.16	111115
58	"16:05:36"	20180316	75	0	3.65	0.046	243	1.39	2.15	25.04	6	1.42	1	2.84	23.48	25.04	23.56	400.14	387.55	10.278	14.406	25.49	35.73	199.7	1700	6	71.99	11.6	0.184	1.0	-0.22	2.74	1.00	0.00	0.16	111115
59	"16:05:36"	20180316	75	0	3.62	0.046	244	1.39	2.15	25.05	6	1.42	1	2.84	23.48	25.05	23.56	400.10	387.60	10.278	14.404	25.49	35.72	199.7	1700	6	71.99	11.6	0.184	1.0	-0.22	2.74	1.00	0.00	0.16	111115
60	"16:05:37"	20180316	75	0	3.63	0.046	244	1.39	2.15	25.05	6	1.42	1	2.84	23.48	25.05	23.56	400.08	387.56	10.278	14.403	25.49	35.72	199.7	1700	6	71.99	11.6	0.184	1.0	-0.22	2.74	1.00	0.00	0.16	111115
61	"16:05:37"	20180316	75	0	3.59	0.046	245	1.39	2.15	25.05	6	1.42	1	2.84	23.48	25.05	23.56	400.00	387.59	10.279	14.404	25.49	35.72	199.7	1700	6	71.99	11.6	0.184	1.0	-0.22	2.74	1.00	0.00	0.16	111115
62	"16:05:38"	20180316	75	0	3.56	0.0459	246	1.39	2.15	25.05	6	1.42	1	2.84	23.48	25.05	23.56	399.91	387.60	10.280	14.403	25.49	35.72	199.7	1700	6	71.99	11.6	0.184	1.0	-0.22	2.74	1.00	0.00	0.16	111115
63	"16:05:38"	20180316	75	0	3.52	0.0459	248	1.39	2.15	25.05	6	1.42	1	2.84	23.48	25.05	23.56	399.81	387.61	10.280	14.403	25.49	35.72	199.7	1700	6	71.99	11.6	0.184	1.0	-0.22	2.74	1.00	0.00	0.16	111115
64	"16:05:39"	20180316	75	0	3.47	0.0458	249	1.39	2.15	25.05	6	1.42	1	2.84	23.48	25.05	23.56	399.66	387.61	10.280	14.397	25.49	35.70	199.7	1700	6	71.99	11.6	0.184	1.0	-0.22	2.74	1.00	0.00	0.16	111115
"16:05:53 Coolers: Tblock -> 28.50 C"
"16:13:52 Flow: Fixed -> 200 umol/s"
65	"16:14:21"	20180316	75	0	3.16	0.0387	238	1.41	2.55	28.43	6	1.42	1	2.84	28.13	28.43	28.55	399.36	388.22	14.463	18.608	27.23	35.03	199.6	1699	6	71.98	12.6	0.174	0.7	-0.22	2.74	1.00	0.00	0.16	111115
66	"16:14:21"	20180316	75	0	3.15	0.0387	238	1.4	2.55	28.43	6	1.42	1	2.84	28.13	28.43	28.55	399.33	388.23	14.462	18.606	27.22	35.02	199.6	1699	6	71.98	12.6	0.174	0.7	-0.22	2.74	1.00	0.00	0.16	111115
67	"16:14:22"	20180316	75	0	3.16	0.0387	238	1.4	2.55	28.42	6	1.42	1	2.84	28.13	28.42	28.55	399.33	388.20	14.462	18.604	27.22	35.02	199.6	1699	6	71.98	12.6	0.174	0.7	-0.22	2.74	1.00	0.00	0.16	111115
68	"16:14:22"	20180316	75	0	3.13	0.0387	239	1.4	2.55	28.42	6	1.42	1	2.84	28.13	28.42	28.55	399.29	388.23	14.462	18.604	27.22	35.02	199.6	1699	6	71.98	12.6	0.174	0.7	-0.22	2.74	1.00	0.00	0.16	111115
69	"16:14:23"	20180316	75	0	3.14	0.0387	238	1.4	2.55	28.42	6	1.42	1	2.84	28.13	28.42	28.55	399.29	388.21	14.463	18.603	27.22	35.01	199.6	1699	6	71.98	12.6	0.174	0.7	-0.22	2.74	1.00	0.00	0.16	111115
70	"16:14:23"	20180316	75	0	3.16	0.0388	238	1.4	2.55	28.42	6	1.42	1	2.84	28.13	28.42	28.55	399.30	388.15	14.463	18.607	27.22	35.02	199.6	1699	6	71.98	12.6	0.174	0.7	-0.22	2.74	1.00	0.00	0.16	111115
71	"16:14:24"	20180316	75	0	3.16	0.0387	238	1.4	2.55	28.42	6	1.42	1	2.84	28.13	28.42	28.55	399.30	388.15	14.463	18.604	27.22	35.02	199.6	1699	6	71.98	12.6	0.174	0.7	-0.22	2.74	1.00	0.00	0.16	111115
72	"16:14:24"	20180316	75	0	3.17	0.0388	237	1.4	2.55	28.41	6	1.42	1	2.84	28.13	28.41	28.55	399.31	388.13	14.463	18.606	27.22	35.02	199.6	1699	6	71.98	12.6	0.174	0.7	-0.22	2.74	1.00	0.00	0.16	111115
73	"16:14:25"	20180316	75	0	3.19	0.0388	237	1.41	2.55	28.41	6	1.42	1	2.84	28.13	28.41	28.55	399.35	388.12	14.463	18.608	27.22	35.02	199.6	1699	6	71.98	12.6	0.174	0.7	-0.22	2.74	1.00	0.00	0.16	111115
74	"16:14:25"	20180316	75	0	3.21	0.0388	236	1.41	2.55	28.41	6	1.42	1	2.84	28.13	28.41	28.55	399.40	388.10	14.463	18.609	27.22	35.02	199.6	1699	6	71.98	12.6	0.174	0.7	-0.22	2.74	1.00	0.00	0.16	111115
75	"16:14:26"	20180316	75	0	3.21	0.0388	236	1.41	2.55	28.41	6	1.42	1	2.84	28.13	28.41	28.55	399.44	388.14	14.463	18.610	27.22	35.03	199.7	1699	6	71.98	12.6	0.174	0.7	-0.22	2.74	1.00	0.00	0.16	111115
76	"16:14:26"	20180316	75	0	3.25	0.0388	234	1.41	2.55	28.41	6	1.42	1	2.84	28.14	28.41	28.54	399.54	388.12	14.462	18.610	27.22	35.02	199.7	1699	6	71.98	12.6	0.174	0.7	-0.22	2.74	1.00	0.00	0.16	111115
77	"16:14:27"	20180316	75	0	3.27	0.0389	234	1.41	2.55	28.41	6	1.42	1	2.84	28.14	28.41	28.54	399.60	388.12	14.461	18.611	27.22	35.03	199.6	1699	6	71.98	12.6	0.174	0.7	-0.22	2.74	1.00	0.00	0.16	111115
78	"16:14:27"	20180316	75	0	3.3	0.0388	232	1.41	2.55	28.41	6	1.42	1	2.84	28.14	28.41	28.54	399.69	388.14	14.461	18.609	27.22	35.02	199.6	1699	6	71.98	12.6	0.174	0.7	-0.22	2.74	1.00	0.00	0.16	111115
79	"16:14:28"	20180316	75	0	3.32	0.0388	232	1.41	2.55	28.42	6	1.42	1	2.84	28.14	28.42	28.54	399.76	388.15	14.461	18.610	27.21	35.02	199.6	1699	6	71.98	12.6	0.174	0.7	-0.22	2.74	1.00	0.00	0.16	111115
80	"16:14:28"	20180316	75	0	3.33	0.0388	231	1.41	2.55	28.42	6	1.42	1	2.84	28.14	28.42	28.55	399.83	388.17	14.462	18.609	27.21	35.02	199.6	1699	6	71.98	12.6	0.174	0.7	-0.22	2.74	1.00	0.00	0.16	111115
"16:14:53 Coolers: Tblock -> 33.50 C"
"16:15:54 Lamp: ParIn ->  1700 uml"
"16:15:54 CO2 Mixer: CO2R -> 400 uml"
"16:15:54 Coolers: Tblock -> 33.50 C"
"16:15:54 Flow: Fixed -> 200 umol/s"
"16:25:20 Flow: Fixed -> 200 umol/s"
"16:26:23 Flow: Fixed -> 200 umol/s"
81	"16:26:28"	20180316	75	0	2.58	0.0293	226	1.28	3.03	32.12	6	1.42	1	2.84	32.88	32.12	33.57	399.94	390.67	20.876	24.626	29.95	35.33	199.6	1699	4	71.99	14.4	0.138	1.0	-0.22	2.74	1.00	0.00	0.16	111115
82	"16:26:29"	20180316	75	0	2.56	0.0293	227	1.28	3.03	32.12	6	1.42	1	2.84	32.88	32.12	33.56	399.91	390.70	20.876	24.628	29.95	35.33	199.6	1699	4	71.99	14.4	0.138	1.0	-0.22	2.74	1.00	0.00	0.16	111115
83	"16:26:29"	20180316	75	0	2.53	0.0292	229	1.28	3.03	32.12	6	1.42	1	2.84	32.88	32.12	33.56	399.86	390.74	20.876	24.624	29.95	35.32	199.6	1699	4	71.99	14.4	0.138	1.0	-0.22	2.74	1.00	0.00	0.16	111115
84	"16:26:30"	20180316	75	0	2.5	0.0292	231	1.28	3.03	32.12	6	1.42	1	2.84	32.88	32.12	33.55	399.82	390.79	20.875	24.623	29.95	35.32	199.6	1699	4	71.99	14.4	0.138	1.0	-0.22	2.74	1.00	0.00	0.16	111115
85	"16:26:30"	20180316	75	0	2.5	0.0292	231	1.28	3.03	32.12	6	1.42	1	2.84	32.88	32.12	33.55	399.82	390.79	20.875	24.623	29.95	35.32	199.6	1699	4	71.99	14.4	0.138	1.0	-0.22	2.74	1.00	0.00	0.16	111115
86	"16:26:30"	20180316	75	0	2.5	0.0292	231	1.28	3.03	32.11	6	1.42	1	2.84	32.88	32.11	33.55	399.79	390.78	20.873	24.621	29.95	35.32	199.6	1699	4	71.99	14.4	0.138	1.0	-0.22	2.74	1.00	0.00	0.16	111115
87	"16:26:31"	20180316	75	0	2.5	0.0292	231	1.28	3.03	32.11	6	1.42	1	2.84	32.88	32.11	33.55	399.81	390.79	20.872	24.619	29.95	35.32	199.6	1699	4	71.99	14.4	0.138	1.0	-0.22	2.74	1.00	0.00	0.16	111115
88	"16:26:31"	20180316	75	0	2.49	0.0292	231	1.28	3.03	32.11	6	1.42	1	2.84	32.88	32.11	33.54	399.80	390.80	20.873	24.620	29.95	35.33	199.6	1699	4	71.99	14.4	0.138	1.0	-0.22	2.74	1.00	0.00	0.16	111115
89	"16:26:32"	20180316	75	0	2.5	0.0292	231	1.28	3.03	32.11	6	1.42	1	2.84	32.88	32.11	33.54	399.80	390.79	20.873	24.620	29.95	35.33	199.6	1699	4	71.98	14.4	0.138	1.0	-0.22	2.74	1.00	0.00	0.16	111115
90	"16:26:32"	20180316	75	0	2.5	0.0292	231	1.28	3.03	32.11	6	1.42	1	2.84	32.88	32.11	33.54	399.80	390.79	20.873	24.620	29.95	35.33	199.6	1699	4	71.98	14.4	0.138	1.0	-0.22	2.74	1.00	0.00	0.16	111115
91	"16:26:32"	20180316	75	0	2.48	0.0292	232	1.28	3.03	32.12	6	1.42	1	2.84	32.87	32.12	33.54	399.79	390.82	20.872	24.617	29.95	35.32	199.6	1699	4	71.99	14.4	0.138	1.0	-0.22	2.74	1.00	0.00	0.16	111115
92	"16:26:33"	20180316	75	0	2.5	0.0292	230	1.27	3.03	32.11	6	1.42	1	2.84	32.87	32.11	33.53	399.81	390.79	20.873	24.610	29.95	35.32	199.6	1699	5	71.99	14.4	0.138	1.0	-0.22	2.74	1.00	0.00	0.16	111115
93	"16:26:33"	20180316	75	0	2.54	0.0292	228	1.28	3.03	32.11	6	1.42	1	2.84	32.87	32.11	33.53	399.89	390.75	20.871	24.610	29.95	35.32	199.6	1699	5	71.99	14.4	0.138	1.0	-0.22	2.74	1.00	0.00	0.16	111115
94	"16:26:34"	20180316	75	0	2.56	0.0292	227	1.27	3.03	32.10	6	1.42	1	2.84	32.87	32.10	33.53	399.92	390.74	20.873	24.606	29.96	35.32	199.6	1699	4	71.99	14.4	0.138	1.0	-0.22	2.74	1.00	0.00	0.16	111115
95	"16:26:35"	20180316	75	0	2.56	0.0292	227	1.27	3.03	32.10	6	1.42	1	2.84	32.87	32.10	33.53	399.92	390.74	20.873	24.606	29.96	35.32	199.6	1699	4	71.99	14.4	0.138	1.0	-0.22	2.74	1.00	0.00	0.16	111115
96	"16:26:38"	20180316	75	0	2.45	0.0292	233	1.27	3.03	32.11	6	1.42	1	2.84	32.86	32.11	33.53	399.72	390.85	20.870	24.608	29.97	35.34	199.6	1699	4	71.99	14.4	0.138	1.0	-0.22	2.74	1.00	0.00	0.16	111115
"16:26:59 Coolers: Tblock -> 38.50 C"
"16:30:52 Flow: Fixed -> 200 umol/s"
"16:32:04 Flow: Fixed -> 200 umol/s"
"16:33:01 Flow: Fixed -> 200 umol/s"
97	"16:33:06"	20180316	75	0	2.2	0.0249	225	1.24	3.42	35.18	6	1.42	1	2.84	37.26	35.18	38.54	400.01	391.93	28.068	31.686	31.59	35.66	199.7	1700	3	71.99	15.9	0.00137	1.0	-0.22	2.74	1.00	0.00	0.16	111115
98	"16:33:06"	20180316	75	0	2.2	0.0249	225	1.24	3.43	35.18	6	1.42	1	2.84	37.27	35.18	38.54	399.99	391.91	28.066	31.686	31.59	35.66	199.6	1700	3	71.99	15.9	0.00137	1.0	-0.22	2.74	1.00	0.00	0.16	111115
99	"16:33:07"	20180316	75	0	2.2	0.0249	225	1.24	3.43	35.19	6	1.42	1	2.84	37.27	35.19	38.54	399.98	391.91	28.066	31.687	31.59	35.66	199.6	1700	3	71.99	15.9	0.00137	1.0	-0.22	2.74	1.00	0.00	0.16	111115
100	"16:33:07"	20180316	75	0	2.21	0.0249	224	1.24	3.43	35.19	6	1.42	1	2.84	37.27	35.19	38.54	399.97	391.86	28.067	31.685	31.58	35.66	199.6	1700	3	71.99	15.9	0.00137	1.0	-0.22	2.74	1.00	0.00	0.16	111115
101	"16:33:08"	20180316	75	0	2.21	0.0249	224	1.24	3.43	35.19	6	1.42	1	2.84	37.27	35.19	38.54	399.97	391.86	28.067	31.685	31.58	35.66	199.6	1700	3	71.99	15.9	0.00137	1.0	-0.22	2.74	1.00	0.00	0.16	111115
102	"16:33:08"	20180316	75	0	2.2	0.0249	224	1.24	3.42	35.18	6	1.42	1	2.84	37.27	35.18	38.54	399.95	391.86	28.067	31.684	31.59	35.66	199.6	1700	3	71.99	15.9	0.00137	1.0	-0.22	2.74	1.00	0.00	0.16	111115
103	"16:33:09"	20180316	75	0	2.22	0.0249	223	1.24	3.43	35.18	6	1.42	1	2.84	37.27	35.18	38.54	399.96	391.83	28.066	31.680	31.58	35.65	199.6	1700	3	71.99	15.9	0.00137	1.0	-0.22	2.74	1.00	0.00	0.16	111115
104	"16:33:09"	20180316	75	0	2.23	0.0248	222	1.24	3.43	35.19	6	1.42	1	2.84	37.27	35.19	38.54	400.00	391.84	28.066	31.677	31.58	35.64	199.6	1700	3	71.99	15.9	0.00137	1.0	-0.22	2.74	1.00	0.00	0.16	111115
105	"16:33:10"	20180316	75	0	2.22	0.0248	223	1.24	3.43	35.19	6	1.42	1	2.84	37.27	35.19	38.54	400.01	391.87	28.065	31.678	31.58	35.64	199.6	1700	3	71.99	15.9	0.00137	1.0	-0.22	2.74	1.00	0.00	0.16	111115
106	"16:33:10"	20180316	75	0	2.23	0.0248	223	1.24	3.43	35.19	6	1.42	1	2.84	37.27	35.19	38.54	400.01	391.85	28.065	31.678	31.58	35.64	199.6	1700	3	71.99	15.9	0.00137	1.0	-0.22	2.74	1.00	0.00	0.16	111115
107	"16:33:11"	20180316	75	0	2.24	0.0249	222	1.24	3.43	35.18	6	1.42	1	2.84	37.27	35.18	38.54	400.03	391.85	28.064	31.679	31.58	35.64	199.7	1700	3	71.99	15.9	0.00137	1.0	-0.22	2.74	1.00	0.00	0.16	111115
108	"16:33:11"	20180316	75	0	2.23	0.0249	223	1.24	3.43	35.19	6	1.42	1	2.84	37.27	35.19	38.54	400.03	391.87	28.064	31.677	31.58	35.64	199.7	1700	3	71.99	15.9	0.00137	1.0	-0.22	2.74	1.00	0.00	0.16	111115
109	"16:33:12"	20180316	75	0	2.23	0.0248	222	1.24	3.43	35.19	6	1.42	1	2.84	37.27	35.19	38.54	400.03	391.86	28.065	31.678	31.58	35.64	199.6	1700	3	71.99	15.9	0.00137	1.0	-0.22	2.74	1.00	0.00	0.16	111115
110	"16:33:12"	20180316	75	0	2.23	0.0248	222	1.24	3.43	35.20	6	1.42	1	2.84	37.27	35.20	38.54	400.06	391.90	28.065	31.678	31.57	35.64	199.6	1700	3	71.99	15.9	0.00137	1.0	-0.22	2.74	1.00	0.00	0.16	111115
111	"16:33:13"	20180316	75	0	2.25	0.0248	221	1.24	3.43	35.20	6	1.42	1	2.84	37.27	35.20	38.54	400.09	391.86	28.067	31.677	31.57	35.64	199.7	1700	3	71.99	15.9	0.00137	1.0	-0.22	2.74	1.00	0.00	0.16	111115
112	"16:33:13"	20180316	75	0	2.24	0.0248	222	1.24	3.43	35.20	6	1.42	1	2.84	37.27	35.20	38.54	400.07	391.88	28.067	31.679	31.57	35.64	199.7	1700	3	71.99	15.9	0.00137	1.0	-0.22	2.74	1.00	0.00	0.16	111115
"16:33:25 Coolers: Tblock -> 43.50 C"
"16:36:58 Flow: Fixed -> 200 umol/s"
113	"16:37:07"	20180316	75	0	1.83	0.0228	232	1.41	4.22	37.66	6	1.42	1	2.84	41.53	37.66	43.52	400.00	392.82	28.097	32.207	25.15	28.83	199.6	1699	4	72	16.5	-0.0491	0.7	-0.22	2.74	1.00	0.00	0.16	111115
114	"16:37:07"	20180316	75	0	1.83	0.0228	233	1.41	4.22	37.66	6	1.42	1	2.84	41.53	37.66	43.52	399.99	392.83	28.097	32.206	25.15	28.83	199.6	1699	4	72	16.5	-0.0491	0.7	-0.22	2.74	1.00	0.00	0.16	111115
115	"16:37:07"	20180316	75	0	1.83	0.0228	232	1.41	4.22	37.65	6	1.42	1	2.84	41.53	37.65	43.52	399.99	392.81	28.096	32.206	25.15	28.83	199.6	1699	4	72	16.5	-0.0491	0.7	-0.22	2.74	1.00	0.00	0.16	111115
116	"16:37:08"	20180316	75	0	1.83	0.0228	232	1.41	4.22	37.65	6	1.42	1	2.84	41.53	37.65	43.52	399.99	392.81	28.096	32.206	25.15	28.83	199.6	1699	4	72	16.5	-0.0491	0.7	-0.22	2.74	1.00	0.00	0.16	111115
117	"16:37:08"	20180316	75	0	1.82	0.0228	233	1.41	4.21	37.65	6	1.42	1	2.84	41.54	37.65	43.52	399.98	392.83	28.096	32.202	25.15	28.82	199.6	1699	4	72	16.5	-0.0491	0.7	-0.22	2.74	1.00	0.00	0.16	111115
118	"16:37:09"	20180316	75	0	1.81	0.0228	234	1.41	4.22	37.66	6	1.42	1	2.84	41.54	37.66	43.52	399.96	392.86	28.097	32.203	25.15	28.82	199.7	1699	4	72	16.5	-0.0491	0.7	-0.22	2.74	1.00	0.00	0.16	111115
119	"16:37:09"	20180316	75	0	1.82	0.0228	233	1.41	4.22	37.67	6	1.42	1	2.84	41.54	37.67	43.52	399.96	392.82	28.097	32.205	25.15	28.82	199.7	1699	4	72	16.5	-0.0491	0.7	-0.22	2.74	1.00	0.00	0.16	111115
120	"16:37:10"	20180316	75	0	1.84	0.0228	231	1.41	4.22	37.68	6	1.42	1	2.84	41.54	37.68	43.52	400.01	392.82	28.095	32.201	25.14	28.82	199.7	1699	4	72	16.5	-0.0491	0.7	-0.22	2.74	1.00	0.00	0.16	111115
121	"16:37:10"	20180316	75	0	1.84	0.0227	232	1.41	4.23	37.68	6	1.42	1	2.84	41.54	37.68	43.52	400.02	392.84	28.095	32.200	25.14	28.82	199.7	1699	4	72	16.5	-0.0491	0.7	-0.22	2.74	1.00	0.00	0.16	111115
122	"16:37:11"	20180316	75	0	1.84	0.0228	231	1.41	4.23	37.68	6	1.42	1	2.84	41.54	37.68	43.52	400.04	392.83	28.094	32.200	25.14	28.81	199.7	1699	4	72	16.5	-0.0491	0.7	-0.22	2.74	1.00	0.00	0.16	111115
123	"16:37:11"	20180316	75	0	1.84	0.0227	231	1.41	4.23	37.69	6	1.42	1	2.84	41.54	37.69	43.52	400.04	392.83	28.093	32.197	25.14	28.81	199.7	1699	4	72	16.5	-0.0491	0.7	-0.22	2.74	1.00	0.00	0.16	111115
124	"16:37:12"	20180316	75	0	1.87	0.0227	229	1.41	4.23	37.71	6	1.42	1	2.84	41.54	37.71	43.52	400.08	392.81	28.092	32.193	25.14	28.81	199.7	1699	4	72	16.5	-0.0491	0.7	-0.22	2.74	1.00	0.00	0.16	111115
125	"16:37:12"	20180316	75	0	1.86	0.0227	229	1.41	4.24	37.71	6	1.42	1	2.84	41.54	37.71	43.52	400.09	392.82	28.094	32.193	25.14	28.81	199.7	1699	4	72	16.5	-0.0491	1.0	-0.22	2.74	1.00	0.00	0.16	111115
126	"16:37:13"	20180316	75	0	1.89	0.0226	227	1.41	4.24	37.71	6	1.42	1	2.84	41.54	37.71	43.52	400.11	392.76	28.091	32.189	25.13	28.80	199.7	1699	4	72	16.5	-0.0491	1.0	-0.22	2.74	1.00	0.00	0.16	111115
127	"16:37:13"	20180316	75	0	1.88	0.0227	228	1.41	4.23	37.70	6	1.42	1	2.84	41.54	37.70	43.53	400.09	392.79	28.091	32.187	25.13	28.80	199.6	1699	4	72	16.5	-0.0491	1.0	-0.22	2.74	1.00	0.00	0.16	111115
128	"16:37:14"	20180316	75	0	1.87	0.0226	229	1.41	4.23	37.70	6	1.42	1	2.84	41.54	37.70	43.53	400.06	392.79	28.090	32.183	25.13	28.79	199.6	1699	4	72	16.5	-0.0491	1.0	-0.22	2.74	1.00	0.00	0.16	111115
129	"16:37:14"	20180316	75	0	1.89	0.0227	228	1.41	4.23	37.70	6	1.42	1	2.84	41.54	37.70	43.52	400.10	392.77	28.090	32.184	25.13	28.79	199.6	1699	4	72	16.5	-0.0491	1.0	-0.22	2.74	1.00	0.00	0.16	111115
130	"16:37:15"	20180316	75	0	1.87	0.0226	228	1.41	4.24	37.71	6	1.42	1	2.84	41.55	37.71	43.53	400.11	392.82	28.089	32.181	25.13	28.79	199.7	1699	4	72	16.5	-0.0491	1.0	-0.22	2.74	1.00	0.00	0.16	111115
"16:37:27 Coolers: Tblock -> 48.50 C"
"16:37:47 Lamp: ParIn ->  1700 uml"
"16:37:47 CO2 Mixer: CO2R -> 400 uml"
"16:37:47 Coolers: Tblock -> 48.50 C"
"16:37:47 Flow: Fixed -> 200 umol/s"
"16:42:07 Flow: Fixed -> 200 umol/s"
"16:43:03 Flow: Fixed -> 200 umol/s"
131	"16:43:14"	20180316	75	0	1.36	0.0195	241	1.56	5.4	40.75	6	1.42	1	2.84	46.12	40.75	48.52	399.96	394.03	27.627	32.174	19.49	22.69	199.7	1699	5	72	18.6	-0.0368	1.0	-0.22	2.74	1.00	0.00	0.16	111115
132	"16:43:15"	20180316	75	0	1.36	0.0195	241	1.56	5.4	40.76	6	1.42	1	2.84	46.12	40.76	48.52	400.00	394.05	27.627	32.168	19.49	22.69	199.7	1699	5	72	18.6	-0.0368	1.0	-0.22	2.74	1.00	0.00	0.16	111115
133	"16:43:16"	20180316	75	0	1.36	0.0195	241	1.56	5.4	40.76	6	1.42	1	2.84	46.12	40.76	48.52	400.00	394.05	27.627	32.168	19.49	22.69	199.7	1699	5	72	18.6	-0.0368	1.0	-0.22	2.74	1.00	0.00	0.16	111115
134	"16:43:16"	20180316	75	0	1.37	0.0195	239	1.56	5.41	40.77	6	1.42	1	2.84	46.12	40.77	48.52	399.99	394.01	27.627	32.167	19.48	22.69	199.6	1699	5	72	18.6	-0.0368	1.0	-0.22	2.74	1.00	0.00	0.16	111115
135	"16:43:16"	20180316	75	0	1.37	0.0195	240	1.56	5.41	40.78	6	1.42	1	2.84	46.12	40.78	48.52	399.97	394.00	27.625	32.166	19.48	22.69	199.7	1699	5	72	18.6	-0.0368	1.0	-0.22	2.74	1.00	0.00	0.16	111115
136	"16:43:17"	20180316	75	0	1.37	0.0194	239	1.56	5.41	40.78	6	1.42	1	2.84	46.12	40.78	48.52	399.96	393.98	27.625	32.165	19.48	22.68	199.7	1699	5	72	18.6	-0.0368	1.0	-0.22	2.74	1.00	0.00	0.16	111115
137	"16:43:17"	20180316	75	0	1.38	0.0194	239	1.56	5.42	40.79	6	1.42	1	2.84	46.12	40.79	48.52	399.91	393.91	27.626	32.166	19.48	22.68	199.7	1699	5	72	18.6	-0.0368	1.0	-0.22	2.74	1.00	0.00	0.16	111115
138	"16:43:18"	20180316	75	0	1.35	0.0194	241	1.56	5.42	40.80	6	1.42	1	2.84	46.12	40.80	48.52	399.83	393.92	27.625	32.163	19.48	22.68	199.7	1699	5	72	18.6	-0.0368	1.0	-0.22	2.74	1.00	0.00	0.16	111115
139	"16:43:18"	20180316	75	0	1.35	0.0194	241	1.56	5.42	40.80	6	1.42	1	2.84	46.12	40.80	48.52	399.83	393.92	27.625	32.163	19.48	22.68	199.7	1699	5	72	18.6	-0.0368	1.0	-0.22	2.74	1.00	0.00	0.16	111115
140	"16:43:18"	20180316	75	0	1.32	0.0194	243	1.56	5.43	40.81	6	1.42	1	2.84	46.12	40.81	48.52	399.75	393.93	27.624	32.158	19.48	22.68	199.7	1699	5	72	18.6	-0.0368	1.0	-0.22	2.74	1.00	0.00	0.16	111115
141	"16:43:19"	20180316	75	0	1.28	0.0194	246	1.56	5.43	40.82	6	1.42	1	2.84	46.12	40.82	48.52	399.65	393.96	27.622	32.155	19.48	22.67	199.7	1699	5	72	18.6	-0.0368	1.0	-0.22	2.74	1.00	0.00	0.16	111115
142	"16:43:19"	20180316	75	0	1.26	0.0194	248	1.56	5.42	40.80	6	1.42	1	2.84	46.12	40.80	48.52	399.61	393.99	27.621	32.155	19.48	22.67	199.7	1699	5	72	18.6	-0.0368	1.0	-0.22	2.74	1.00	0.00	0.16	111115
143	"16:43:20"	20180316	75	0	1.25	0.0194	249	1.56	5.41	40.78	6	1.42	1	2.84	46.12	40.78	48.52	399.59	393.99	27.619	32.152	19.48	22.67	199.7	1699	5	72	18.6	-0.0368	1.0	-0.22	2.74	1.00	0.00	0.16	111115
144	"16:43:21"	20180316	75	0	1.28	0.0194	247	1.56	5.41	40.77	6	1.42	1	2.84	46.12	40.77	48.52	399.63	393.94	27.619	32.152	19.47	22.67	199.7	1699	5	72	18.6	-0.0368	1.0	-0.22	2.74	1.00	0.00	0.16	111115
145	"16:43:21"	20180316	75	0	1.28	0.0194	247	1.56	5.41	40.78	6	1.42	1	2.84	46.12	40.78	48.52	399.63	393.95	27.617	32.146	19.47	22.67	199.7	1699	5	72	18.6	-0.0368	1.0	-0.22	2.74	1.00	0.00	0.16	111115
146	"16:43:22"	20180316	75	0	1.25	0.0194	249	1.56	5.41	40.76	6	1.42	1	2.84	46.12	40.76	48.53	399.58	393.99	27.618	32.142	19.47	22.66	199.7	1699	5	72	18.6	-0.0368	1.0	-0.22	2.74	1.00	0.00	0.16	111115
147	"16:43:22"	20180316	75	0	1.25	0.0194	249	1.56	5.41	40.77	6	1.42	1	2.84	46.13	40.77	48.53	399.58	393.99	27.617	32.146	19.47	22.66	199.7	1699	5	72	18.6	-0.0368	1.0	-0.22	2.74	1.00	0.00	0.16	111115
"16:43:33 Coolers: Tblock -> 50.00 C"
"16:44:47 Flow: Fixed -> 200 umol/s"
"16:45:58 Flow: Fixed -> 200 umol/s"
"16:46:10 Flow: Fixed -> 200 umol/s"
"16:46:31 Flow: Fixed -> 200 umol/s"
148	"16:46:34"	20180316	75	0	1.04	0.0185	259	1.6	5.81	41.72	6	1.42	1	2.84	47.29	41.72	49.73	399.62	394.61	27.509	32.163	18.27	21.36	199.7	1699	4	72	18.9	-0.00552	1.0	-0.22	2.74	1.00	0.00	0.16	111115
149	"16:46:35"	20180316	75	0	1.03	0.0186	260	1.61	5.81	41.72	6	1.42	1	2.84	47.29	41.72	49.73	399.68	394.68	27.488	32.163	18.26	21.37	199.7	1699	4	72	18.9	-0.00552	1.0	-0.22	2.74	1.00	0.00	0.16	111115
150	"16:46:35"	20180316	75	0	1.03	0.0187	260	1.61	5.81	41.72	6	1.42	1	2.84	47.29	41.72	49.73	399.68	394.68	27.472	32.162	18.25	21.36	199.7	1699	4	72	18.9	-0.00552	1.0	-0.22	2.74	1.00	0.00	0.16	111115
151	"16:46:36"	20180316	75	0	1.02	0.0187	262	1.62	5.81	41.72	6	1.42	1	2.84	47.29	41.72	49.73	399.68	394.71	27.461	32.159	18.24	21.36	199.7	1699	4	72	18.9	-0.00552	1.0	-0.22	2.74	1.00	0.00	0.16	111115
152	"16:46:36"	20180316	75	0	1.02	0.019	263	1.64	5.81	41.72	6	1.42	1	2.84	47.29	41.72	49.73	399.76	394.75	27.380	32.159	18.19	21.36	199.7	1699	4	72	18.9	-0.00552	1.0	-0.22	2.74	1.00	0.00	0.16	111115
153	"16:46:37"	20180316	75	0	1.01	0.019	263	1.64	5.8	41.71	6	1.42	1	2.84	47.29	41.71	49.73	399.76	394.77	27.379	32.157	18.19	21.36	199.7	1699	4	72	18.9	-0.00552	1.0	-0.22	2.74	1.00	0.00	0.16	111115
154	"16:46:37"	20180316	75	0	1.01	0.019	263	1.64	5.8	41.71	6	1.42	1	2.84	47.29	41.71	49.73	399.76	394.77	27.379	32.157	18.19	21.36	199.7	1699	4	72	18.9	-0.00552	1.0	-0.22	2.74	1.00	0.00	0.16	111115
155	"16:46:37"	20180316	75	0	1.01	0.019	264	1.64	5.8	41.70	6	1.42	1	2.84	47.29	41.70	49.73	399.78	394.79	27.378	32.153	18.19	21.36	199.7	1699	4	72	18.9	-0.00552	1.0	-0.22	2.74	1.00	0.00	0.16	111115
156	"16:46:38"	20180316	75	0	1.01	0.019	263	1.64	5.8	41.70	6	1.42	1	2.84	47.29	41.70	49.73	399.77	394.77	27.376	32.154	18.18	21.36	199.7	1699	4	72	18.9	-0.00552	1.0	-0.22	2.74	1.00	0.00	0.16	111115
157	"16:46:38"	20180316	75	0	0.997	0.0191	265	1.64	5.8	41.70	6	1.42	1	2.84	47.29	41.70	49.73	399.77	394.82	27.377	32.156	18.19	21.36	199.7	1699	4	72	18.9	-0.00552	1.0	-0.22	2.74	1.00	0.00	0.16	111115
158	"16:46:39"	20180316	75	0	0.994	0.0191	265	1.64	5.79	41.69	6	1.42	1	2.84	47.30	41.69	49.73	399.74	394.81	27.377	32.153	18.18	21.36	199.7	1699	4	72	18.9	-0.00552	1.0	-0.22	2.74	1.00	0.00	0.16	111115
159	"16:46:39"	20180316	75	0	0.994	0.0191	265	1.64	5.79	41.69	6	1.42	1	2.84	47.30	41.69	49.73	399.74	394.81	27.377	32.153	18.18	21.36	199.7	1699	4	72	18.9	-0.00552	1.0	-0.22	2.74	1.00	0.00	0.16	111115
160	"16:46:39"	20180316	75	0	0.991	0.0191	265	1.64	5.79	41.68	6	1.42	1	2.84	47.30	41.68	49.73	399.74	394.82	27.378	32.151	18.18	21.35	199.7	1699	4	72	18.9	-0.00552	1.0	-0.22	2.74	1.00	0.00	0.16	111115
161	"16:46:40"	20180316	75	0	0.991	0.0191	265	1.64	5.79	41.68	6	1.42	1	2.84	47.30	41.68	49.73	399.74	394.82	27.378	32.151	18.18	21.35	199.7	1699	4	72	18.9	-0.00552	1.0	-0.22	2.74	1.00	0.00	0.16	111115
162	"16:46:41"	20180316	75	0	0.988	0.0191	266	1.64	5.78	41.64	6	1.42	1	2.84	47.30	41.64	49.73	399.74	394.83	27.376	32.142	18.18	21.35	199.7	1699	4	72	18.9	-0.00552	1.0	-0.22	2.74	1.00	0.00	0.16	111115
163	"16:46:42"	20180316	75	0	0.996	0.0191	265	1.64	5.78	41.65	6	1.42	1	2.84	47.30	41.65	49.73	399.75	394.82	27.377	32.142	18.18	21.35	199.7	1699	3	72	18.9	-0.00552	1.0	-0.22	2.74	1.00	0.00	0.16	111115
164	"16:46:42"	20180316	75	0	0.984	0.0191	266	1.64	5.78	41.64	6	1.42	1	2.84	47.30	41.64	49.73	399.73	394.83	27.377	32.136	18.18	21.34	199.7	1699	3	72	18.9	-0.00552	1.0	-0.22	2.74	1.00	0.00	0.16	111115
165	"16:46:43"	20180316	75	0	0.981	0.019	266	1.64	5.78	41.65	6	1.42	1	2.84	47.30	41.65	49.73	399.72	394.82	27.373	32.133	18.18	21.34	199.7	1699	3	72	18.9	-0.00552	1.0	-0.22	2.74	1.00	0.00	0.16	111115
