"OPEN 6.3.4"
"Fri Mar 16 2018 09:13:03"
<open><version>"6.3.4"</version></open>
<open><configfile>"/User/Configs/UserPrefs/LED2x3.xml"</configfile></open>
<open><light><source>"6400-02 or -02B LED Source"</source><par_in>1<sensor>"SI-2503"<cal>-0.86<actinity>1.00</actinity><transm>1.00</transm></cal></sensor><transm>1</transm></par_in><par_out>1<sensor>"Q40491"<cal>6.5</cal></sensor></par_out></light></open>
<open><comps><file>"/User/Configs/Comps/StdComps_6.1"<header>""</header><extras></extras></file><energybal>no<f_parIn>1</f_parIn><f_parOut>0</f_parOut><alphaK>0.16</alphaK></energybal><bc_total>2.840<stomatal_ratio>1</stomatal_ratio><bc_oneside>1.420<type>2</type><table>"/Sys/Lib/StdBLCTable"</table><area>6</area><slope>-0.219565</slope><offset>2.73739</offset><fan>5</fan></bc_oneside></bc_total></comps></open>
<open><prompts><onlog>off</onlog><items>"Default (none)"</items></prompts></open>
<open><constants><oxygen>21 %</oxygen><bb_vapor>1.5</bb_vapor><bb_oxy>0.9</bb_oxy></constants></open>
<open><stability><items>"Std Stability"<items[1]><id>-2</id><size>15</size><pcv><onoff>0</onoff><value>1</value></pcv><std><onoff>0</onoff><value>1</value></std><slp><onoff>1</onoff><value>1</value></slp></items[1]><items[2]><id>-5</id><size>15</size><pcv><onoff>0</onoff><value>1</value></pcv><std><onoff>0</onoff><value>1</value></std><slp><onoff>1</onoff><value>1</value></slp></items[2]><items[3]><id>-7</id><size>15</size><pcv><onoff>0</onoff><value>1</value></pcv><std><onoff>0</onoff><value>1</value></std><slp><onoff>1</onoff><value>1</value></slp></items[3]></items></stability></open>
<open><log><format>"StdLogFmt_6.0"<items>{ -35 -21 -70 -69 -76 30 23 36 21 25 221 -33 111 -34 11 -9 -10 -8 -1 -2 -4 -5 -14 -15 -7 -12 -13 -11 -65 -66 -72 -18 -19 -77 -78 -79 -23  }<hdr>{  }</hdr></items></format><options><beep>on</beep><match>"never"<time>30</time><co2>100</co2><delta>10</delta></match><hdr>normal</hdr><rem>normal</rem><stab>no</stab><stats>no<mean>no</mean><file>no</file><period>15</period></stats><excel>yes</excel><controls>yes</controls><comm>no</comm></options><datafile>"/User/031618-LH-EYX1643"</datafile><button><action>"Normal Log"<code>" LogOneObsManual "</code></action></button><autoprog>"/User/Configs/AutoProgs/AutoLog2"<active>no</active></autoprog></log></open>
<open><a2d><avgtime>4.0 secs</avgtime><userchans><ch20>"Off"</ch20><ch21>"Off"</ch21><ch22>"Off"</ch22><ch23>"Off"</ch23></userchans></a2d></open>
<open><matching><type>0</type><disp>'a'</disp><settings>><CO2Limit>10.0</CO2Limit><H2OLimit>1.0</H2OLimit><MaxAutoTime>60</MaxAutoTime><AverageTime>10</AverageTime></settings></matching></open>
<li6400><factory><unit>"PSC-2470"</unit><serviced>"5 Feb 2018"</serviced><fuseaware>0</fuseaware><co2mixer>yes</co2mixer><co2><coeffs>{ 0 0.214772 2.55802e-05 1.93228e-08 -3.02262e-12 2.75724e-16  }</coeffs><dvdt>-4</dvdt><xs>{ 9.11e-05 0.00178  }</xs></co2><h2o><coeffs>{ 0 0.00581526 2.16703e-06 7.69607e-12  }</coeffs><dvdt>-2.9</dvdt><xs>{ -0.000111 -0.00256  }</xs></h2o><flow>{ 0 0.3696  }</flow><press>{ 86.913 0.00551  }</press></factory></li6400>
<li6400><user><flow_zero>-3.5</flow_zero><irga_zero><co2>113.5 152.5<at>27.1329</at></co2><h2o>-3.5 -3.5<at>28.1091</at></h2o></irga_zero><irga_span><co2>{ 0.990134 0.992694  }</co2><h2o>{ 0.996743 0.99801  }</h2o></irga_span><irga_match><co2>{ 0.110267 7.45458  }</co2><h2o>{ -0.0816591 0.217186  }</h2o></irga_match><co2_mixer><pump_mv>4500</pump_mv><ppm>{ 2352.67 1117.67 439.284 266.3 121.188 70.6751 48.8233 48.8102  }</ppm><mv>{ 5000 3000 1500 1000 500 300 200 100  }</mv></co2_mixer><parin_offset>-0.211894</parin_offset><led_cal><unit>"SI-2503"</unit><mv>{ 10 25 50 100 1000 2000 3000 4000 5000  }</mv><qntm>{ 1.83047 9.20354 23.3042 57.5395 736.221 1467.2 2160.1 2821.48 3447.04  }</qntm></led_cal><lcf_cal><unit>"LCF-0981"</unit><red><mv>{ 50 100 200 400 800 1500  }</mv><qntm>{ 64.6036 145.758 312.409 661.73 1377.94 2641.23  }</qntm></red><blue><mv>{ 100 500 1000 2000 3000 4000 5000  }</mv><qntm>{ 11.107 44.4539 81.9578 145.168 203.372 256.093 300.56  }</qntm></blue></lcf_cal></user></li6400>
"09:13:06 "
$STARTOFDATA$
"Obs"	"HHMMSS"	"YYYYMMDD"	"DOY"	"EBal?"	"Photo"	"Cond"	"Ci"	"Trmmol"	"VpdL"	"CTleaf"	"Area"	"BLC_1"	"StmRat"	"BLCond"	"Tair"	"Tleaf"	"TBlk"	"CO2R"	"CO2S"	"H2OR"	"H2OS"	"RH_R"	"RH_S"	"Flow"	"PARi"	"PARo"	"Press"	"CsMch"	"HsMch"	"StableF"	"BLCslope"	"BLCoffst"	"f_parin"	"f_parout"	"alphaK"	"Status"
"09:24:31 Coolers: Tblock -> 6.50 C"
"09:25:08 Flow: Fixed -> 500 umol/s"
"09:25:37 Flow: Fixed -> 300 umol/s"
"09:27:59 Flow: Fixed -> 300 umol/s"
1	"09:28:08"	20180316	75	0	5.4	0.0395	158	0.811	1.48	16.44	6	1.42	1	2.84	8.65	16.44	6.54	399.98	388.55	3.805	5.419	24.48	34.86	300.0	1701	12	72.4	7.45	0.217	1.0	-0.22	2.74	1.00	0.00	0.16	111115
2	"09:28:08"	20180316	75	0	5.4	0.0395	158	0.811	1.48	16.43	6	1.42	1	2.84	8.65	16.43	6.54	399.98	388.56	3.805	5.419	24.48	34.86	300.0	1701	12	72.4	7.45	0.217	1.0	-0.22	2.74	1.00	0.00	0.16	111115
3	"09:28:09"	20180316	75	0	5.41	0.0395	157	0.81	1.48	16.43	6	1.42	1	2.84	8.65	16.43	6.54	400.00	388.55	3.805	5.417	24.48	34.85	300.0	1701	12	72.4	7.45	0.217	1.0	-0.22	2.74	1.00	0.00	0.16	111115
4	"09:28:10"	20180316	75	0	5.37	0.0394	159	0.809	1.48	16.43	6	1.42	1	2.84	8.65	16.43	6.54	399.96	388.58	3.805	5.415	24.48	34.84	300.0	1701	12	72.4	7.45	0.217	1.0	-0.22	2.74	1.00	0.00	0.16	111115
5	"09:28:10"	20180316	75	0	5.38	0.0395	159	0.809	1.48	16.42	6	1.42	1	2.84	8.65	16.42	6.54	399.94	388.56	3.805	5.414	24.48	34.83	300.0	1701	12	72.4	7.45	0.217	1.0	-0.22	2.74	1.00	0.00	0.16	111115
6	"09:28:11"	20180316	75	0	5.37	0.0394	159	0.808	1.48	16.41	6	1.42	1	2.84	8.65	16.41	6.55	399.92	388.55	3.805	5.412	24.48	34.82	300.0	1701	12	72.4	7.45	0.217	1.0	-0.22	2.74	1.00	0.00	0.16	111115
7	"09:28:11"	20180316	75	0	5.38	0.0395	159	0.808	1.48	16.40	6	1.42	1	2.84	8.65	16.40	6.55	399.90	388.52	3.805	5.413	24.48	34.82	300.0	1701	12	72.4	7.45	0.217	1.0	-0.22	2.74	1.00	0.00	0.16	111115
8	"09:28:12"	20180316	75	0	5.36	0.0395	160	0.808	1.48	16.41	6	1.42	1	2.84	8.65	16.41	6.55	399.90	388.56	3.805	5.413	24.48	34.82	300.0	1701	12	72.4	7.45	0.217	1.0	-0.22	2.74	1.00	0.00	0.16	111115
9	"09:28:13"	20180316	75	0	5.42	0.0394	157	0.808	1.48	16.41	6	1.42	1	2.84	8.65	16.41	6.55	399.98	388.52	3.806	5.412	24.48	34.81	300.0	1701	12	72.4	7.45	0.217	1.0	-0.22	2.74	1.00	0.00	0.16	111115
10	"09:28:13"	20180316	75	0	5.42	0.0395	157	0.808	1.48	16.40	6	1.42	1	2.84	8.65	16.40	6.55	399.98	388.52	3.806	5.413	24.48	34.82	300.0	1701	12	72.4	7.45	0.217	1.0	-0.22	2.74	1.00	0.00	0.16	111115
11	"09:28:14"	20180316	75	0	5.46	0.0394	155	0.808	1.48	16.40	6	1.42	1	2.84	8.65	16.40	6.55	400.03	388.48	3.805	5.413	24.48	34.82	300.0	1701	12	72.4	7.45	0.217	1.0	-0.22	2.74	1.00	0.00	0.16	111115
12	"09:28:15"	20180316	75	0	5.45	0.0394	155	0.806	1.48	16.40	6	1.42	1	2.84	8.65	16.40	6.56	400.09	388.56	3.807	5.411	24.49	34.81	300.0	1701	12	72.4	7.45	0.217	1.0	-0.22	2.74	1.00	0.00	0.16	111115
13	"09:28:15"	20180316	75	0	5.44	0.0394	156	0.806	1.48	16.38	6	1.42	1	2.84	8.65	16.38	6.56	400.11	388.59	3.807	5.410	24.49	34.80	300.0	1701	12	72.4	7.45	0.217	1.0	-0.22	2.74	1.00	0.00	0.16	111115
14	"09:28:16"	20180316	75	0	5.44	0.0394	156	0.806	1.48	16.37	6	1.42	1	2.84	8.65	16.37	6.56	400.10	388.59	3.807	5.410	24.49	34.80	300.0	1701	12	72.4	7.45	0.217	1.0	-0.22	2.74	1.00	0.00	0.16	111115
15	"09:28:16"	20180316	75	0	5.44	0.0395	156	0.806	1.48	16.37	6	1.42	1	2.84	8.65	16.37	6.56	400.07	388.56	3.807	5.411	24.49	34.80	300.0	1701	12	72.4	7.45	0.217	1.0	-0.22	2.74	1.00	0.00	0.16	111115
"09:28:33 Coolers: Tblock -> 11.50 C"
"09:32:09 Flow: Fixed -> 300 umol/s"
16	"09:32:28"	20180316	75	0	5.33	0.0388	156	0.84	1.56	18.23	6	1.42	1	2.84	12.65	18.23	11.55	399.33	388.03	5.816	7.483	28.67	36.89	300.0	1700	13	72.41	7.45	0.217	1.0	-0.22	2.74	1.00	0.00	0.16	111115
17	"09:32:29"	20180316	75	0	5.37	0.0388	154	0.839	1.56	18.23	6	1.42	1	2.84	12.65	18.23	11.55	399.33	387.94	5.817	7.483	28.68	36.89	300.0	1700	13	72.41	7.45	0.217	0.7	-0.22	2.74	1.00	0.00	0.16	111115
18	"09:32:30"	20180316	75	0	5.43	0.0388	152	0.84	1.56	18.23	6	1.42	1	2.84	12.65	18.23	11.55	399.34	387.83	5.817	7.484	28.68	36.89	300.1	1700	13	72.41	7.45	0.217	0.7	-0.22	2.74	1.00	0.00	0.16	111115
19	"09:32:30"	20180316	75	0	5.48	0.0387	149	0.839	1.56	18.24	6	1.42	1	2.84	12.65	18.24	11.55	399.35	387.75	5.817	7.483	28.67	36.88	300.0	1700	12	72.41	7.45	0.217	0.7	-0.22	2.74	1.00	0.00	0.16	111115
20	"09:32:31"	20180316	75	0	5.53	0.0388	148	0.841	1.56	18.25	6	1.42	1	2.84	12.65	18.25	11.55	399.38	387.67	5.817	7.485	28.67	36.89	300.1	1700	12	72.41	7.45	0.217	0.7	-0.22	2.74	1.00	0.00	0.16	111115
21	"09:32:32"	20180316	75	0	5.52	0.0388	148	0.841	1.56	18.25	6	1.42	1	2.84	12.65	18.25	11.55	399.35	387.66	5.817	7.486	28.67	36.90	300.1	1700	12	72.41	7.45	0.217	0.7	-0.22	2.74	1.00	0.00	0.16	111115
22	"09:32:32"	20180316	75	0	5.52	0.0388	148	0.841	1.56	18.25	6	1.42	1	2.84	12.65	18.25	11.55	399.35	387.65	5.818	7.487	28.67	36.90	300.1	1700	12	72.41	7.45	0.217	0.7	-0.22	2.74	1.00	0.00	0.16	111115
23	"09:32:33"	20180316	75	0	5.54	0.0388	147	0.842	1.56	18.25	6	1.42	1	2.84	12.65	18.25	11.55	399.37	387.64	5.818	7.488	28.67	36.91	300.1	1700	12	72.41	7.45	0.217	0.7	-0.22	2.74	1.00	0.00	0.16	111115
24	"09:32:34"	20180316	75	0	5.53	0.0388	148	0.842	1.56	18.25	6	1.42	1	2.84	12.65	18.25	11.55	399.38	387.66	5.819	7.489	28.68	36.91	300.0	1700	12	72.41	7.45	0.217	0.7	-0.22	2.74	1.00	0.00	0.16	111115
25	"09:32:34"	20180316	75	0	5.53	0.0389	148	0.842	1.56	18.25	6	1.42	1	2.84	12.65	18.25	11.55	399.37	387.66	5.819	7.492	28.68	36.92	300.0	1700	12	72.41	7.45	0.217	0.7	-0.22	2.74	1.00	0.00	0.16	111115
26	"09:32:35"	20180316	75	0	5.55	0.0389	147	0.842	1.56	18.25	6	1.42	1	2.84	12.65	18.25	11.55	399.37	387.62	5.820	7.492	28.68	36.92	300.0	1700	12	72.41	7.45	0.217	0.7	-0.22	2.74	1.00	0.00	0.16	111115
27	"09:32:36"	20180316	75	0	5.58	0.0388	146	0.842	1.56	18.26	6	1.42	1	2.84	12.65	18.26	11.55	399.36	387.56	5.820	7.492	28.68	36.92	300.0	1700	12	72.41	7.45	0.217	0.7	-0.22	2.74	1.00	0.00	0.16	111115
28	"09:32:37"	20180316	75	0	5.63	0.0388	143	0.843	1.56	18.26	6	1.42	1	2.84	12.65	18.26	11.55	399.34	387.42	5.821	7.493	28.68	36.93	300.0	1700	12	72.41	7.45	0.217	0.7	-0.22	2.74	1.00	0.00	0.16	111115
29	"09:32:37"	20180316	75	0	5.64	0.0388	143	0.843	1.56	18.27	6	1.42	1	2.84	12.65	18.27	11.55	399.31	387.38	5.821	7.494	28.69	36.93	300.0	1700	12	72.41	7.45	0.217	0.7	-0.22	2.74	1.00	0.00	0.16	111115
30	"09:32:38"	20180316	75	0	5.63	0.0388	143	0.842	1.57	18.29	6	1.42	1	2.84	12.65	18.29	11.55	399.27	387.37	5.822	7.494	28.69	36.93	300.0	1700	13	72.41	7.45	0.217	0.7	-0.22	2.74	1.00	0.00	0.16	111115
"09:32:53 Coolers: Tblock -> 16.50 C"
"09:35:58 Flow: Fixed -> 300 umol/s"
31	"09:36:35"	20180316	75	0	6.24	0.0396	122	0.934	1.7	20.33	6	1.42	1	2.84	16.78	20.33	16.55	399.84	386.64	7.792	9.642	29.43	36.42	300.0	1700	13	72.41	7.45	0.217	1.0	-0.22	2.74	1.00	0.00	0.16	111115
32	"09:36:36"	20180316	75	0	6.22	0.0395	122	0.933	1.7	20.32	6	1.42	1	2.84	16.78	20.32	16.55	399.84	386.68	7.792	9.641	29.43	36.41	300.0	1700	13	72.41	7.45	0.217	1.0	-0.22	2.74	1.00	0.00	0.16	111115
33	"09:36:36"	20180316	75	0	6.18	0.0396	124	0.934	1.7	20.32	6	1.42	1	2.84	16.78	20.32	16.55	399.83	386.75	7.793	9.642	29.43	36.41	300.0	1700	13	72.41	7.45	0.217	1.0	-0.22	2.74	1.00	0.00	0.16	111115
34	"09:36:37"	20180316	75	0	6.15	0.0395	125	0.933	1.7	20.32	6	1.42	1	2.84	16.78	20.32	16.55	399.82	386.79	7.793	9.641	29.43	36.41	300.0	1700	13	72.41	7.45	0.217	1.0	-0.22	2.74	1.00	0.00	0.16	111115
35	"09:36:37"	20180316	75	0	6.16	0.0395	125	0.933	1.7	20.33	6	1.42	1	2.84	16.78	20.33	16.55	399.83	386.80	7.793	9.641	29.43	36.40	300.0	1700	13	72.41	7.45	0.217	1.0	-0.22	2.74	1.00	0.00	0.16	111115
36	"09:36:38"	20180316	75	0	6.16	0.0395	125	0.933	1.7	20.33	6	1.42	1	2.84	16.78	20.33	16.55	399.83	386.80	7.793	9.641	29.43	36.40	300.0	1700	13	72.41	7.45	0.217	1.0	-0.22	2.74	1.00	0.00	0.16	111115
37	"09:36:38"	20180316	75	0	6.12	0.0396	127	0.934	1.7	20.32	6	1.42	1	2.84	16.78	20.32	16.55	399.79	386.84	7.793	9.643	29.42	36.41	300.0	1700	13	72.41	7.45	0.217	1.0	-0.22	2.74	1.00	0.00	0.16	111115
38	"09:36:39"	20180316	75	0	6.12	0.0396	127	0.935	1.69	20.32	6	1.42	1	2.84	16.78	20.32	16.55	399.78	386.82	7.793	9.644	29.42	36.41	300.0	1700	13	72.41	7.45	0.217	1.0	-0.22	2.74	1.00	0.00	0.16	111115
39	"09:36:39"	20180316	75	0	6.12	0.0397	128	0.937	1.69	20.31	6	1.42	1	2.84	16.78	20.31	16.55	399.79	386.83	7.792	9.648	29.42	36.42	300.0	1700	13	72.41	7.45	0.217	1.0	-0.22	2.74	1.00	0.00	0.16	111115
40	"09:36:40"	20180316	75	0	6.12	0.0398	128	0.938	1.69	20.31	6	1.42	1	2.84	16.78	20.31	16.55	399.80	386.84	7.791	9.650	29.41	36.43	300.0	1700	13	72.41	7.45	0.217	1.0	-0.22	2.74	1.00	0.00	0.16	111115
41	"09:36:40"	20180316	75	0	6.14	0.0398	127	0.938	1.69	20.31	6	1.42	1	2.84	16.79	20.31	16.55	399.80	386.79	7.791	9.649	29.41	36.42	300.0	1700	13	72.41	7.45	0.217	1.0	-0.22	2.74	1.00	0.00	0.16	111115
42	"09:36:41"	20180316	75	0	6.12	0.0399	128	0.939	1.69	20.31	6	1.42	1	2.84	16.79	20.31	16.55	399.81	386.84	7.792	9.652	29.41	36.43	300.0	1700	13	72.41	7.45	0.217	0.7	-0.22	2.74	1.00	0.00	0.16	111115
43	"09:36:41"	20180316	75	0	6.13	0.0399	128	0.94	1.69	20.31	6	1.42	1	2.84	16.79	20.31	16.55	399.81	386.84	7.792	9.652	29.41	36.43	300.0	1700	13	72.41	7.45	0.217	0.7	-0.22	2.74	1.00	0.00	0.16	111115
44	"09:36:42"	20180316	75	0	6.14	0.0398	127	0.939	1.69	20.31	6	1.42	1	2.84	16.79	20.31	16.56	399.86	386.84	7.793	9.652	29.41	36.43	300.0	1700	13	72.41	7.45	0.217	0.7	-0.22	2.74	1.00	0.00	0.16	111115
45	"09:36:42"	20180316	75	0	6.14	0.0398	127	0.938	1.69	20.32	6	1.42	1	2.84	16.79	20.32	16.56	399.84	386.84	7.794	9.651	29.41	36.42	300.0	1700	13	72.41	7.45	0.217	0.7	-0.22	2.74	1.00	0.00	0.16	111115
"09:37:24 Coolers: Tblock -> 21.50 C"
"09:40:05 Flow: Fixed -> 300 umol/s"
46	"09:41:42"	20180316	75	0	4.31	0.0392	200	0.992	1.81	22.53	6	1.42	1	2.84	21.20	22.53	21.58	399.84	390.45	10.843	12.801	31.07	36.68	300.0	1699	12	72.41	11.6	0.17	1.0	-0.22	2.74	1.00	0.00	0.16	111115
47	"09:41:42"	20180316	75	0	4.29	0.0391	201	0.991	1.81	22.53	6	1.42	1	2.84	21.20	22.53	21.58	399.80	390.45	10.842	12.797	31.06	36.67	300.0	1699	12	72.41	11.6	0.17	1.0	-0.22	2.74	1.00	0.00	0.16	111115
48	"09:41:43"	20180316	75	0	4.29	0.0391	201	0.991	1.81	22.53	6	1.42	1	2.84	21.20	22.53	21.58	399.80	390.45	10.842	12.797	31.06	36.67	300.0	1699	12	72.41	11.6	0.17	1.0	-0.22	2.74	1.00	0.00	0.16	111115
49	"09:41:43"	20180316	75	0	4.29	0.0391	201	0.992	1.81	22.53	6	1.42	1	2.84	21.20	22.53	21.58	399.79	390.44	10.841	12.800	31.06	36.67	300.0	1699	12	72.41	11.6	0.17	1.0	-0.22	2.74	1.00	0.00	0.16	111115
50	"09:41:44"	20180316	75	0	4.36	0.0391	198	0.993	1.82	22.54	6	1.42	1	2.84	21.21	22.54	21.58	399.85	390.36	10.842	12.801	31.06	36.67	300.0	1699	12	72.41	11.6	0.17	1.0	-0.22	2.74	1.00	0.00	0.16	111115
51	"09:41:45"	20180316	75	0	4.37	0.0391	197	0.992	1.82	22.55	6	1.42	1	2.84	21.21	22.55	21.58	399.85	390.34	10.841	12.801	31.05	36.66	300.0	1699	12	72.41	11.6	0.17	0.7	-0.22	2.74	1.00	0.00	0.16	111115
52	"09:41:45"	20180316	75	0	4.34	0.0391	199	0.994	1.82	22.55	6	1.42	1	2.84	21.21	22.55	21.58	399.82	390.37	10.842	12.803	31.05	36.67	300.0	1699	12	72.41	11.6	0.17	0.7	-0.22	2.74	1.00	0.00	0.16	111115
53	"09:41:46"	20180316	75	0	4.37	0.0391	198	0.994	1.82	22.56	6	1.42	1	2.84	21.21	22.56	21.58	399.86	390.36	10.842	12.805	31.05	36.67	300.0	1699	12	72.41	11.6	0.17	0.7	-0.22	2.74	1.00	0.00	0.16	111115
54	"09:41:46"	20180316	75	0	4.38	0.0392	197	0.996	1.82	22.56	6	1.42	1	2.84	21.21	22.56	21.58	399.89	390.36	10.842	12.809	31.05	36.68	300.0	1699	12	72.41	11.6	0.17	0.7	-0.22	2.74	1.00	0.00	0.16	111115
55	"09:41:47"	20180316	75	0	4.38	0.0392	197	0.996	1.82	22.56	6	1.42	1	2.84	21.21	22.56	21.58	399.89	390.36	10.842	12.809	31.05	36.68	300.0	1699	12	72.41	11.6	0.17	0.7	-0.22	2.74	1.00	0.00	0.16	111115
56	"09:41:47"	20180316	75	0	4.38	0.0391	197	0.995	1.82	22.56	6	1.42	1	2.84	21.22	22.56	21.58	399.93	390.39	10.843	12.807	31.04	36.66	300.0	1699	12	72.41	11.6	0.17	0.7	-0.22	2.74	1.00	0.00	0.16	111115
57	"09:41:48"	20180316	75	0	4.38	0.0392	197	0.996	1.82	22.57	6	1.42	1	2.84	21.22	22.57	21.58	399.93	390.39	10.843	12.808	31.04	36.66	300.0	1699	12	72.41	11.6	0.17	1.0	-0.22	2.74	1.00	0.00	0.16	111115
58	"09:41:48"	20180316	75	0	4.39	0.0392	197	0.996	1.82	22.57	6	1.42	1	2.84	21.22	22.57	21.58	399.96	390.40	10.843	12.809	31.04	36.66	300.0	1699	12	72.41	11.6	0.17	1.0	-0.22	2.74	1.00	0.00	0.16	111115
59	"09:41:49"	20180316	75	0	4.39	0.0392	197	0.996	1.82	22.57	6	1.42	1	2.84	21.22	22.57	21.58	399.96	390.40	10.843	12.809	31.04	36.66	300.0	1699	12	72.41	11.6	0.17	1.0	-0.22	2.74	1.00	0.00	0.16	111115
60	"09:41:49"	20180316	75	0	4.43	0.0391	195	0.996	1.82	22.57	6	1.42	1	2.84	21.22	22.57	21.58	400.02	390.38	10.843	12.810	31.03	36.66	300.0	1699	12	72.41	11.6	0.17	1.0	-0.22	2.74	1.00	0.00	0.16	111115
"09:42:11 Coolers: Tblock -> 26.50 C"
"09:45:51 Flow: Fixed -> 300 umol/s"
61	"09:46:13"	20180316	75	0	4.82	0.0378	169	1.17	2.19	25.56	6	1.42	1	2.84	25.66	25.56	26.57	399.42	388.88	12.812	15.107	28.07	33.09	300.0	1699	14	72.42	11.6	0.17	0.7	-0.22	2.74	1.00	0.00	0.16	111115
62	"09:46:14"	20180316	75	0	4.87	0.0378	166	1.16	2.19	25.56	6	1.42	1	2.84	25.66	25.56	26.57	399.44	388.79	12.812	15.107	28.06	33.09	300.0	1699	14	72.42	11.6	0.17	0.7	-0.22	2.74	1.00	0.00	0.16	111115
63	"09:46:14"	20180316	75	0	4.87	0.0378	166	1.17	2.19	25.57	6	1.42	1	2.84	25.66	25.57	26.57	399.42	388.78	12.811	15.106	28.06	33.08	300.0	1699	14	72.42	11.6	0.17	0.7	-0.22	2.74	1.00	0.00	0.16	111115
64	"09:46:15"	20180316	75	0	4.86	0.0378	167	1.17	2.19	25.57	6	1.42	1	2.84	25.66	25.57	26.57	399.40	388.77	12.812	15.108	28.06	33.09	300.0	1699	14	72.42	11.6	0.17	0.7	-0.22	2.74	1.00	0.00	0.16	111115
65	"09:46:15"	20180316	75	0	4.86	0.0378	167	1.17	2.19	25.57	6	1.42	1	2.84	25.66	25.57	26.57	399.35	388.73	12.812	15.111	28.05	33.09	300.0	1699	14	72.42	11.6	0.17	0.7	-0.22	2.74	1.00	0.00	0.16	111115
66	"09:46:16"	20180316	75	0	4.86	0.0378	167	1.17	2.2	25.57	6	1.42	1	2.84	25.66	25.57	26.57	399.33	388.70	12.812	15.111	28.05	33.09	300.0	1699	14	72.42	11.6	0.17	0.7	-0.22	2.74	1.00	0.00	0.16	111115
67	"09:46:16"	20180316	75	0	4.87	0.0378	166	1.17	2.2	25.57	6	1.42	1	2.84	25.66	25.57	26.57	399.32	388.67	12.813	15.110	28.05	33.08	300.0	1699	14	72.42	11.6	0.17	0.7	-0.22	2.74	1.00	0.00	0.16	111115
68	"09:46:17"	20180316	75	0	4.85	0.0378	167	1.17	2.2	25.58	6	1.42	1	2.84	25.67	25.58	26.57	399.32	388.70	12.812	15.110	28.05	33.08	300.0	1699	14	72.42	11.6	0.17	0.7	-0.22	2.74	1.00	0.00	0.16	111115
69	"09:46:17"	20180316	75	0	4.88	0.0378	166	1.17	2.2	25.58	6	1.42	1	2.84	25.67	25.58	26.57	399.35	388.68	12.813	15.112	28.05	33.08	300.0	1699	14	72.42	11.6	0.17	0.7	-0.22	2.74	1.00	0.00	0.16	111115
70	"09:46:18"	20180316	75	0	4.89	0.0378	166	1.17	2.2	25.58	6	1.42	1	2.84	25.67	25.58	26.57	399.36	388.67	12.814	15.114	28.05	33.08	300.0	1699	14	72.42	11.6	0.17	0.7	-0.22	2.74	1.00	0.00	0.16	111115
71	"09:46:19"	20180316	75	0	4.91	0.0378	165	1.17	2.2	25.58	6	1.42	1	2.84	25.67	25.58	26.57	399.36	388.63	12.814	15.115	28.05	33.08	300.0	1699	14	72.42	11.6	0.17	0.7	-0.22	2.74	1.00	0.00	0.16	111115
72	"09:46:19"	20180316	75	0	4.92	0.0378	164	1.17	2.2	25.58	6	1.42	1	2.84	25.67	25.58	26.57	399.38	388.63	12.814	15.115	28.04	33.08	300.0	1699	14	72.42	11.6	0.17	0.7	-0.22	2.74	1.00	0.00	0.16	111115
73	"09:46:20"	20180316	75	0	4.91	0.0378	165	1.17	2.2	25.59	6	1.42	1	2.84	25.67	25.59	26.57	399.36	388.63	12.814	15.114	28.04	33.08	300.0	1699	14	72.42	11.6	0.17	0.7	-0.22	2.74	1.00	0.00	0.16	111115
74	"09:46:20"	20180316	75	0	4.91	0.0378	165	1.17	2.2	25.59	6	1.42	1	2.84	25.67	25.59	26.57	399.34	388.62	12.814	15.116	28.04	33.08	300.0	1699	14	72.42	11.6	0.17	0.7	-0.22	2.74	1.00	0.00	0.16	111115
75	"09:46:21"	20180316	75	0	4.88	0.0378	166	1.17	2.2	25.59	6	1.42	1	2.84	25.67	25.59	26.57	399.31	388.64	12.816	15.117	28.04	33.08	300.0	1699	14	72.42	11.6	0.17	0.7	-0.22	2.74	1.00	0.00	0.16	111115
"09:47:04 Coolers: Tblock -> 31.50 C"
"09:53:48 Flow: Fixed -> 300 umol/s"
"09:54:34 Flow: Fixed -> 300 umol/s"
76	"09:55:17"	20180316	75	0	6.02	0.0372	110	1.35	2.56	29.02	6	1.42	1	2.84	30.43	29.02	31.56	399.90	386.82	17.589	20.232	29.17	33.55	300.0	1700	14	72.42	11.6	0.17	1.0	-0.22	2.74	1.00	0.00	0.16	111115
77	"09:55:17"	20180316	75	0	5.98	0.0371	112	1.35	2.56	29.03	6	1.42	1	2.84	30.43	29.03	31.56	399.86	386.85	17.590	20.233	29.17	33.55	300.0	1700	14	72.42	11.6	0.17	1.0	-0.22	2.74	1.00	0.00	0.16	111115
78	"09:55:18"	20180316	75	0	5.97	0.0371	112	1.35	2.56	29.03	6	1.42	1	2.84	30.43	29.03	31.56	399.89	386.91	17.592	20.236	29.17	33.55	300.0	1700	14	72.42	11.6	0.17	1.0	-0.22	2.74	1.00	0.00	0.16	111115
79	"09:55:18"	20180316	75	0	5.96	0.0371	112	1.35	2.56	29.04	6	1.42	1	2.84	30.43	29.04	31.56	399.92	386.95	17.593	20.236	29.17	33.55	300.0	1700	14	72.42	11.6	0.17	1.0	-0.22	2.74	1.00	0.00	0.16	111115
80	"09:55:19"	20180316	75	0	5.96	0.0372	113	1.35	2.56	29.04	6	1.42	1	2.84	30.43	29.04	31.56	399.92	386.95	17.593	20.239	29.17	33.56	299.9	1700	14	72.42	11.6	0.17	1.0	-0.22	2.74	1.00	0.00	0.16	111115
81	"09:55:19"	20180316	75	0	5.95	0.0372	113	1.35	2.56	29.04	6	1.42	1	2.84	30.43	29.04	31.56	399.93	386.99	17.594	20.240	29.17	33.56	300.0	1700	15	72.42	11.6	0.17	1.0	-0.22	2.74	1.00	0.00	0.16	111115
82	"09:55:20"	20180316	75	0	5.93	0.0372	115	1.35	2.56	29.04	6	1.42	1	2.84	30.43	29.04	31.56	399.93	387.02	17.594	20.245	29.17	33.57	300.0	1700	14	72.42	11.6	0.17	1.0	-0.22	2.74	1.00	0.00	0.16	111115
83	"09:55:20"	20180316	75	0	5.96	0.0373	114	1.36	2.56	29.04	6	1.42	1	2.84	30.43	29.04	31.56	399.99	387.02	17.594	20.250	29.17	33.57	300.0	1700	14	72.42	11.6	0.17	0.7	-0.22	2.74	1.00	0.00	0.16	111115
84	"09:55:21"	20180316	75	0	5.97	0.0373	113	1.36	2.56	29.04	6	1.42	1	2.84	30.43	29.04	31.56	400.03	387.03	17.594	20.253	29.17	33.58	300.0	1700	14	72.42	11.6	0.17	0.7	-0.22	2.74	1.00	0.00	0.16	111115
85	"09:55:21"	20180316	75	0	5.96	0.0374	114	1.36	2.56	29.03	6	1.42	1	2.84	30.43	29.03	31.56	400.04	387.07	17.594	20.253	29.17	33.58	300.0	1700	14	72.42	11.6	0.17	0.7	-0.22	2.74	1.00	0.00	0.16	111115
86	"09:55:22"	20180316	75	0	5.94	0.0374	115	1.36	2.56	29.03	6	1.42	1	2.84	30.43	29.03	31.56	400.02	387.09	17.594	20.252	29.17	33.58	300.0	1700	14	72.42	11.6	0.17	0.7	-0.22	2.74	1.00	0.00	0.16	111115
87	"09:55:22"	20180316	75	0	5.91	0.0374	117	1.36	2.56	29.03	6	1.42	1	2.84	30.43	29.03	31.55	399.98	387.11	17.594	20.254	29.17	33.58	300.0	1700	14	72.42	11.6	0.17	0.7	-0.22	2.74	1.00	0.00	0.16	111115
88	"09:55:23"	20180316	75	0	5.9	0.0374	117	1.36	2.56	29.03	6	1.42	1	2.84	30.44	29.03	31.55	399.96	387.11	17.594	20.256	29.17	33.58	300.0	1700	14	72.42	11.6	0.17	0.7	-0.22	2.74	1.00	0.00	0.16	111115
89	"09:55:23"	20180316	75	0	5.92	0.0375	117	1.36	2.56	29.03	6	1.42	1	2.84	30.43	29.03	31.55	399.97	387.07	17.595	20.259	29.17	33.59	300.0	1700	14	72.42	11.6	0.17	0.7	-0.22	2.74	1.00	0.00	0.16	111115
90	"09:55:24"	20180316	75	0	5.93	0.0374	116	1.36	2.56	29.03	6	1.42	1	2.84	30.44	29.03	31.55	399.98	387.07	17.595	20.259	29.17	33.59	300.0	1700	14	72.42	11.6	0.17	0.7	-0.22	2.74	1.00	0.00	0.16	111115
"09:55:46 Coolers: Tblock -> 36.50 C"
"10:02:42 Flow: Fixed -> 300 umol/s"
"10:02:52 Flow: Fixed -> 300 umol/s"
"10:03:42 Flow: Fixed -> 300 umol/s"
91	"10:04:00"	20180316	75	0	6.24	0.0393	113	1.6	2.86	31.43	6	1.42	1	2.84	34.87	31.43	36.55	399.74	386.01	21.210	24.340	27.39	31.43	299.9	1700	14	72.43	11.6	0.17	1.0	-0.22	2.74	1.00	0.00	0.16	111115
92	"10:04:01"	20180316	75	0	6.22	0.0393	113	1.6	2.86	31.44	6	1.42	1	2.84	34.87	31.44	36.55	399.69	386.00	21.211	24.340	27.39	31.43	299.9	1700	14	72.43	11.6	0.17	1.0	-0.22	2.74	1.00	0.00	0.16	111115
93	"10:04:01"	20180316	75	0	6.22	0.0393	114	1.6	2.86	31.44	6	1.42	1	2.84	34.87	31.44	36.55	399.67	386.00	21.211	24.341	27.39	31.43	299.9	1700	14	72.43	11.6	0.17	1.0	-0.22	2.74	1.00	0.00	0.16	111115
94	"10:04:02"	20180316	75	0	6.27	0.0393	111	1.6	2.86	31.44	6	1.42	1	2.84	34.87	31.44	36.55	399.69	385.91	21.209	24.340	27.38	31.43	299.9	1700	14	72.43	11.6	0.17	1.0	-0.22	2.74	1.00	0.00	0.16	111115
95	"10:04:03"	20180316	75	0	6.27	0.0393	112	1.6	2.86	31.44	6	1.42	1	2.84	34.88	31.44	36.55	399.69	385.91	21.209	24.340	27.38	31.43	299.9	1700	14	72.43	11.6	0.17	1.0	-0.22	2.74	1.00	0.00	0.16	111115
96	"10:04:03"	20180316	75	0	6.25	0.0393	112	1.6	2.86	31.44	6	1.42	1	2.84	34.88	31.44	36.55	399.63	385.89	21.210	24.340	27.38	31.42	299.9	1700	14	72.43	11.6	0.17	1.0	-0.22	2.74	1.00	0.00	0.16	111115
97	"10:04:04"	20180316	75	0	6.25	0.0392	112	1.6	2.86	31.45	6	1.42	1	2.84	34.88	31.45	36.55	399.60	385.87	21.210	24.337	27.38	31.42	299.9	1700	14	72.43	11.6	0.17	1.0	-0.22	2.74	1.00	0.00	0.16	111115
98	"10:04:04"	20180316	75	0	6.21	0.0393	113	1.6	2.87	31.45	6	1.42	1	2.84	34.88	31.45	36.56	399.56	385.89	21.210	24.338	27.38	31.42	299.9	1700	14	72.43	11.6	0.17	1.0	-0.22	2.74	1.00	0.00	0.16	111115
99	"10:04:05"	20180316	75	0	6.23	0.0393	112	1.6	2.87	31.46	6	1.42	1	2.84	34.88	31.46	36.56	399.52	385.82	21.209	24.341	27.38	31.42	299.9	1700	14	72.43	11.6	0.17	0.7	-0.22	2.74	1.00	0.00	0.16	111115
100	"10:04:06"	20180316	75	0	6.23	0.0392	112	1.6	2.87	31.47	6	1.42	1	2.84	34.88	31.47	36.56	399.52	385.83	21.211	24.340	27.38	31.41	299.9	1700	14	72.43	11.6	0.17	0.7	-0.22	2.74	1.00	0.00	0.16	111115
101	"10:04:07"	20180316	75	0	6.24	0.0392	111	1.6	2.87	31.47	6	1.42	1	2.84	34.89	31.47	36.57	399.53	385.80	21.212	24.342	27.37	31.41	299.9	1700	14	72.43	11.6	0.17	0.7	-0.22	2.74	1.00	0.00	0.16	111115
102	"10:04:08"	20180316	75	0	6.27	0.0392	111	1.61	2.87	31.48	6	1.42	1	2.84	34.89	31.48	36.57	399.56	385.78	21.211	24.344	27.37	31.41	299.9	1700	14	72.43	11.6	0.17	0.7	-0.22	2.74	1.00	0.00	0.16	111115
103	"10:04:08"	20180316	75	0	6.34	0.0392	107	1.6	2.87	31.48	6	1.42	1	2.84	34.89	31.48	36.57	399.63	385.70	21.213	24.343	27.37	31.41	299.9	1700	14	72.43	11.6	0.17	0.7	-0.22	2.74	1.00	0.00	0.16	111115
104	"10:04:09"	20180316	75	0	6.38	0.0392	106	1.6	2.87	31.47	6	1.42	1	2.84	34.89	31.47	36.57	399.69	385.68	21.213	24.343	27.37	31.41	299.9	1700	14	72.43	11.6	0.17	0.7	-0.22	2.74	1.00	0.00	0.16	111115
105	"10:04:10"	20180316	75	0	6.44	0.0391	103	1.6	2.87	31.47	6	1.42	1	2.84	34.89	31.47	36.57	399.75	385.64	21.215	24.337	27.37	31.40	299.9	1700	14	72.43	11.6	0.17	0.7	-0.22	2.74	1.00	0.00	0.16	111115
"10:05:04 Coolers: Tblock -> 41.50 C"
"10:10:57 Flow: Fixed -> 300 umol/s"
106	"10:11:17"	20180316	75	0	3.93	0.0334	177	1.71	3.57	34.02	6	1.42	1	2.84	39.42	34.02	41.55	399.37	390.18	21.284	24.620	21.45	24.81	299.9	1699	17	72.43	16.5	0.0894	1.0	-0.22	2.74	1.00	0.00	0.16	111115
107	"10:11:18"	20180316	75	0	3.95	0.0334	176	1.71	3.56	34.01	6	1.42	1	2.84	39.42	34.01	41.55	399.39	390.16	21.284	24.619	21.44	24.81	299.9	1699	17	72.43	16.5	0.0894	0.7	-0.22	2.74	1.00	0.00	0.16	111115
108	"10:11:18"	20180316	75	0	3.99	0.0334	174	1.71	3.56	34.01	6	1.42	1	2.84	39.42	34.01	41.55	399.41	390.09	21.285	24.616	21.44	24.80	299.9	1699	17	72.43	16.5	0.0894	0.7	-0.22	2.74	1.00	0.00	0.16	111115
109	"10:11:19"	20180316	75	0	4.02	0.0334	172	1.71	3.56	34.01	6	1.42	1	2.84	39.43	34.01	41.55	399.43	390.06	21.284	24.615	21.44	24.80	299.9	1699	17	72.43	16.5	0.0894	0.7	-0.22	2.74	1.00	0.00	0.16	111115
110	"10:11:20"	20180316	75	0	4.03	0.0334	172	1.71	3.56	34.00	6	1.42	1	2.84	39.43	34.00	41.55	399.44	390.05	21.286	24.616	21.44	24.80	299.9	1699	17	72.43	16.5	0.0894	0.7	-0.22	2.74	1.00	0.00	0.16	111115
111	"10:11:20"	20180316	75	0	4.04	0.0334	171	1.71	3.56	34.00	6	1.42	1	2.84	39.43	34.00	41.55	399.43	390.01	21.286	24.615	21.44	24.80	299.9	1699	17	72.43	16.5	0.0894	0.7	-0.22	2.74	1.00	0.00	0.16	111115
112	"10:11:21"	20180316	75	0	4.08	0.0333	169	1.7	3.56	34.01	6	1.42	1	2.84	39.43	34.01	41.55	399.43	389.94	21.287	24.614	21.44	24.79	299.9	1699	17	72.43	16.5	0.0894	0.7	-0.22	2.74	1.00	0.00	0.16	111115
113	"10:11:21"	20180316	75	0	4.09	0.0333	168	1.7	3.56	34.01	6	1.42	1	2.84	39.43	34.01	41.55	399.42	389.90	21.288	24.612	21.44	24.79	299.9	1699	17	72.43	16.5	0.0894	0.7	-0.22	2.74	1.00	0.00	0.16	111115
114	"10:11:22"	20180316	75	0	4.11	0.0333	167	1.7	3.56	34.01	6	1.42	1	2.84	39.43	34.01	41.55	399.39	389.84	21.288	24.613	21.44	24.79	299.9	1699	17	72.43	16.5	0.0894	0.7	-0.22	2.74	1.00	0.00	0.16	111115
115	"10:11:22"	20180316	75	0	4.12	0.0333	167	1.7	3.56	34.01	6	1.42	1	2.84	39.43	34.01	41.55	399.38	389.82	21.288	24.613	21.44	24.79	299.9	1699	17	72.43	16.5	0.0894	0.7	-0.22	2.74	1.00	0.00	0.16	111115
116	"10:11:23"	20180316	75	0	4.1	0.0333	167	1.7	3.57	34.02	6	1.42	1	2.84	39.43	34.02	41.55	399.34	389.80	21.290	24.613	21.44	24.79	299.9	1699	17	72.43	16.5	0.0894	0.7	-0.22	2.74	1.00	0.00	0.16	111115
117	"10:11:24"	20180316	75	0	4.09	0.0333	168	1.71	3.57	34.02	6	1.42	1	2.84	39.43	34.02	41.55	399.34	389.83	21.290	24.618	21.44	24.79	299.9	1699	17	72.43	16.5	0.0894	0.7	-0.22	2.74	1.00	0.00	0.16	111115
118	"10:11:25"	20180316	75	0	4.08	0.0333	169	1.71	3.57	34.02	6	1.42	1	2.84	39.43	34.02	41.55	399.34	389.84	21.291	24.619	21.44	24.79	299.9	1699	17	72.43	16.5	0.0894	0.7	-0.22	2.74	1.00	0.00	0.16	111115
119	"10:11:25"	20180316	75	0	4.1	0.0333	168	1.71	3.57	34.03	6	1.42	1	2.84	39.44	34.03	41.55	399.38	389.86	21.290	24.622	21.44	24.79	299.9	1699	17	72.43	16.5	0.0894	0.7	-0.22	2.74	1.00	0.00	0.16	111115
120	"10:11:26"	20180316	75	0	4.1	0.0333	168	1.71	3.57	34.04	6	1.42	1	2.84	39.44	34.04	41.55	399.42	389.89	21.289	24.622	21.44	24.79	299.9	1699	17	72.43	16.5	0.0894	0.7	-0.22	2.74	1.00	0.00	0.16	111115
"10:11:49 Coolers: Tblock -> 46.50 C"
"10:13:38 Flow: Fixed -> 300 umol/s"
"10:14:26 Flow: Fixed -> 300 umol/s"
121	"10:14:33"	20180316	75	0	3.91	0.0309	160	1.81	4.07	35.69	6	1.42	1	2.84	43.65	35.69	46.55	400.03	390.79	21.342	24.873	17.20	20.04	299.9	1700	16	72.43	17.7	0.0341	1.0	-0.22	2.74	1.00	0.00	0.16	111115
122	"10:14:33"	20180316	75	0	3.91	0.0309	160	1.81	4.07	35.69	6	1.42	1	2.84	43.65	35.69	46.55	400.03	390.79	21.342	24.873	17.20	20.04	299.9	1700	16	72.43	17.7	0.0341	1.0	-0.22	2.74	1.00	0.00	0.16	111115
123	"10:14:34"	20180316	75	0	3.91	0.0309	160	1.81	4.06	35.69	6	1.42	1	2.84	43.66	35.69	46.55	400.02	390.79	21.341	24.873	17.19	20.04	299.9	1700	16	72.43	17.7	0.0341	1.0	-0.22	2.74	1.00	0.00	0.16	111115
124	"10:14:34"	20180316	75	0	3.91	0.0309	160	1.81	4.07	35.69	6	1.42	1	2.84	43.66	35.69	46.55	400.04	390.80	21.343	24.876	17.19	20.04	299.9	1700	16	72.43	17.7	0.0341	1.0	-0.22	2.74	1.00	0.00	0.16	111115
125	"10:14:35"	20180316	75	0	3.88	0.0309	162	1.81	4.06	35.68	6	1.42	1	2.84	43.66	35.68	46.55	400.01	390.83	21.342	24.878	17.19	20.04	299.9	1700	16	72.43	17.7	0.0341	1.0	-0.22	2.74	1.00	0.00	0.16	111115
126	"10:14:35"	20180316	75	0	3.88	0.0309	162	1.81	4.06	35.68	6	1.42	1	2.84	43.66	35.68	46.55	400.01	390.83	21.342	24.878	17.19	20.04	299.9	1700	16	72.43	17.7	0.0341	1.0	-0.22	2.74	1.00	0.00	0.16	111115
127	"10:14:35"	20180316	75	0	3.87	0.0309	162	1.81	4.06	35.68	6	1.42	1	2.84	43.66	35.68	46.55	400.01	390.85	21.345	24.877	17.19	20.04	299.9	1700	16	72.43	17.7	0.0341	1.0	-0.22	2.74	1.00	0.00	0.16	111115
128	"10:14:36"	20180316	75	0	3.87	0.031	163	1.81	4.06	35.68	6	1.42	1	2.84	43.66	35.68	46.55	399.98	390.83	21.344	24.882	17.19	20.04	299.9	1700	16	72.43	17.7	0.0341	1.0	-0.22	2.74	1.00	0.00	0.16	111115
129	"10:14:36"	20180316	75	0	3.84	0.031	165	1.81	4.06	35.68	6	1.42	1	2.84	43.66	35.68	46.55	399.94	390.85	21.344	24.883	17.19	20.04	299.9	1700	16	72.43	17.7	0.0341	1.0	-0.22	2.74	1.00	0.00	0.16	111115
130	"10:14:37"	20180316	75	0	3.86	0.031	163	1.81	4.06	35.68	6	1.42	1	2.84	43.66	35.68	46.55	399.99	390.84	21.346	24.882	17.19	20.04	300.0	1700	16	72.43	17.7	0.0341	1.0	-0.22	2.74	1.00	0.00	0.16	111115
131	"10:14:38"	20180316	75	0	3.87	0.031	163	1.81	4.06	35.67	6	1.42	1	2.84	43.66	35.67	46.55	400.01	390.84	21.346	24.883	17.19	20.04	299.9	1700	16	72.43	17.7	0.0341	1.0	-0.22	2.74	1.00	0.00	0.16	111115
132	"10:14:38"	20180316	75	0	3.91	0.031	161	1.81	4.06	35.67	6	1.42	1	2.84	43.67	35.67	46.55	400.05	390.81	21.347	24.880	17.19	20.03	300.0	1700	16	72.43	17.7	0.0341	1.0	-0.22	2.74	1.00	0.00	0.16	111115
133	"10:14:39"	20180316	75	0	3.91	0.0309	161	1.81	4.06	35.66	6	1.42	1	2.84	43.67	35.66	46.55	400.04	390.81	21.346	24.876	17.19	20.03	300.0	1700	16	72.43	17.7	0.0341	1.0	-0.22	2.74	1.00	0.00	0.16	111115
134	"10:14:39"	20180316	75	0	3.92	0.0309	160	1.81	4.06	35.67	6	1.42	1	2.84	43.67	35.67	46.55	400.05	390.78	21.347	24.876	17.19	20.03	300.0	1700	16	72.43	17.7	0.0341	1.0	-0.22	2.74	1.00	0.00	0.16	111115
135	"10:14:40"	20180316	75	0	3.92	0.0309	160	1.81	4.06	35.67	6	1.42	1	2.84	43.67	35.67	46.55	400.02	390.76	21.345	24.875	17.18	20.03	299.9	1700	16	72.43	17.7	0.0341	1.0	-0.22	2.74	1.00	0.00	0.16	111115
"10:14:57 Coolers: Tblock -> 50.00 C"
"10:17:19 Flow: Fixed -> 300 umol/s"
"10:17:40 Flow: Fixed -> 200 umol/s"
136	"10:18:34"	20180316	75	0	3.74	0.0292	152	1.88	4.44	37.24	6	1.42	1	2.84	46.74	37.24	49.74	400.06	386.62	21.332	26.841	14.66	18.45	199.7	1700	15	72.43	17.7	0.0341	1.0	-0.22	2.74	1.00	0.00	0.16	111115
137	"10:18:35"	20180316	75	0	3.74	0.0292	152	1.88	4.45	37.24	6	1.42	1	2.84	46.74	37.24	49.74	400.08	386.65	21.331	26.841	14.66	18.45	199.7	1700	15	72.43	17.7	0.0341	1.0	-0.22	2.74	1.00	0.00	0.16	111115
138	"10:18:35"	20180316	75	0	3.77	0.0292	151	1.88	4.45	37.25	6	1.42	1	2.84	46.74	37.25	49.74	400.11	386.60	21.330	26.841	14.66	18.45	199.7	1700	15	72.43	17.7	0.0341	1.0	-0.22	2.74	1.00	0.00	0.16	111115
139	"10:18:35"	20180316	75	0	3.77	0.0292	151	1.88	4.45	37.25	6	1.42	1	2.84	46.74	37.25	49.74	400.11	386.60	21.330	26.841	14.66	18.45	199.7	1700	15	72.43	17.7	0.0341	1.0	-0.22	2.74	1.00	0.00	0.16	111115
140	"10:18:36"	20180316	75	0	3.77	0.0293	151	1.89	4.45	37.25	6	1.42	1	2.84	46.74	37.25	49.74	400.11	386.60	21.330	26.844	14.66	18.45	199.7	1700	15	72.43	17.7	0.0341	1.0	-0.22	2.74	1.00	0.00	0.16	111115
141	"10:18:36"	20180316	75	0	3.79	0.0293	150	1.89	4.44	37.24	6	1.42	1	2.84	46.74	37.24	49.74	400.11	386.55	21.330	26.846	14.66	18.45	199.7	1700	15	72.43	17.7	0.0341	1.0	-0.22	2.74	1.00	0.00	0.16	111115
142	"10:18:37"	20180316	75	0	3.79	0.0293	150	1.89	4.44	37.25	6	1.42	1	2.84	46.74	37.25	49.74	400.11	386.53	21.329	26.850	14.66	18.45	199.7	1700	15	72.43	17.7	0.0341	1.0	-0.22	2.74	1.00	0.00	0.16	111115
143	"10:18:37"	20180316	75	0	3.78	0.0293	150	1.89	4.45	37.25	6	1.42	1	2.84	46.74	37.25	49.74	400.09	386.54	21.328	26.854	14.66	18.45	199.7	1700	15	72.43	17.7	0.0341	1.0	-0.22	2.74	1.00	0.00	0.16	111115
144	"10:18:38"	20180316	75	0	3.76	0.0293	152	1.89	4.45	37.25	6	1.42	1	2.84	46.74	37.25	49.74	400.06	386.57	21.329	26.857	14.66	18.46	199.7	1700	15	72.43	17.7	0.0341	1.0	-0.22	2.74	1.00	0.00	0.16	111115
145	"10:18:39"	20180316	75	0	3.74	0.0293	153	1.89	4.45	37.25	6	1.42	1	2.84	46.74	37.25	49.74	400.04	386.61	21.328	26.857	14.66	18.46	199.7	1700	15	72.43	17.7	0.0341	1.0	-0.22	2.74	1.00	0.00	0.16	111115
146	"10:18:39"	20180316	75	0	3.73	0.0293	153	1.89	4.45	37.25	6	1.42	1	2.84	46.75	37.25	49.74	400.02	386.61	21.329	26.860	14.66	18.46	199.7	1700	15	72.43	17.7	0.0341	1.0	-0.22	2.74	1.00	0.00	0.16	111115
147	"10:18:40"	20180316	75	0	3.71	0.0294	154	1.89	4.45	37.25	6	1.42	1	2.84	46.75	37.25	49.74	400.01	386.65	21.329	26.865	14.66	18.46	199.7	1700	15	72.43	17.7	0.0341	1.0	-0.22	2.74	1.00	0.00	0.16	111115
148	"10:18:40"	20180316	75	0	3.7	0.0294	155	1.89	4.45	37.25	6	1.42	1	2.84	46.75	37.25	49.74	399.97	386.65	21.329	26.863	14.66	18.46	199.7	1700	15	72.43	17.7	0.0341	1.0	-0.22	2.74	1.00	0.00	0.16	111115
149	"10:18:41"	20180316	75	0	3.69	0.0294	156	1.89	4.45	37.25	6	1.42	1	2.84	46.75	37.25	49.74	399.94	386.65	21.328	26.863	14.65	18.46	199.7	1700	15	72.43	17.7	0.0341	1.0	-0.22	2.74	1.00	0.00	0.16	111115
150	"10:18:41"	20180316	75	0	3.65	0.0294	158	1.89	4.45	37.25	6	1.42	1	2.84	46.75	37.25	49.74	399.84	386.67	21.328	26.865	14.65	18.46	199.7	1700	15	72.43	17.7	0.0341	1.0	-0.22	2.74	1.00	0.00	0.16	111115
