"OPEN 6.3.4"
"Fri Mar 16 2018 11:27:06"
<open><version>"6.3.4"</version></open>
<open><configfile>"/User/Configs/UserPrefs/LED2x3.xml"</configfile></open>
<open><light><source>"6400-02 or -02B LED Source"</source><par_in>1<sensor>"SI-2503"<cal>-0.86<actinity>1.00</actinity><transm>1.00</transm></cal></sensor><transm>1</transm></par_in><par_out>1<sensor>"Q40491"<cal>6.5</cal></sensor></par_out></light></open>
<open><comps><file>"/User/Configs/Comps/StdComps_6.1"<header>""</header><extras></extras></file><energybal>no<f_parIn>1</f_parIn><f_parOut>0</f_parOut><alphaK>0.16</alphaK></energybal><bc_total>2.840<stomatal_ratio>1</stomatal_ratio><bc_oneside>1.420<type>2</type><table>"/Sys/Lib/StdBLCTable"</table><area>6</area><slope>-0.219565</slope><offset>2.73739</offset><fan>5</fan></bc_oneside></bc_total></comps></open>
<open><prompts><onlog>off</onlog><items>"Default (none)"</items></prompts></open>
<open><constants><oxygen>21 %</oxygen><bb_vapor>1.5</bb_vapor><bb_oxy>0.9</bb_oxy></constants></open>
<open><stability><items>"Std Stability"<items[1]><id>-2</id><size>15</size><pcv><onoff>0</onoff><value>1</value></pcv><std><onoff>0</onoff><value>1</value></std><slp><onoff>1</onoff><value>1</value></slp></items[1]><items[2]><id>-5</id><size>15</size><pcv><onoff>0</onoff><value>1</value></pcv><std><onoff>0</onoff><value>1</value></std><slp><onoff>1</onoff><value>1</value></slp></items[2]><items[3]><id>-7</id><size>15</size><pcv><onoff>0</onoff><value>1</value></pcv><std><onoff>0</onoff><value>1</value></std><slp><onoff>1</onoff><value>1</value></slp></items[3]></items></stability></open>
<open><log><format>"StdLogFmt_6.0"<items>{ -35 -21 -70 -69 -76 30 23 36 21 25 221 -33 111 -34 11 -9 -10 -8 -1 -2 -4 -5 -14 -15 -7 -12 -13 -11 -65 -66 -72 -18 -19 -77 -78 -79 -23  }<hdr>{  }</hdr></items></format><options><beep>on</beep><match>"never"<time>30</time><co2>100</co2><delta>10</delta></match><hdr>normal</hdr><rem>normal</rem><stab>no</stab><stats>no<mean>no</mean><file>no</file><period>15</period></stats><excel>yes</excel><controls>yes</controls><comm>no</comm></options><datafile>"/User/031618-ASTLH-EOR9773"</datafile><button><action>"Normal Log"<code>" LogOneObsManual "</code></action></button><autoprog>"/User/Configs/AutoProgs/AutoLog2"<active>no</active></autoprog></log></open>
<open><a2d><avgtime>4.0 secs</avgtime><userchans><ch20>"Off"</ch20><ch21>"Off"</ch21><ch22>"Off"</ch22><ch23>"Off"</ch23></userchans></a2d></open>
<open><matching><type>0</type><disp>'a'</disp><settings>><CO2Limit>10.0</CO2Limit><H2OLimit>1.0</H2OLimit><MaxAutoTime>60</MaxAutoTime><AverageTime>10</AverageTime></settings></matching></open>
<li6400><factory><unit>"PSC-2470"</unit><serviced>"5 Feb 2018"</serviced><fuseaware>0</fuseaware><co2mixer>yes</co2mixer><co2><coeffs>{ 0 0.214772 2.55802e-05 1.93228e-08 -3.02262e-12 2.75724e-16  }</coeffs><dvdt>-4</dvdt><xs>{ 9.11e-05 0.00178  }</xs></co2><h2o><coeffs>{ 0 0.00581526 2.16703e-06 7.69607e-12  }</coeffs><dvdt>-2.9</dvdt><xs>{ -0.000111 -0.00256  }</xs></h2o><flow>{ 0 0.3696  }</flow><press>{ 86.913 0.00551  }</press></factory></li6400>
<li6400><user><flow_zero>-3.5</flow_zero><irga_zero><co2>113.5 152.5<at>27.1329</at></co2><h2o>-3.5 -3.5<at>28.1091</at></h2o></irga_zero><irga_span><co2>{ 0.990134 0.992694  }</co2><h2o>{ 0.996743 0.99801  }</h2o></irga_span><irga_match><co2>{ 0.110267 11.5932  }</co2><h2o>{ -0.0816591 0.213859  }</h2o></irga_match><co2_mixer><pump_mv>4500</pump_mv><ppm>{ 2352.67 1117.67 439.284 266.3 121.188 70.6751 48.8233 48.8102  }</ppm><mv>{ 5000 3000 1500 1000 500 300 200 100  }</mv></co2_mixer><parin_offset>-0.211894</parin_offset><led_cal><unit>"SI-2503"</unit><mv>{ 10 25 50 100 1000 2000 3000 4000 5000  }</mv><qntm>{ 1.83047 9.20354 23.3042 57.5395 736.221 1467.2 2160.1 2821.48 3447.04  }</qntm></led_cal><lcf_cal><unit>"LCF-0981"</unit><red><mv>{ 50 100 200 400 800 1500  }</mv><qntm>{ 64.6036 145.758 312.409 661.73 1377.94 2641.23  }</qntm></red><blue><mv>{ 100 500 1000 2000 3000 4000 5000  }</mv><qntm>{ 11.107 44.4539 81.9578 145.168 203.372 256.093 300.56  }</qntm></blue></lcf_cal></user></li6400>
"11:27:07 "
$STARTOFDATA$
"Obs"	"HHMMSS"	"YYYYMMDD"	"DOY"	"EBal?"	"Photo"	"Cond"	"Ci"	"Trmmol"	"VpdL"	"CTleaf"	"Area"	"BLC_1"	"StmRat"	"BLCond"	"Tair"	"Tleaf"	"TBlk"	"CO2R"	"CO2S"	"H2OR"	"H2OS"	"RH_R"	"RH_S"	"Flow"	"PARi"	"PARo"	"Press"	"CsMch"	"HsMch"	"StableF"	"BLCslope"	"BLCoffst"	"f_parin"	"f_parout"	"alphaK"	"Status"
"11:27:38 Flow: Fixed -> 250 umol/s"
"11:28:46 Flow: Fixed -> 250 umol/s"
"11:30:17 Coolers: Tblock -> 0.00 C"
"11:34:56 Flow: Fixed -> 200 umol/s"
"11:45:39 Coolers: Tblock -> 6.50 C"
"11:48:10 Flow: Fixed -> 200 umol/s"
1	"11:49:26"	20180316	75	0	2.5	0.0329	259	0.64	1.4	15.88	6	1.42	1	2.84	8.67	15.88	6.55	399.87	391.60	3.751	5.662	24.09	36.37	199.7	1701	13	72.4	10.1	0.191	1.0	-0.22	2.74	1.00	0.00	0.16	111115
2	"11:49:27"	20180316	75	0	2.52	0.0329	258	0.64	1.4	15.89	6	1.42	1	2.84	8.67	15.89	6.55	399.84	391.52	3.751	5.661	24.09	36.37	199.7	1701	13	72.4	10.1	0.191	1.0	-0.22	2.74	1.00	0.00	0.16	111115
3	"11:49:28"	20180316	75	0	2.51	0.0329	258	0.639	1.4	15.87	6	1.42	1	2.84	8.67	15.87	6.55	399.80	391.52	3.750	5.659	24.09	36.35	199.7	1701	13	72.4	10.1	0.191	1.0	-0.22	2.74	1.00	0.00	0.16	111115
4	"11:49:28"	20180316	75	0	2.5	0.033	259	0.639	1.4	15.86	6	1.42	1	2.84	8.67	15.86	6.55	399.80	391.53	3.750	5.660	24.09	36.36	199.7	1701	13	72.4	10.1	0.191	1.0	-0.22	2.74	1.00	0.00	0.16	111115
5	"11:49:29"	20180316	75	0	2.5	0.033	259	0.64	1.4	15.86	6	1.42	1	2.84	8.67	15.86	6.55	399.82	391.56	3.750	5.661	24.09	36.37	199.7	1701	13	72.4	10.1	0.191	1.0	-0.22	2.74	1.00	0.00	0.16	111115
6	"11:49:29"	20180316	75	0	2.51	0.0329	258	0.64	1.4	15.88	6	1.42	1	2.84	8.67	15.88	6.55	399.86	391.56	3.750	5.661	24.09	36.36	199.7	1701	13	72.4	10.1	0.191	1.0	-0.22	2.74	1.00	0.00	0.16	111115
7	"11:49:30"	20180316	75	0	2.51	0.0329	258	0.64	1.4	15.88	6	1.42	1	2.84	8.67	15.88	6.55	399.89	391.58	3.749	5.660	24.08	36.36	199.7	1701	13	72.4	10.1	0.191	1.0	-0.22	2.74	1.00	0.00	0.16	111115
8	"11:49:31"	20180316	75	0	2.52	0.0329	258	0.64	1.4	15.89	6	1.42	1	2.84	8.67	15.89	6.55	399.96	391.64	3.749	5.661	24.08	36.37	199.7	1701	13	72.4	10.1	0.191	1.0	-0.22	2.74	1.00	0.00	0.16	111115
9	"11:49:31"	20180316	75	0	2.55	0.0329	256	0.64	1.4	15.90	6	1.42	1	2.84	8.67	15.90	6.55	400.01	391.60	3.749	5.661	24.08	36.37	199.7	1701	13	72.4	10.1	0.191	1.0	-0.22	2.74	1.00	0.00	0.16	111115
10	"11:49:32"	20180316	75	0	2.53	0.0329	257	0.641	1.4	15.91	6	1.42	1	2.84	8.67	15.91	6.55	399.98	391.64	3.748	5.661	24.07	36.36	199.7	1701	13	72.4	10.1	0.191	1.0	-0.22	2.74	1.00	0.00	0.16	111115
11	"11:49:33"	20180316	75	0	2.55	0.0329	256	0.64	1.4	15.91	6	1.42	1	2.84	8.67	15.91	6.56	399.98	391.58	3.748	5.659	24.07	36.35	199.7	1701	13	72.4	10.1	0.191	1.0	-0.22	2.74	1.00	0.00	0.16	111115
12	"11:49:33"	20180316	75	0	2.53	0.0329	257	0.64	1.4	15.89	6	1.42	1	2.84	8.67	15.89	6.56	399.94	391.60	3.748	5.659	24.07	36.35	199.7	1701	13	72.4	10.1	0.191	1.0	-0.22	2.74	1.00	0.00	0.16	111115
13	"11:49:34"	20180316	75	0	2.54	0.0329	257	0.64	1.4	15.88	6	1.42	1	2.84	8.67	15.88	6.56	399.94	391.55	3.748	5.659	24.08	36.35	199.7	1701	13	72.4	10.1	0.191	1.0	-0.22	2.74	1.00	0.00	0.16	111115
14	"11:49:35"	20180316	75	0	2.56	0.0329	256	0.639	1.4	15.87	6	1.42	1	2.84	8.67	15.87	6.56	399.94	391.51	3.748	5.657	24.08	36.34	199.7	1701	13	72.4	10.1	0.191	1.0	-0.22	2.74	1.00	0.00	0.16	111115
15	"11:49:36"	20180316	75	0	2.56	0.033	256	0.64	1.4	15.85	6	1.42	1	2.84	8.67	15.85	6.56	399.97	391.53	3.750	5.661	24.09	36.36	199.7	1701	13	72.4	10.1	0.191	1.0	-0.22	2.74	1.00	0.00	0.16	111115
16	"11:50:25"	20180316	75	0	2.47	0.0328	260	0.64	1.41	15.94	6	1.42	1	2.84	8.67	15.94	6.55	399.85	391.67	3.757	5.670	24.14	36.44	199.7	1701	14	72.4	10.1	0.191	1.0	-0.22	2.74	1.00	0.00	0.16	111115
17	"11:50:25"	20180316	75	0	2.46	0.0329	261	0.641	1.4	15.92	6	1.42	1	2.84	8.67	15.92	6.55	399.83	391.70	3.757	5.671	24.15	36.44	199.7	1701	13	72.4	10.1	0.191	1.0	-0.22	2.74	1.00	0.00	0.16	111115
18	"11:50:26"	20180316	75	0	2.44	0.0329	261	0.64	1.4	15.90	6	1.42	1	2.84	8.67	15.90	6.55	399.79	391.69	3.757	5.670	24.15	36.44	199.7	1701	13	72.4	10.1	0.191	1.0	-0.22	2.74	1.00	0.00	0.16	111115
19	"11:50:26"	20180316	75	0	2.44	0.0329	261	0.64	1.4	15.90	6	1.42	1	2.84	8.67	15.90	6.55	399.79	391.69	3.757	5.670	24.15	36.44	199.7	1701	13	72.4	10.1	0.191	1.0	-0.22	2.74	1.00	0.00	0.16	111115
20	"11:50:27"	20180316	75	0	2.44	0.033	262	0.64	1.4	15.88	6	1.42	1	2.84	8.67	15.88	6.55	399.75	391.67	3.757	5.669	24.14	36.43	199.7	1701	14	72.4	10.1	0.191	1.0	-0.22	2.74	1.00	0.00	0.16	111115
21	"11:50:27"	20180316	75	0	2.46	0.033	261	0.64	1.4	15.87	6	1.42	1	2.84	8.67	15.87	6.55	399.78	391.64	3.757	5.667	24.14	36.42	199.7	1701	14	72.4	10.1	0.191	1.0	-0.22	2.74	1.00	0.00	0.16	111115
22	"11:50:28"	20180316	75	0	2.46	0.033	261	0.64	1.4	15.87	6	1.42	1	2.84	8.67	15.87	6.55	399.79	391.64	3.756	5.667	24.14	36.42	199.7	1701	14	72.4	10.1	0.191	1.0	-0.22	2.74	1.00	0.00	0.16	111115
23	"11:50:28"	20180316	75	0	2.5	0.033	259	0.639	1.4	15.85	6	1.42	1	2.84	8.67	15.85	6.55	399.89	391.61	3.757	5.664	24.14	36.40	199.7	1701	14	72.4	10.1	0.191	1.0	-0.22	2.74	1.00	0.00	0.16	111115
24	"11:50:29"	20180316	75	0	2.53	0.033	258	0.639	1.4	15.85	6	1.42	1	2.84	8.67	15.85	6.55	399.93	391.58	3.757	5.665	24.14	36.40	199.7	1701	14	72.4	10.1	0.191	1.0	-0.22	2.74	1.00	0.00	0.16	111115
25	"11:50:29"	20180316	75	0	2.54	0.033	257	0.639	1.4	15.86	6	1.42	1	2.84	8.67	15.86	6.55	399.97	391.59	3.757	5.665	24.14	36.40	199.7	1701	14	72.4	10.1	0.191	1.0	-0.22	2.74	1.00	0.00	0.16	111115
26	"11:50:30"	20180316	75	0	2.56	0.0329	256	0.638	1.4	15.86	6	1.42	1	2.84	8.67	15.86	6.55	399.99	391.55	3.757	5.664	24.14	36.39	199.7	1701	14	72.4	10.1	0.191	1.0	-0.22	2.74	1.00	0.00	0.16	111115
27	"11:50:30"	20180316	75	0	2.57	0.0329	255	0.638	1.4	15.86	6	1.42	1	2.84	8.67	15.86	6.55	400.01	391.55	3.757	5.663	24.14	36.39	199.7	1701	14	72.4	10.1	0.191	1.0	-0.22	2.74	1.00	0.00	0.16	111115
28	"11:50:31"	20180316	75	0	2.57	0.0329	255	0.638	1.4	15.87	6	1.42	1	2.84	8.67	15.87	6.55	400.01	391.55	3.757	5.663	24.14	36.39	199.7	1701	14	72.4	10.1	0.191	1.0	-0.22	2.74	1.00	0.00	0.16	111115
29	"11:50:31"	20180316	75	0	2.54	0.0329	257	0.639	1.4	15.86	6	1.42	1	2.84	8.67	15.86	6.55	399.99	391.60	3.757	5.665	24.14	36.40	199.7	1701	14	72.4	10.1	0.191	1.0	-0.22	2.74	1.00	0.00	0.16	111115
30	"11:50:32"	20180316	75	0	2.53	0.0329	257	0.638	1.4	15.86	6	1.42	1	2.84	8.67	15.86	6.55	399.96	391.61	3.758	5.665	24.15	36.40	199.7	1701	14	72.4	10.1	0.191	1.0	-0.22	2.74	1.00	0.00	0.16	111115
"11:50:45 Coolers: Tblock -> 11.50 C"
31	"11:54:32"	20180316	75	0	2.74	0.0335	248	0.71	1.52	17.88	6	1.42	1	2.84	12.65	17.88	11.55	399.81	390.76	5.228	7.345	25.76	36.20	199.7	1700	15	72.39	10.1	0.191	1.0	-0.22	2.74	1.00	0.00	0.16	111115
32	"11:54:32"	20180316	75	0	2.75	0.0335	247	0.709	1.53	17.89	6	1.42	1	2.84	12.65	17.89	11.55	399.81	390.72	5.228	7.344	25.76	36.19	199.7	1700	15	72.39	10.1	0.191	1.0	-0.22	2.74	1.00	0.00	0.16	111115
33	"11:54:33"	20180316	75	0	2.75	0.0334	247	0.709	1.53	17.90	6	1.42	1	2.84	12.65	17.90	11.55	399.84	390.74	5.229	7.344	25.76	36.18	199.7	1700	15	72.39	10.1	0.191	1.0	-0.22	2.74	1.00	0.00	0.16	111115
34	"11:54:33"	20180316	75	0	2.76	0.0334	247	0.71	1.53	17.90	6	1.42	1	2.84	12.65	17.90	11.55	399.84	390.73	5.229	7.346	25.76	36.19	199.7	1700	15	72.39	10.1	0.191	1.0	-0.22	2.74	1.00	0.00	0.16	111115
35	"11:54:34"	20180316	75	0	2.77	0.0334	246	0.71	1.53	17.91	6	1.42	1	2.84	12.65	17.91	11.55	399.85	390.70	5.229	7.346	25.76	36.19	199.7	1700	15	72.39	10.1	0.191	1.0	-0.22	2.74	1.00	0.00	0.16	111115
36	"11:54:34"	20180316	75	0	2.79	0.0334	245	0.71	1.53	17.91	6	1.42	1	2.84	12.65	17.91	11.55	399.87	390.67	5.230	7.347	25.77	36.19	199.8	1700	15	72.39	10.1	0.191	1.0	-0.22	2.74	1.00	0.00	0.16	111115
37	"11:54:35"	20180316	75	0	2.79	0.0334	245	0.71	1.53	17.92	6	1.42	1	2.84	12.65	17.92	11.55	399.87	390.66	5.230	7.346	25.77	36.19	199.8	1700	15	72.4	10.1	0.191	1.0	-0.22	2.74	1.00	0.00	0.16	111115
38	"11:54:35"	20180316	75	0	2.8	0.0334	244	0.709	1.53	17.92	6	1.42	1	2.84	12.66	17.92	11.55	399.92	390.67	5.230	7.345	25.76	36.18	199.8	1700	15	72.4	10.1	0.191	1.0	-0.22	2.74	1.00	0.00	0.16	111115
39	"11:54:36"	20180316	75	0	2.81	0.0334	243	0.709	1.53	17.92	6	1.42	1	2.84	12.66	17.92	11.55	399.96	390.67	5.231	7.344	25.76	36.18	199.8	1700	15	72.4	10.1	0.191	1.0	-0.22	2.74	1.00	0.00	0.16	111115
40	"11:54:36"	20180316	75	0	2.79	0.0334	244	0.709	1.53	17.92	6	1.42	1	2.84	12.66	17.92	11.55	399.94	390.72	5.230	7.345	25.76	36.18	199.8	1700	15	72.4	10.1	0.191	1.0	-0.22	2.74	1.00	0.00	0.16	111115
41	"11:54:37"	20180316	75	0	2.8	0.0334	244	0.71	1.53	17.93	6	1.42	1	2.84	12.66	17.93	11.55	399.94	390.70	5.230	7.346	25.76	36.18	199.8	1700	15	72.4	10.1	0.191	1.0	-0.22	2.74	1.00	0.00	0.16	111115
42	"11:54:37"	20180316	75	0	2.81	0.0334	244	0.71	1.53	17.93	6	1.42	1	2.84	12.66	17.93	11.55	399.94	390.68	5.230	7.346	25.76	36.18	199.7	1700	15	72.4	10.1	0.191	1.0	-0.22	2.74	1.00	0.00	0.16	111115
43	"11:54:38"	20180316	75	0	2.79	0.0333	244	0.709	1.53	17.94	6	1.42	1	2.84	12.66	17.94	11.55	399.91	390.68	5.231	7.345	25.76	36.17	199.7	1700	15	72.4	10.1	0.191	1.0	-0.22	2.74	1.00	0.00	0.16	111115
44	"11:54:38"	20180316	75	0	2.8	0.0333	244	0.709	1.53	17.93	6	1.42	1	2.84	12.66	17.93	11.55	399.89	390.65	5.230	7.344	25.76	36.17	199.7	1700	15	72.4	10.1	0.191	1.0	-0.22	2.74	1.00	0.00	0.16	111115
45	"11:54:39"	20180316	75	0	2.8	0.0333	244	0.709	1.53	17.93	6	1.42	1	2.84	12.66	17.93	11.55	399.90	390.66	5.230	7.344	25.76	36.17	199.7	1700	15	72.4	10.1	0.191	1.0	-0.22	2.74	1.00	0.00	0.16	111115
"11:55:27 Flow: Fixed -> 200 umol/s"
46	"11:55:46"	20180316	75	0	2.76	0.033	245	0.709	1.55	18.07	6	1.42	1	2.84	12.75	18.07	11.57	399.96	390.84	5.243	7.358	25.67	36.03	199.7	1699	16	72.39	10.1	0.182	1.0	-0.22	2.74	1.00	0.00	0.16	111115
47	"11:55:46"	20180316	75	0	2.74	0.033	245	0.709	1.55	18.07	6	1.42	1	2.84	12.75	18.07	11.57	399.94	390.87	5.243	7.358	25.67	36.03	199.7	1699	16	72.39	10.1	0.182	1.0	-0.22	2.74	1.00	0.00	0.16	111115
48	"11:55:47"	20180316	75	0	2.74	0.033	245	0.709	1.55	18.07	6	1.42	1	2.84	12.75	18.07	11.57	399.94	390.87	5.243	7.358	25.67	36.03	199.7	1699	16	72.39	10.1	0.182	1.0	-0.22	2.74	1.00	0.00	0.16	111115
49	"11:55:47"	20180316	75	0	2.76	0.0329	245	0.709	1.55	18.07	6	1.42	1	2.84	12.75	18.07	11.57	399.97	390.85	5.243	7.358	25.67	36.03	199.7	1699	16	72.39	10.1	0.182	1.0	-0.22	2.74	1.00	0.00	0.16	111115
50	"11:55:48"	20180316	75	0	2.77	0.0329	244	0.71	1.55	18.08	6	1.42	1	2.84	12.75	18.08	11.57	399.97	390.83	5.243	7.359	25.67	36.03	199.7	1699	16	72.39	10.1	0.182	1.0	-0.22	2.74	1.00	0.00	0.16	111115
51	"11:55:48"	20180316	75	0	2.76	0.033	244	0.71	1.55	18.09	6	1.42	1	2.84	12.75	18.09	11.57	399.95	390.82	5.243	7.362	25.67	36.04	199.7	1699	16	72.39	10.1	0.182	1.0	-0.22	2.74	1.00	0.00	0.16	111115
52	"11:55:48"	20180316	75	0	2.77	0.0329	244	0.71	1.55	18.10	6	1.42	1	2.84	12.75	18.10	11.57	399.95	390.80	5.243	7.361	25.67	36.04	199.7	1699	16	72.39	10.1	0.182	1.0	-0.22	2.74	1.00	0.00	0.16	111115
53	"11:55:49"	20180316	75	0	2.77	0.0329	244	0.71	1.55	18.10	6	1.42	1	2.84	12.75	18.10	11.57	399.95	390.80	5.243	7.361	25.67	36.04	199.7	1699	16	72.39	10.1	0.182	1.0	-0.22	2.74	1.00	0.00	0.16	111115
54	"11:55:49"	20180316	75	0	2.77	0.0329	244	0.71	1.55	18.10	6	1.42	1	2.84	12.75	18.10	11.56	399.96	390.81	5.243	7.361	25.67	36.03	199.7	1699	16	72.39	10.1	0.182	1.0	-0.22	2.74	1.00	0.00	0.16	111115
55	"11:55:50"	20180316	75	0	2.77	0.0329	244	0.71	1.55	18.10	6	1.42	1	2.84	12.75	18.10	11.56	399.97	390.82	5.244	7.361	25.67	36.03	199.7	1699	16	72.39	10.1	0.182	1.0	-0.22	2.74	1.00	0.00	0.16	111115
56	"11:55:50"	20180316	75	0	2.78	0.0329	243	0.71	1.55	18.10	6	1.42	1	2.84	12.75	18.10	11.56	399.98	390.81	5.244	7.361	25.67	36.03	199.7	1699	16	72.39	10.1	0.182	1.0	-0.22	2.74	1.00	0.00	0.16	111115
57	"11:55:51"	20180316	75	0	2.77	0.0329	244	0.71	1.55	18.10	6	1.42	1	2.84	12.75	18.10	11.56	399.97	390.82	5.244	7.362	25.67	36.03	199.8	1699	16	72.39	10.1	0.182	1.0	-0.22	2.74	1.00	0.00	0.16	111115
58	"11:55:51"	20180316	75	0	2.77	0.0329	244	0.71	1.55	18.09	6	1.42	1	2.84	12.75	18.09	11.56	399.97	390.82	5.244	7.361	25.67	36.02	199.8	1699	16	72.39	10.1	0.182	1.0	-0.22	2.74	1.00	0.00	0.16	111115
59	"11:55:52"	20180316	75	0	2.78	0.0329	243	0.71	1.55	18.09	6	1.42	1	2.84	12.75	18.09	11.56	400.00	390.81	5.244	7.361	25.67	36.03	199.8	1699	16	72.39	10.1	0.182	1.0	-0.22	2.74	1.00	0.00	0.16	111115
60	"11:55:52"	20180316	75	0	2.79	0.0329	243	0.71	1.55	18.08	6	1.42	1	2.84	12.76	18.08	11.56	400.03	390.84	5.244	7.360	25.67	36.02	199.8	1699	16	72.39	10.1	0.182	1.0	-0.22	2.74	1.00	0.00	0.16	111115
"11:56:17 Coolers: Tblock -> 16.50 C"
"11:59:40 Flow: Fixed -> 200 umol/s"
61	"11:59:56"	20180316	75	0	3.04	0.032	225	0.767	1.72	20.35	6	1.42	1	2.84	16.86	20.35	16.55	400.03	390.00	7.138	9.422	26.82	35.40	199.7	1699	16	72.39	10.4	0.166	1.0	-0.22	2.74	1.00	0.00	0.16	111115
62	"11:59:56"	20180316	75	0	3.03	0.0321	225	0.768	1.72	20.35	6	1.42	1	2.84	16.86	20.35	16.55	400.01	390.01	7.138	9.423	26.81	35.40	199.7	1699	16	72.39	10.4	0.166	1.0	-0.22	2.74	1.00	0.00	0.16	111115
63	"11:59:57"	20180316	75	0	3.01	0.0321	227	0.769	1.72	20.36	6	1.42	1	2.84	16.86	20.36	16.55	400.00	390.05	7.138	9.426	26.81	35.41	199.7	1699	16	72.39	10.4	0.166	1.0	-0.22	2.74	1.00	0.00	0.16	111115
64	"11:59:57"	20180316	75	0	3.01	0.0321	227	0.769	1.72	20.36	6	1.42	1	2.84	16.86	20.36	16.55	400.00	390.07	7.138	9.427	26.81	35.41	199.8	1699	16	72.39	10.4	0.166	1.0	-0.22	2.74	1.00	0.00	0.16	111115
65	"11:59:58"	20180316	75	0	3.03	0.0321	226	0.77	1.72	20.36	6	1.42	1	2.84	16.86	20.36	16.55	400.03	390.04	7.138	9.429	26.81	35.41	199.8	1699	16	72.39	10.4	0.166	1.0	-0.22	2.74	1.00	0.00	0.16	111115
66	"11:59:58"	20180316	75	0	3.04	0.0322	226	0.771	1.72	20.37	6	1.42	1	2.84	16.86	20.37	16.55	400.03	390.01	7.140	9.434	26.81	35.43	199.7	1699	16	72.38	10.4	0.166	1.0	-0.22	2.74	1.00	0.00	0.16	111115
67	"11:59:59"	20180316	75	0	3.03	0.0321	226	0.771	1.72	20.38	6	1.42	1	2.84	16.86	20.38	16.55	400.02	390.02	7.139	9.434	26.81	35.43	199.8	1699	16	72.38	10.4	0.166	1.0	-0.22	2.74	1.00	0.00	0.16	111115
68	"11:59:59"	20180316	75	0	3.03	0.0321	226	0.771	1.72	20.38	6	1.42	1	2.84	16.86	20.38	16.55	400.01	390.02	7.139	9.434	26.81	35.43	199.8	1699	16	72.39	10.4	0.166	1.0	-0.22	2.74	1.00	0.00	0.16	111115
69	"12:00:00"	20180316	75	0	3.01	0.0321	227	0.771	1.72	20.38	6	1.42	1	2.84	16.86	20.38	16.55	399.99	390.04	7.139	9.434	26.81	35.42	199.7	1699	16	72.39	10.4	0.166	1.0	-0.22	2.74	1.00	0.00	0.16	111115
70	"12:00:00"	20180316	75	0	3.02	0.0321	226	0.771	1.72	20.37	6	1.42	1	2.84	16.86	20.37	16.55	399.97	390.01	7.139	9.433	26.80	35.42	199.8	1699	16	72.38	10.4	0.166	1.0	-0.22	2.74	1.00	0.00	0.16	111115
71	"12:00:01"	20180316	75	0	3.02	0.0321	226	0.771	1.72	20.37	6	1.42	1	2.84	16.86	20.37	16.55	399.97	390.01	7.139	9.433	26.80	35.42	199.8	1699	16	72.38	10.4	0.166	1.0	-0.22	2.74	1.00	0.00	0.16	111115
72	"12:00:01"	20180316	75	0	3.04	0.0322	225	0.771	1.72	20.37	6	1.42	1	2.84	16.86	20.37	16.55	399.99	389.95	7.140	9.435	26.81	35.42	199.7	1699	16	72.38	10.4	0.166	1.0	-0.22	2.74	1.00	0.00	0.16	111115
73	"12:00:02"	20180316	75	0	3.04	0.0322	225	0.771	1.72	20.36	6	1.42	1	2.84	16.87	20.36	16.55	400.01	389.97	7.139	9.433	26.80	35.41	199.7	1699	16	72.39	10.4	0.166	1.0	-0.22	2.74	1.00	0.00	0.16	111115
74	"12:00:03"	20180316	75	0	3.03	0.0321	226	0.77	1.72	20.36	6	1.42	1	2.84	16.87	20.36	16.55	400.00	389.99	7.140	9.432	26.80	35.41	199.7	1699	16	72.39	10.4	0.166	1.0	-0.22	2.74	1.00	0.00	0.16	111115
75	"12:00:03"	20180316	75	0	3.03	0.0322	226	0.771	1.72	20.36	6	1.42	1	2.84	16.87	20.36	16.55	400.00	390.00	7.141	9.435	26.81	35.42	199.7	1699	16	72.39	10.4	0.166	1.0	-0.22	2.74	1.00	0.00	0.16	111115
76	"12:00:10"	20180316	75	0	3.05	0.032	224	0.772	1.73	20.44	6	1.42	1	2.84	16.88	20.44	16.55	400.05	389.97	7.143	9.441	26.80	35.42	199.7	1699	16	72.39	10.4	0.166	1.0	-0.22	2.74	1.00	0.00	0.16	111115
77	"12:00:10"	20180316	75	0	3.07	0.032	223	0.773	1.73	20.44	6	1.42	1	2.84	16.88	20.44	16.55	400.09	389.96	7.144	9.444	26.80	35.43	199.7	1699	16	72.39	10.4	0.166	1.0	-0.22	2.74	1.00	0.00	0.16	111115
78	"12:00:11"	20180316	75	0	3.06	0.0321	224	0.773	1.73	20.44	6	1.42	1	2.84	16.88	20.44	16.55	400.08	389.98	7.144	9.445	26.80	35.43	199.7	1700	16	72.39	10.4	0.166	1.0	-0.22	2.74	1.00	0.00	0.16	111115
79	"12:00:11"	20180316	75	0	3.05	0.0321	225	0.774	1.73	20.43	6	1.42	1	2.84	16.88	20.43	16.55	400.05	389.98	7.145	9.447	26.80	35.44	199.7	1700	16	72.39	10.4	0.166	1.0	-0.22	2.74	1.00	0.00	0.16	111115
80	"12:00:12"	20180316	75	0	3.05	0.0321	225	0.774	1.73	20.43	6	1.42	1	2.84	16.88	20.43	16.55	400.04	389.99	7.145	9.447	26.80	35.43	199.7	1700	16	72.39	10.4	0.166	1.0	-0.22	2.74	1.00	0.00	0.16	111115
81	"12:00:12"	20180316	75	0	3.06	0.0321	224	0.774	1.73	20.43	6	1.42	1	2.84	16.88	20.43	16.55	400.09	390.00	7.145	9.449	26.80	35.44	199.7	1700	16	72.39	10.4	0.166	1.0	-0.22	2.74	1.00	0.00	0.16	111115
82	"12:00:13"	20180316	75	0	3.08	0.0321	223	0.774	1.73	20.43	6	1.42	1	2.84	16.88	20.43	16.55	400.12	389.97	7.146	9.449	26.80	35.44	199.7	1700	16	72.39	10.4	0.166	1.0	-0.22	2.74	1.00	0.00	0.16	111115
83	"12:00:13"	20180316	75	0	3.09	0.0321	223	0.774	1.72	20.42	6	1.42	1	2.84	16.88	20.42	16.55	400.14	389.95	7.146	9.449	26.80	35.44	199.7	1700	16	72.39	10.4	0.166	1.0	-0.22	2.74	1.00	0.00	0.16	111115
84	"12:00:13"	20180316	75	0	3.09	0.0321	223	0.774	1.72	20.42	6	1.42	1	2.84	16.88	20.42	16.55	400.14	389.95	7.146	9.449	26.80	35.44	199.7	1700	16	72.39	10.4	0.166	1.0	-0.22	2.74	1.00	0.00	0.16	111115
85	"12:00:14"	20180316	75	0	3.08	0.0322	224	0.774	1.72	20.41	6	1.42	1	2.84	16.89	20.41	16.55	400.10	389.95	7.146	9.449	26.79	35.43	199.7	1700	16	72.39	10.4	0.166	1.0	-0.22	2.74	1.00	0.00	0.16	111115
86	"12:00:15"	20180316	75	0	3.08	0.0322	224	0.774	1.72	20.41	6	1.42	1	2.84	16.89	20.41	16.55	400.10	389.95	7.146	9.449	26.79	35.43	199.7	1700	16	72.39	10.4	0.166	1.0	-0.22	2.74	1.00	0.00	0.16	111115
87	"12:00:15"	20180316	75	0	3.1	0.0322	222	0.775	1.72	20.42	6	1.42	1	2.84	16.89	20.42	16.54	400.12	389.89	7.146	9.451	26.79	35.44	199.8	1700	16	72.39	10.4	0.166	1.0	-0.22	2.74	1.00	0.00	0.16	111115
88	"12:00:16"	20180316	75	0	3.09	0.0322	223	0.776	1.72	20.42	6	1.42	1	2.84	16.89	20.42	16.54	400.08	389.90	7.145	9.454	26.79	35.45	199.8	1700	16	72.39	10.4	0.166	1.0	-0.22	2.74	1.00	0.00	0.16	111115
89	"12:00:16"	20180316	75	0	3.09	0.0322	223	0.776	1.72	20.42	6	1.42	1	2.84	16.89	20.42	16.55	400.08	389.90	7.145	9.454	26.79	35.44	199.7	1700	16	72.39	10.4	0.166	1.0	-0.22	2.74	1.00	0.00	0.16	111115
90	"12:00:17"	20180316	75	0	3.11	0.0323	222	0.777	1.73	20.43	6	1.42	1	2.84	16.89	20.43	16.55	400.12	389.86	7.144	9.457	26.78	35.45	199.7	1700	16	72.39	10.4	0.166	1.0	-0.22	2.74	1.00	0.00	0.16	111115
"12:00:28 Coolers: Tblock -> 21.50 C"
"12:03:07 Flow: Fixed -> 200 umol/s"
"12:04:26 Flow: Fixed -> 200 umol/s"
91	"12:04:32"	20180316	75	0	3.07	0.0307	215	0.859	2	23.33	6	1.42	1	2.84	21.29	23.33	21.58	400.16	389.94	9.631	12.179	27.43	34.69	199.7	1699	15	72.38	11	0.148	1.0	-0.22	2.74	1.00	0.00	0.16	111115
92	"12:04:32"	20180316	75	0	3.08	0.0307	214	0.858	2	23.33	6	1.42	1	2.84	21.30	23.33	21.58	400.16	389.91	9.632	12.179	27.43	34.68	199.7	1700	15	72.38	11	0.148	1.0	-0.22	2.74	1.00	0.00	0.16	111115
93	"12:04:33"	20180316	75	0	3.08	0.0307	214	0.858	2	23.33	6	1.42	1	2.84	21.30	23.33	21.58	400.16	389.91	9.632	12.179	27.43	34.68	199.7	1700	15	72.38	11	0.148	1.0	-0.22	2.74	1.00	0.00	0.16	111115
94	"12:04:33"	20180316	75	0	3.1	0.0307	213	0.859	1.99	23.33	6	1.42	1	2.84	21.30	23.33	21.58	400.21	389.88	9.633	12.182	27.43	34.69	199.7	1700	15	72.38	11	0.148	1.0	-0.22	2.74	1.00	0.00	0.16	111115
95	"12:04:34"	20180316	75	0	3.14	0.0307	211	0.858	1.99	23.33	6	1.42	1	2.84	21.30	23.33	21.58	400.26	389.83	9.635	12.181	27.44	34.69	199.7	1700	15	72.38	11	0.148	1.0	-0.22	2.74	1.00	0.00	0.16	111115
96	"12:04:35"	20180316	75	0	3.15	0.0307	211	0.859	2	23.33	6	1.42	1	2.84	21.30	23.33	21.58	400.27	389.81	9.635	12.184	27.44	34.69	199.7	1700	15	72.38	11	0.148	1.0	-0.22	2.74	1.00	0.00	0.16	111115
97	"12:04:35"	20180316	75	0	3.15	0.0306	210	0.858	2	23.33	6	1.42	1	2.84	21.30	23.33	21.58	400.27	389.82	9.636	12.182	27.43	34.68	199.7	1700	15	72.38	11	0.148	1.0	-0.22	2.74	1.00	0.00	0.16	111115
98	"12:04:36"	20180316	75	0	3.17	0.0306	209	0.858	2	23.34	6	1.42	1	2.84	21.30	23.34	21.58	400.28	389.76	9.636	12.182	27.43	34.68	199.7	1700	15	72.38	11	0.148	1.0	-0.22	2.74	1.00	0.00	0.16	111115
99	"12:04:36"	20180316	75	0	3.17	0.0306	209	0.858	2	23.33	6	1.42	1	2.84	21.30	23.33	21.58	400.28	389.75	9.636	12.182	27.43	34.68	199.8	1700	15	72.38	11	0.148	1.0	-0.22	2.74	1.00	0.00	0.16	111115
100	"12:04:37"	20180316	75	0	3.18	0.0307	209	0.86	1.99	23.33	6	1.42	1	2.84	21.30	23.33	21.58	400.32	389.76	9.635	12.186	27.42	34.69	199.7	1700	15	72.38	11	0.148	1.0	-0.22	2.74	1.00	0.00	0.16	111115
101	"12:04:37"	20180316	75	0	3.18	0.0307	209	0.86	1.99	23.33	6	1.42	1	2.84	21.31	23.33	21.58	400.34	389.78	9.634	12.187	27.42	34.68	199.7	1700	15	72.38	11	0.148	1.0	-0.22	2.74	1.00	0.00	0.16	111115
102	"12:04:38"	20180316	75	0	3.18	0.0308	210	0.862	1.99	23.33	6	1.42	1	2.84	21.31	23.33	21.58	400.33	389.78	9.633	12.190	27.41	34.69	199.7	1700	15	72.38	11	0.148	1.0	-0.22	2.74	1.00	0.00	0.16	111115
103	"12:04:38"	20180316	75	0	3.18	0.0308	209	0.862	1.99	23.33	6	1.42	1	2.84	21.31	23.33	21.58	400.33	389.76	9.633	12.190	27.41	34.69	199.7	1700	15	72.38	11	0.148	1.0	-0.22	2.74	1.00	0.00	0.16	111115
104	"12:04:39"	20180316	75	0	3.18	0.0308	210	0.862	1.99	23.32	6	1.42	1	2.84	21.31	23.32	21.59	400.33	389.78	9.634	12.192	27.41	34.69	199.7	1700	15	72.38	11	0.148	1.0	-0.22	2.74	1.00	0.00	0.16	111115
105	"12:04:40"	20180316	75	0	3.17	0.0309	210	0.863	1.99	23.32	6	1.42	1	2.84	21.31	23.32	21.59	400.34	389.80	9.633	12.194	27.41	34.69	199.7	1700	15	72.38	11	0.148	1.0	-0.22	2.74	1.00	0.00	0.16	111115
106	"12:04:45"	20180316	75	0	3.13	0.0307	212	0.865	2.01	23.40	6	1.42	1	2.84	21.33	23.40	21.58	400.24	389.83	9.638	12.203	27.39	34.68	199.7	1700	15	72.38	11	0.148	1.0	-0.22	2.74	1.00	0.00	0.16	111115
107	"12:04:46"	20180316	75	0	3.14	0.0307	211	0.864	2.01	23.41	6	1.42	1	2.84	21.33	23.41	21.58	400.26	389.81	9.638	12.202	27.39	34.67	199.7	1700	15	72.38	11	0.148	1.0	-0.22	2.74	1.00	0.00	0.16	111115
108	"12:04:46"	20180316	75	0	3.14	0.0307	211	0.864	2.01	23.41	6	1.42	1	2.84	21.33	23.41	21.58	400.26	389.81	9.638	12.202	27.39	34.67	199.7	1700	15	72.38	11	0.148	1.0	-0.22	2.74	1.00	0.00	0.16	111115
109	"12:04:47"	20180316	75	0	3.14	0.0307	211	0.864	2.01	23.41	6	1.42	1	2.84	21.33	23.41	21.58	400.27	389.83	9.639	12.203	27.39	34.67	199.7	1700	15	72.38	11	0.148	1.0	-0.22	2.74	1.00	0.00	0.16	111115
110	"12:04:47"	20180316	75	0	3.14	0.0306	211	0.863	2.01	23.41	6	1.42	1	2.84	21.33	23.41	21.58	400.30	389.84	9.640	12.202	27.39	34.67	199.7	1700	15	72.38	11	0.148	1.0	-0.22	2.74	1.00	0.00	0.16	111115
111	"12:04:48"	20180316	75	0	3.14	0.0306	211	0.863	2.01	23.41	6	1.42	1	2.84	21.34	23.41	21.58	400.30	389.85	9.640	12.202	27.39	34.67	199.7	1700	15	72.38	11	0.148	1.0	-0.22	2.74	1.00	0.00	0.16	111115
112	"12:04:48"	20180316	75	0	3.13	0.0306	211	0.864	2.01	23.42	6	1.42	1	2.84	21.34	23.42	21.58	400.26	389.85	9.641	12.204	27.39	34.67	199.7	1700	15	72.38	11	0.148	1.0	-0.22	2.74	1.00	0.00	0.16	111115
113	"12:04:49"	20180316	75	0	3.14	0.0307	211	0.865	2.01	23.42	6	1.42	1	2.84	21.34	23.42	21.58	400.31	389.85	9.640	12.206	27.38	34.67	199.7	1700	15	72.38	11	0.148	1.0	-0.22	2.74	1.00	0.00	0.16	111115
114	"12:04:50"	20180316	75	0	3.14	0.0307	211	0.865	2.01	23.41	6	1.42	1	2.84	21.34	23.41	21.58	400.32	389.87	9.639	12.207	27.38	34.67	199.7	1700	15	72.38	11	0.148	1.0	-0.22	2.74	1.00	0.00	0.16	111115
115	"12:04:50"	20180316	75	0	3.13	0.0307	212	0.866	2.01	23.41	6	1.42	1	2.84	21.34	23.41	21.58	400.29	389.88	9.640	12.210	27.38	34.67	199.7	1700	15	72.38	11	0.148	1.0	-0.22	2.74	1.00	0.00	0.16	111115
116	"12:04:51"	20180316	75	0	3.11	0.0307	213	0.866	2.01	23.41	6	1.42	1	2.84	21.34	23.41	21.58	400.26	389.89	9.641	12.210	27.38	34.67	199.7	1700	15	72.38	11	0.148	1.0	-0.22	2.74	1.00	0.00	0.16	111115
117	"12:04:51"	20180316	75	0	3.1	0.0307	213	0.866	2.01	23.41	6	1.42	1	2.84	21.34	23.41	21.58	400.19	389.84	9.640	12.211	27.37	34.67	199.7	1700	15	72.38	11	0.148	1.0	-0.22	2.74	1.00	0.00	0.16	111115
118	"12:04:52"	20180316	75	0	3.1	0.0308	213	0.867	2.01	23.42	6	1.42	1	2.84	21.35	23.42	21.59	400.17	389.84	9.641	12.214	27.37	34.68	199.7	1700	15	72.38	11	0.148	1.0	-0.22	2.74	1.00	0.00	0.16	111115
119	"12:04:52"	20180316	75	0	3.09	0.0308	214	0.867	2.01	23.42	6	1.42	1	2.84	21.35	23.42	21.59	400.19	389.88	9.641	12.214	27.37	34.67	199.8	1700	15	72.38	11	0.148	1.0	-0.22	2.74	1.00	0.00	0.16	111115
120	"12:04:53"	20180316	75	0	3.11	0.0307	213	0.866	2.01	23.42	6	1.42	1	2.84	21.35	23.42	21.59	400.17	389.82	9.643	12.213	27.37	34.67	199.8	1700	15	72.38	11	0.148	1.0	-0.22	2.74	1.00	0.00	0.16	111115
"12:05:11 Coolers: Tblock -> 26.50 C"
"12:08:05 Flow: Fixed -> 200 umol/s"
121	"12:08:26"	20180316	75	0	3.02	0.028	201	0.898	2.27	25.95	6	1.42	1	2.84	25.64	25.95	26.57	400.17	390.05	12.488	15.145	27.36	33.19	199.7	1699	13	72.37	11.8	0.112	1.0	-0.22	2.74	1.00	0.00	0.16	111115
122	"12:08:27"	20180316	75	0	3	0.028	202	0.898	2.27	25.95	6	1.42	1	2.84	25.64	25.95	26.57	400.14	390.07	12.488	15.145	27.36	33.18	199.7	1698	13	72.37	11.8	0.112	1.0	-0.22	2.74	1.00	0.00	0.16	111115
123	"12:08:27"	20180316	75	0	3	0.028	202	0.898	2.27	25.95	6	1.42	1	2.84	25.64	25.95	26.57	400.14	390.07	12.488	15.145	27.36	33.18	199.7	1698	13	72.37	11.8	0.112	1.0	-0.22	2.74	1.00	0.00	0.16	111115
124	"12:08:28"	20180316	75	0	3	0.028	202	0.898	2.27	25.96	6	1.42	1	2.84	25.64	25.96	26.57	400.10	390.04	12.488	15.145	27.36	33.18	199.7	1698	13	72.37	11.8	0.112	1.0	-0.22	2.74	1.00	0.00	0.16	111115
125	"12:08:28"	20180316	75	0	3.01	0.028	201	0.897	2.27	25.96	6	1.42	1	2.84	25.64	25.96	26.57	400.11	390.02	12.489	15.143	27.36	33.17	199.7	1698	13	72.37	11.8	0.112	1.0	-0.22	2.74	1.00	0.00	0.16	111115
126	"12:08:29"	20180316	75	0	2.98	0.028	203	0.897	2.27	25.96	6	1.42	1	2.84	25.65	25.96	26.57	400.07	390.07	12.489	15.145	27.35	33.17	199.7	1698	13	72.37	11.8	0.112	1.0	-0.22	2.74	1.00	0.00	0.16	111115
127	"12:08:29"	20180316	75	0	2.99	0.0279	202	0.896	2.27	25.96	6	1.42	1	2.84	25.65	25.96	26.57	400.07	390.03	12.490	15.142	27.35	33.16	199.7	1698	13	72.37	11.8	0.112	1.0	-0.22	2.74	1.00	0.00	0.16	111115
128	"12:08:30"	20180316	75	0	2.99	0.028	202	0.897	2.27	25.97	6	1.42	1	2.84	25.65	25.97	26.57	400.06	390.02	12.490	15.145	27.35	33.16	199.7	1698	13	72.37	11.8	0.112	1.0	-0.22	2.74	1.00	0.00	0.16	111115
129	"12:08:30"	20180316	75	0	2.99	0.028	202	0.897	2.27	25.97	6	1.42	1	2.84	25.65	25.97	26.57	400.04	390.00	12.489	15.144	27.34	33.16	199.7	1698	13	72.37	11.8	0.112	1.0	-0.22	2.74	1.00	0.00	0.16	111115
130	"12:08:31"	20180316	75	0	2.98	0.0279	202	0.897	2.27	25.98	6	1.42	1	2.84	25.66	25.98	26.57	400.01	389.99	12.491	15.146	27.34	33.16	199.7	1699	13	72.37	11.8	0.112	1.0	-0.22	2.74	1.00	0.00	0.16	111115
131	"12:08:31"	20180316	75	0	2.97	0.0279	203	0.898	2.28	25.99	6	1.42	1	2.84	25.66	25.99	26.57	399.98	390.00	12.491	15.147	27.34	33.16	199.7	1699	13	72.37	11.8	0.112	1.0	-0.22	2.74	1.00	0.00	0.16	111115
132	"12:08:32"	20180316	75	0	2.97	0.0279	203	0.897	2.28	25.99	6	1.42	1	2.84	25.66	25.99	26.57	399.97	389.99	12.492	15.147	27.34	33.15	199.7	1699	13	72.37	11.8	0.112	1.0	-0.22	2.74	1.00	0.00	0.16	111115
133	"12:08:32"	20180316	75	0	2.93	0.0279	205	0.898	2.28	25.99	6	1.42	1	2.84	25.66	25.99	26.57	399.89	390.03	12.491	15.147	27.34	33.15	199.7	1699	13	72.37	11.8	0.112	1.0	-0.22	2.74	1.00	0.00	0.16	111115
134	"12:08:33"	20180316	75	0	2.94	0.0279	205	0.898	2.28	26.00	6	1.42	1	2.84	25.66	26.00	26.57	399.87	389.99	12.491	15.147	27.33	33.15	199.7	1699	13	72.37	11.8	0.112	1.0	-0.22	2.74	1.00	0.00	0.16	111115
135	"12:08:33"	20180316	75	0	2.93	0.0279	206	0.899	2.28	26.01	6	1.42	1	2.84	25.66	26.01	26.57	399.81	389.97	12.491	15.150	27.33	33.15	199.7	1700	13	72.37	11.8	0.112	1.0	-0.22	2.74	1.00	0.00	0.16	111115
136	"12:08:40"	20180316	75	0	2.92	0.0278	205	0.901	2.29	26.08	6	1.42	1	2.84	25.69	26.08	26.57	399.61	389.79	12.497	15.162	27.31	33.13	199.7	1700	13	72.37	11.8	0.112	1.0	-0.22	2.74	1.00	0.00	0.16	111115
137	"12:08:40"	20180316	75	0	2.92	0.0278	205	0.901	2.29	26.08	6	1.42	1	2.84	25.69	26.08	26.57	399.61	389.79	12.497	15.162	27.31	33.13	199.7	1700	13	72.37	11.8	0.112	1.0	-0.22	2.74	1.00	0.00	0.16	111115
138	"12:08:40"	20180316	75	0	2.93	0.0278	205	0.902	2.29	26.08	6	1.42	1	2.84	25.69	26.08	26.57	399.64	389.79	12.497	15.164	27.30	33.13	199.7	1700	13	72.37	11.8	0.112	1.0	-0.22	2.74	1.00	0.00	0.16	111115
139	"12:08:41"	20180316	75	0	2.93	0.0278	204	0.901	2.29	26.08	6	1.42	1	2.84	25.69	26.08	26.58	399.66	389.80	12.497	15.164	27.30	33.13	199.7	1700	13	72.37	11.8	0.112	0.7	-0.22	2.74	1.00	0.00	0.16	111115
140	"12:08:42"	20180316	75	0	2.91	0.0278	205	0.901	2.29	26.08	6	1.42	1	2.84	25.69	26.08	26.58	399.65	389.85	12.497	15.164	27.30	33.12	199.7	1700	13	72.37	11.8	0.112	0.7	-0.22	2.74	1.00	0.00	0.16	111115
141	"12:08:42"	20180316	75	0	2.91	0.0278	206	0.902	2.29	26.08	6	1.42	1	2.84	25.69	26.08	26.58	399.63	389.84	12.497	15.164	27.29	33.12	199.7	1700	13	72.37	11.8	0.112	0.7	-0.22	2.74	1.00	0.00	0.16	111115
142	"12:08:43"	20180316	75	0	2.92	0.0278	205	0.901	2.29	26.09	6	1.42	1	2.84	25.70	26.09	26.58	399.63	389.81	12.496	15.162	27.29	33.11	199.7	1700	13	72.37	11.8	0.112	0.7	-0.22	2.74	1.00	0.00	0.16	111115
143	"12:08:43"	20180316	75	0	2.93	0.0278	204	0.902	2.29	26.09	6	1.42	1	2.84	25.70	26.09	26.57	399.63	389.77	12.496	15.164	27.29	33.11	199.7	1700	12	72.37	11.8	0.112	0.7	-0.22	2.74	1.00	0.00	0.16	111115
144	"12:08:44"	20180316	75	0	2.93	0.0278	204	0.903	2.3	26.10	6	1.42	1	2.84	25.70	26.10	26.57	399.64	389.77	12.496	15.166	27.28	33.11	199.7	1700	13	72.37	11.8	0.112	0.7	-0.22	2.74	1.00	0.00	0.16	111115
145	"12:08:44"	20180316	75	0	2.91	0.0278	205	0.902	2.3	26.10	6	1.42	1	2.84	25.70	26.10	26.57	399.62	389.81	12.497	15.167	27.28	33.11	199.7	1700	13	72.37	11.8	0.112	0.7	-0.22	2.74	1.00	0.00	0.16	111115
146	"12:08:45"	20180316	75	0	2.9	0.0278	206	0.903	2.3	26.11	6	1.42	1	2.84	25.70	26.11	26.57	399.59	389.84	12.496	15.168	27.28	33.11	199.7	1700	13	72.37	11.8	0.112	0.7	-0.22	2.74	1.00	0.00	0.16	111115
147	"12:08:45"	20180316	75	0	2.9	0.0279	206	0.904	2.3	26.11	6	1.42	1	2.84	25.70	26.11	26.57	399.59	389.82	12.497	15.171	27.28	33.11	199.7	1700	13	72.37	11.8	0.112	0.7	-0.22	2.74	1.00	0.00	0.16	111115
148	"12:08:46"	20180316	75	0	2.89	0.0278	207	0.904	2.3	26.11	6	1.42	1	2.84	25.71	26.11	26.57	399.55	389.81	12.497	15.172	27.28	33.11	199.7	1700	13	72.37	11.8	0.112	1.0	-0.22	2.74	1.00	0.00	0.16	111115
149	"12:08:47"	20180316	75	0	2.91	0.0278	206	0.905	2.3	26.12	6	1.42	1	2.84	25.71	26.12	26.57	399.57	389.79	12.498	15.175	27.27	33.11	199.7	1700	13	72.37	11.8	0.112	1.0	-0.22	2.74	1.00	0.00	0.16	111115
150	"12:08:47"	20180316	75	0	2.91	0.0279	206	0.905	2.3	26.13	6	1.42	1	2.84	25.71	26.13	26.57	399.58	389.78	12.498	15.177	27.27	33.11	199.7	1700	13	72.37	11.8	0.112	1.0	-0.22	2.74	1.00	0.00	0.16	111115
"12:09:01 Coolers: Tblock -> 31.50 C"
"12:14:55 Flow: Fixed -> 200 umol/s"
151	"12:15:13"	20180316	75	0	2.47	0.0218	190	0.871	2.79	30.11	6	1.42	1	2.84	30.54	30.11	31.52	399.64	391.19	18.057	20.620	29.74	33.97	199.7	1700	10	72.37	13.4	0.0892	1.0	-0.22	2.74	1.00	0.00	0.16	111115
152	"12:15:13"	20180316	75	0	2.47	0.0218	190	0.871	2.79	30.11	6	1.42	1	2.84	30.54	30.11	31.52	399.64	391.19	18.057	20.620	29.74	33.97	199.7	1700	10	72.37	13.4	0.0892	1.0	-0.22	2.74	1.00	0.00	0.16	111115
153	"12:15:14"	20180316	75	0	2.47	0.0218	190	0.872	2.79	30.11	6	1.42	1	2.84	30.54	30.11	31.52	399.61	391.16	18.057	20.622	29.74	33.97	199.7	1700	10	72.37	13.4	0.0892	1.0	-0.22	2.74	1.00	0.00	0.16	111115
154	"12:15:14"	20180316	75	0	2.47	0.0219	191	0.873	2.79	30.11	6	1.42	1	2.84	30.54	30.11	31.52	399.58	391.15	18.058	20.625	29.74	33.97	199.7	1700	10	72.37	13.4	0.0892	1.0	-0.22	2.74	1.00	0.00	0.16	111115
155	"12:15:15"	20180316	75	0	2.5	0.0219	189	0.873	2.79	30.11	6	1.42	1	2.84	30.54	30.11	31.52	399.59	391.07	18.058	20.625	29.74	33.97	199.7	1700	10	72.37	13.4	0.0892	1.0	-0.22	2.74	1.00	0.00	0.16	111115
156	"12:15:15"	20180316	75	0	2.5	0.0219	189	0.872	2.79	30.10	6	1.42	1	2.84	30.54	30.10	31.52	399.58	391.06	18.058	20.624	29.74	33.97	199.7	1700	10	72.37	13.4	0.0892	1.0	-0.22	2.74	1.00	0.00	0.16	111115
157	"12:15:16"	20180316	75	0	2.48	0.0219	190	0.873	2.79	30.10	6	1.42	1	2.84	30.54	30.10	31.52	399.54	391.07	18.057	20.625	29.74	33.97	199.7	1700	10	72.37	13.4	0.0892	1.0	-0.22	2.74	1.00	0.00	0.16	111115
158	"12:15:16"	20180316	75	0	2.47	0.0219	191	0.872	2.79	30.10	6	1.42	1	2.84	30.54	30.10	31.52	399.51	391.07	18.058	20.625	29.74	33.97	199.7	1700	10	72.37	13.4	0.0892	1.0	-0.22	2.74	1.00	0.00	0.16	111115
159	"12:15:17"	20180316	75	0	2.49	0.0219	189	0.872	2.79	30.10	6	1.42	1	2.84	30.54	30.10	31.52	399.52	391.03	18.058	20.625	29.74	33.97	199.7	1700	10	72.37	13.4	0.0892	1.0	-0.22	2.74	1.00	0.00	0.16	111115
160	"12:15:18"	20180316	75	0	2.5	0.0219	188	0.873	2.79	30.10	6	1.42	1	2.84	30.54	30.10	31.52	399.52	390.99	18.058	20.626	29.74	33.97	199.7	1700	10	72.37	13.4	0.0892	1.0	-0.22	2.74	1.00	0.00	0.16	111115
161	"12:15:18"	20180316	75	0	2.51	0.0219	188	0.874	2.79	30.10	6	1.42	1	2.84	30.54	30.10	31.52	399.55	390.99	18.058	20.630	29.74	33.98	199.7	1700	10	72.37	13.4	0.0892	1.0	-0.22	2.74	1.00	0.00	0.16	111115
162	"12:15:19"	20180316	75	0	2.55	0.0219	186	0.875	2.79	30.10	6	1.42	1	2.84	30.54	30.10	31.53	399.64	390.96	18.057	20.633	29.74	33.98	199.7	1700	10	72.37	13.4	0.0892	0.7	-0.22	2.74	1.00	0.00	0.16	111115
163	"12:15:19"	20180316	75	0	2.54	0.0219	186	0.875	2.79	30.10	6	1.42	1	2.84	30.54	30.10	31.53	399.62	390.96	18.057	20.632	29.74	33.97	199.7	1700	10	72.37	13.4	0.0892	0.7	-0.22	2.74	1.00	0.00	0.16	111115
164	"12:15:20"	20180316	75	0	2.56	0.0219	184	0.876	2.79	30.10	6	1.42	1	2.84	30.54	30.10	31.53	399.65	390.92	18.058	20.634	29.74	33.98	199.7	1700	10	72.37	13.4	0.0892	0.7	-0.22	2.74	1.00	0.00	0.16	111115
165	"12:15:21"	20180316	75	0	2.58	0.022	183	0.876	2.79	30.11	6	1.42	1	2.84	30.54	30.11	31.53	399.68	390.90	18.058	20.637	29.73	33.98	199.7	1700	10	72.37	13.4	0.0892	0.7	-0.22	2.74	1.00	0.00	0.16	111115
166	"12:15:38"	20180316	75	0	2.71	0.0221	175	0.882	2.8	30.14	6	1.42	1	2.84	30.56	30.14	31.53	399.87	390.68	18.063	20.659	29.71	33.98	199.7	1700	10	72.37	13.4	0.0892	1.0	-0.22	2.74	1.00	0.00	0.16	111115
167	"12:15:38"	20180316	75	0	2.71	0.0221	175	0.882	2.8	30.14	6	1.42	1	2.84	30.56	30.14	31.53	399.87	390.68	18.063	20.659	29.71	33.98	199.7	1700	10	72.37	13.4	0.0892	1.0	-0.22	2.74	1.00	0.00	0.16	111115
168	"12:15:39"	20180316	75	0	2.72	0.022	174	0.882	2.8	30.15	6	1.42	1	2.84	30.56	30.15	31.53	399.87	390.68	18.064	20.658	29.71	33.98	199.7	1700	10	72.37	13.4	0.0892	1.0	-0.22	2.74	1.00	0.00	0.16	111115
169	"12:15:39"	20180316	75	0	2.71	0.022	175	0.882	2.8	30.15	6	1.42	1	2.84	30.56	30.15	31.53	399.88	390.72	18.064	20.658	29.71	33.98	199.7	1700	10	72.37	13.4	0.0892	1.0	-0.22	2.74	1.00	0.00	0.16	111115
170	"12:15:40"	20180316	75	0	2.75	0.022	171	0.881	2.8	30.16	6	1.42	1	2.84	30.56	30.16	31.53	399.96	390.67	18.066	20.659	29.71	33.98	199.7	1700	10	72.37	13.4	0.0892	1.0	-0.22	2.74	1.00	0.00	0.16	111115
171	"12:15:41"	20180316	75	0	2.75	0.022	171	0.881	2.81	30.17	6	1.42	1	2.84	30.56	30.17	31.53	399.97	390.69	18.066	20.658	29.71	33.97	199.7	1700	10	72.37	13.4	0.0892	1.0	-0.22	2.74	1.00	0.00	0.16	111115
172	"12:15:41"	20180316	75	0	2.75	0.022	171	0.881	2.81	30.17	6	1.42	1	2.84	30.56	30.17	31.53	400.01	390.71	18.066	20.658	29.71	33.97	199.7	1700	10	72.37	13.4	0.0892	1.0	-0.22	2.74	1.00	0.00	0.16	111115
173	"12:15:42"	20180316	75	0	2.71	0.022	174	0.882	2.81	30.18	6	1.42	1	2.84	30.57	30.18	31.53	399.97	390.78	18.067	20.664	29.71	33.98	199.7	1700	10	72.37	13.4	0.0892	1.0	-0.22	2.74	1.00	0.00	0.16	111115
174	"12:15:42"	20180316	75	0	2.72	0.022	173	0.883	2.81	30.18	6	1.42	1	2.84	30.57	30.18	31.53	399.97	390.76	18.069	20.667	29.71	33.98	199.7	1699	10	72.37	13.4	0.0892	1.0	-0.22	2.74	1.00	0.00	0.16	111115
175	"12:15:43"	20180316	75	0	2.68	0.022	176	0.884	2.81	30.18	6	1.42	1	2.84	30.57	30.18	31.54	399.93	390.83	18.069	20.670	29.71	33.99	199.7	1699	10	72.37	13.4	0.0892	1.0	-0.22	2.74	1.00	0.00	0.16	111115
176	"12:15:44"	20180316	75	0	2.67	0.022	177	0.884	2.81	30.19	6	1.42	1	2.84	30.57	30.19	31.54	399.90	390.84	18.068	20.669	29.71	33.99	199.7	1699	10	72.37	13.4	0.0892	1.0	-0.22	2.74	1.00	0.00	0.16	111115
"12:15:58 Coolers: Tblock -> 36.50 C"
"12:19:00 Flow: Fixed -> 200 umol/s"
177	"12:19:03"	20180316	75	0	2.46	0.0197	169	0.895	3.16	32.63	6	1.42	1	2.84	34.77	32.63	36.55	399.64	391.20	22.075	24.697	28.64	32.05	199.7	1700	10	72.36	13.6	0.00119	1.0	-0.22	2.74	1.00	0.00	0.16	111115
178	"12:19:03"	20180316	75	0	2.47	0.0198	170	0.899	3.16	32.63	6	1.42	1	2.84	34.77	32.63	36.55	399.66	391.19	22.062	24.697	28.63	32.05	199.7	1700	10	72.36	13.6	0.00119	1.0	-0.22	2.74	1.00	0.00	0.16	111115
179	"12:19:04"	20180316	75	0	2.47	0.0198	170	0.899	3.16	32.63	6	1.42	1	2.84	34.77	32.63	36.55	399.66	391.19	22.062	24.697	28.63	32.05	199.7	1700	10	72.36	13.6	0.00119	1.0	-0.22	2.74	1.00	0.00	0.16	111115
180	"12:19:04"	20180316	75	0	2.45	0.0198	172	0.902	3.16	32.63	6	1.42	1	2.84	34.77	32.63	36.55	399.66	391.24	22.053	24.695	28.61	32.04	199.7	1700	10	72.36	13.6	0.00119	1.0	-0.22	2.74	1.00	0.00	0.16	111115
181	"12:19:05"	20180316	75	0	2.46	0.0199	171	0.904	3.16	32.63	6	1.42	1	2.84	34.77	32.63	36.55	399.70	391.24	22.046	24.694	28.61	32.04	199.7	1700	10	72.36	13.6	0.00119	1.0	-0.22	2.74	1.00	0.00	0.16	111115
182	"12:19:05"	20180316	75	0	2.48	0.0202	173	0.92	3.16	32.63	6	1.42	1	2.84	34.77	32.63	36.55	399.81	391.27	22.000	24.695	28.54	32.04	199.7	1700	10	72.36	13.6	0.00119	1.0	-0.22	2.74	1.00	0.00	0.16	111115
183	"12:19:06"	20180316	75	0	2.49	0.0202	173	0.919	3.16	32.63	6	1.42	1	2.84	34.77	32.63	36.55	399.82	391.27	21.999	24.694	28.54	32.04	199.7	1700	10	72.36	13.6	0.00119	1.0	-0.22	2.74	1.00	0.00	0.16	111115
184	"12:19:06"	20180316	75	0	2.49	0.0202	173	0.92	3.16	32.63	6	1.42	1	2.84	34.77	32.63	36.55	399.85	391.30	22.000	24.696	28.54	32.04	199.7	1700	10	72.36	13.6	0.00119	1.0	-0.22	2.74	1.00	0.00	0.16	111115
185	"12:19:07"	20180316	75	0	2.5	0.0202	171	0.919	3.16	32.63	6	1.42	1	2.84	34.77	32.63	36.55	399.91	391.31	22.002	24.694	28.54	32.03	199.7	1700	10	72.36	13.6	0.00119	1.0	-0.22	2.74	1.00	0.00	0.16	111115
186	"12:19:07"	20180316	75	0	2.52	0.0202	170	0.919	3.16	32.63	6	1.42	1	2.84	34.78	32.63	36.55	399.97	391.32	22.003	24.696	28.54	32.03	199.7	1700	10	72.36	13.6	0.00119	1.0	-0.22	2.74	1.00	0.00	0.16	111115
187	"12:19:08"	20180316	75	0	2.52	0.0202	170	0.919	3.16	32.64	6	1.42	1	2.84	34.78	32.64	36.55	400.00	391.33	22.003	24.697	28.54	32.03	199.7	1700	10	72.36	13.6	0.00119	1.0	-0.22	2.74	1.00	0.00	0.16	111115
188	"12:19:09"	20180316	75	0	2.55	0.0202	167	0.919	3.16	32.64	6	1.42	1	2.84	34.78	32.64	36.55	400.06	391.32	22.006	24.700	28.54	32.03	199.7	1700	10	72.36	13.6	0.00119	1.0	-0.22	2.74	1.00	0.00	0.16	111115
189	"12:19:09"	20180316	75	0	2.59	0.0202	164	0.921	3.17	32.66	6	1.42	1	2.84	34.78	32.66	36.55	400.11	391.23	22.007	24.705	28.54	32.04	199.7	1700	10	72.36	13.6	0.00119	1.0	-0.22	2.74	1.00	0.00	0.16	111115
190	"12:19:10"	20180316	75	0	2.61	0.0202	163	0.921	3.17	32.67	6	1.42	1	2.84	34.78	32.67	36.55	400.14	391.21	22.007	24.707	28.53	32.03	199.7	1699	10	72.36	13.6	0.00119	1.0	-0.22	2.74	1.00	0.00	0.16	111115
191	"12:19:10"	20180316	75	0	2.62	0.0202	162	0.922	3.17	32.67	6	1.42	1	2.84	34.78	32.67	36.55	400.13	391.18	22.006	24.710	28.53	32.04	199.7	1699	10	72.36	13.6	0.00119	1.0	-0.22	2.74	1.00	0.00	0.16	111115
192	"12:19:12"	20180316	75	0	2.62	0.0202	162	0.924	3.18	32.68	6	1.42	1	2.84	34.79	32.68	36.55	400.09	391.12	22.006	24.713	28.52	32.03	199.6	1699	10	72.36	13.6	0.00119	1.0	-0.22	2.74	1.00	0.00	0.16	111115
193	"12:19:13"	20180316	75	0	2.61	0.0202	163	0.924	3.17	32.68	6	1.42	1	2.84	34.79	32.68	36.55	400.08	391.15	22.006	24.713	28.52	32.03	199.6	1699	10	72.36	13.6	0.00119	1.0	-0.22	2.74	1.00	0.00	0.16	111115
194	"12:19:13"	20180316	75	0	2.61	0.0202	163	0.924	3.17	32.68	6	1.42	1	2.84	34.79	32.68	36.55	400.08	391.15	22.006	24.713	28.52	32.03	199.6	1699	10	72.36	13.6	0.00119	1.0	-0.22	2.74	1.00	0.00	0.16	111115
195	"12:19:14"	20180316	75	0	2.61	0.0202	163	0.925	3.17	32.68	6	1.42	1	2.84	34.79	32.68	36.55	400.07	391.14	22.004	24.716	28.51	32.03	199.6	1699	10	72.36	13.6	0.00119	1.0	-0.22	2.74	1.00	0.00	0.16	111115
196	"12:19:14"	20180316	75	0	2.62	0.0202	162	0.924	3.18	32.69	6	1.42	1	2.84	34.79	32.69	36.55	400.08	391.13	22.006	24.714	28.51	32.02	199.6	1699	10	72.36	13.6	0.00119	1.0	-0.22	2.74	1.00	0.00	0.16	111115
197	"12:19:15"	20180316	75	0	2.62	0.0202	162	0.925	3.18	32.69	6	1.42	1	2.84	34.80	32.69	36.55	400.09	391.12	22.007	24.717	28.51	32.03	199.6	1699	10	72.36	13.6	0.00119	1.0	-0.22	2.74	1.00	0.00	0.16	111115
198	"12:19:16"	20180316	75	0	2.65	0.0203	160	0.925	3.17	32.68	6	1.42	1	2.84	34.80	32.68	36.55	400.16	391.11	22.006	24.718	28.51	32.02	199.6	1699	10	72.36	13.6	0.00119	1.0	-0.22	2.74	1.00	0.00	0.16	111115
199	"12:19:16"	20180316	75	0	2.65	0.0203	161	0.926	3.17	32.67	6	1.42	1	2.84	34.80	32.67	36.55	400.19	391.15	22.007	24.722	28.51	32.03	199.6	1699	10	72.36	13.6	0.00119	1.0	-0.22	2.74	1.00	0.00	0.16	111115
200	"12:19:17"	20180316	75	0	2.63	0.0204	163	0.926	3.16	32.62	6	1.42	1	2.84	34.80	32.62	36.54	400.17	391.19	22.007	24.720	28.51	32.02	199.6	1699	10	72.36	13.6	0.00119	1.0	-0.22	2.74	1.00	0.00	0.16	111115
201	"12:19:17"	20180316	75	0	2.61	0.0204	164	0.925	3.15	32.60	6	1.42	1	2.84	34.80	32.60	36.54	400.15	391.20	22.007	24.718	28.51	32.02	199.6	1699	10	72.36	13.6	0.00119	1.0	-0.22	2.74	1.00	0.00	0.16	111115
202	"12:19:18"	20180316	75	0	2.61	0.0204	165	0.923	3.14	32.57	6	1.42	1	2.84	34.80	32.57	36.54	400.18	391.25	22.010	24.716	28.51	32.01	199.7	1700	10	72.36	13.6	0.00119	1.0	-0.22	2.74	1.00	0.00	0.16	111115
203	"12:19:19"	20180316	75	0	2.62	0.0205	165	0.923	3.14	32.54	6	1.42	1	2.84	34.80	32.54	36.54	400.20	391.24	22.010	24.716	28.51	32.01	199.7	1700	10	72.36	13.6	0.00119	1.0	-0.22	2.74	1.00	0.00	0.16	111115
204	"12:19:19"	20180316	75	0	2.6	0.0205	167	0.922	3.13	32.52	6	1.42	1	2.84	34.80	32.52	36.54	400.19	391.29	22.009	24.712	28.50	32.00	199.7	1700	10	72.36	13.6	0.00119	1.0	-0.22	2.74	1.00	0.00	0.16	111115
205	"12:19:20"	20180316	75	0	2.58	0.0205	169	0.919	3.12	32.47	6	1.42	1	2.84	34.80	32.47	36.54	400.17	391.34	22.011	24.705	28.51	31.99	199.6	1700	10	72.36	13.6	0.00119	1.0	-0.22	2.74	1.00	0.00	0.16	111115
206	"12:19:20"	20180316	75	0	2.59	0.0205	168	0.918	3.11	32.46	6	1.42	1	2.84	34.81	32.46	36.54	400.20	391.33	22.012	24.704	28.51	31.99	199.7	1699	10	72.36	13.6	0.00119	1.0	-0.22	2.74	1.00	0.00	0.16	111115
"12:19:35 Coolers: Tblock -> 41.50 C"
"12:21:53 Flow: Fixed -> 200 umol/s"
207	"12:21:55"	20180316	75	0	2.53	0.0203	167	1.06	3.62	34.35	6	1.42	1	2.84	38.98	34.35	41.56	399.83	390.98	22.206	25.308	22.89	26.09	199.6	1700	13	72.36	14.6	-0.0429	0.7	-0.22	2.74	1.00	0.00	0.16	111115
208	"12:21:56"	20180316	75	0	2.51	0.0205	170	1.07	3.62	34.34	6	1.42	1	2.84	38.98	34.34	41.56	399.83	391.02	22.170	25.308	22.85	26.09	199.6	1700	13	72.36	14.6	-0.0429	0.7	-0.22	2.74	1.00	0.00	0.16	111115
209	"12:22:00"	20180316	75	0	2.55	0.0211	172	1.1	3.62	34.38	6	1.42	1	2.84	39.00	34.38	41.55	400.05	391.08	22.094	25.324	22.75	26.08	199.6	1700	13	72.35	14.6	-0.0429	0.7	-0.22	2.74	1.00	0.00	0.16	111115
210	"12:22:00"	20180316	75	0	2.56	0.0211	171	1.1	3.62	34.38	6	1.42	1	2.84	39.00	34.38	41.55	400.08	391.08	22.094	25.326	22.75	26.08	199.6	1700	13	72.35	14.6	-0.0429	0.7	-0.22	2.74	1.00	0.00	0.16	111115
211	"12:22:09"	20180316	75	0	2.51	0.0209	174	1.1	3.64	34.43	6	1.42	1	2.84	39.03	34.43	41.55	399.80	390.98	22.099	25.321	22.72	26.03	199.6	1700	13	72.35	14.6	-0.0429	1.0	-0.22	2.74	1.00	0.00	0.16	111115
212	"12:22:09"	20180316	75	0	2.51	0.0209	174	1.1	3.64	34.43	6	1.42	1	2.84	39.03	34.43	41.55	399.80	390.98	22.099	25.321	22.72	26.03	199.6	1700	13	72.35	14.6	-0.0429	1.0	-0.22	2.74	1.00	0.00	0.16	111115
213	"12:22:10"	20180316	75	0	2.5	0.0209	175	1.1	3.64	34.43	6	1.42	1	2.84	39.03	34.43	41.55	399.79	390.99	22.101	25.320	22.72	26.03	199.6	1700	13	72.35	14.6	-0.0429	1.0	-0.22	2.74	1.00	0.00	0.16	111115
214	"12:22:10"	20180316	75	0	2.47	0.0209	176	1.1	3.64	34.43	6	1.42	1	2.84	39.04	34.43	41.55	399.74	391.02	22.102	25.321	22.72	26.02	199.6	1700	13	72.35	14.6	-0.0429	1.0	-0.22	2.74	1.00	0.00	0.16	111115
215	"12:22:11"	20180316	75	0	2.47	0.0209	177	1.1	3.64	34.44	6	1.42	1	2.84	39.04	34.44	41.55	399.72	391.01	22.104	25.324	22.71	26.02	199.6	1700	13	72.35	14.6	-0.0429	1.0	-0.22	2.74	1.00	0.00	0.16	111115
216	"12:22:12"	20180316	75	0	2.46	0.0209	177	1.1	3.64	34.44	6	1.42	1	2.84	39.04	34.44	41.55	399.70	391.01	22.104	25.328	22.71	26.02	199.6	1700	13	72.35	14.6	-0.0429	1.0	-0.22	2.74	1.00	0.00	0.16	111115
217	"12:22:12"	20180316	75	0	2.47	0.0209	177	1.1	3.65	34.45	6	1.42	1	2.84	39.04	34.45	41.55	399.71	391.00	22.105	25.328	22.71	26.02	199.6	1700	13	72.35	14.6	-0.0429	1.0	-0.22	2.74	1.00	0.00	0.16	111115
218	"12:22:13"	20180316	75	0	2.47	0.0209	176	1.1	3.65	34.46	6	1.42	1	2.84	39.05	34.46	41.55	399.72	391.00	22.105	25.332	22.70	26.02	199.7	1700	13	72.35	14.6	-0.0429	1.0	-0.22	2.74	1.00	0.00	0.16	111115
219	"12:22:13"	20180316	75	0	2.47	0.0209	176	1.1	3.65	34.47	6	1.42	1	2.84	39.05	34.47	41.55	399.74	391.01	22.107	25.335	22.70	26.01	199.6	1700	13	72.35	14.6	-0.0429	1.0	-0.22	2.74	1.00	0.00	0.16	111115
220	"12:22:14"	20180316	75	0	2.48	0.0209	176	1.1	3.65	34.48	6	1.42	1	2.84	39.06	34.48	41.55	399.75	391.00	22.107	25.338	22.70	26.01	199.6	1700	13	72.35	14.6	-0.0429	1.0	-0.22	2.74	1.00	0.00	0.16	111115
221	"12:22:15"	20180316	75	0	2.5	0.0209	174	1.1	3.66	34.48	6	1.42	1	2.84	39.06	34.48	41.55	399.73	390.92	22.106	25.336	22.69	26.01	199.6	1700	13	72.35	14.6	-0.0429	1.0	-0.22	2.74	1.00	0.00	0.16	111115
222	"12:22:15"	20180316	75	0	2.51	0.0208	173	1.1	3.66	34.49	6	1.42	1	2.84	39.07	34.49	41.56	399.76	390.94	22.108	25.331	22.68	25.99	199.6	1700	13	72.35	14.6	-0.0429	1.0	-0.22	2.74	1.00	0.00	0.16	111115
223	"12:22:16"	20180316	75	0	2.5	0.0208	173	1.1	3.66	34.50	6	1.42	1	2.84	39.07	34.50	41.55	399.76	390.94	22.109	25.329	22.68	25.99	199.6	1700	13	72.35	14.6	-0.0429	1.0	-0.22	2.74	1.00	0.00	0.16	111115
224	"12:22:17"	20180316	75	0	2.49	0.0208	174	1.1	3.66	34.50	6	1.42	1	2.84	39.07	34.50	41.55	399.69	390.92	22.110	25.329	22.68	25.98	199.6	1700	13	72.35	14.6	-0.0429	1.0	-0.22	2.74	1.00	0.00	0.16	111115
225	"12:22:17"	20180316	75	0	2.49	0.0208	174	1.1	3.66	34.50	6	1.42	1	2.84	39.07	34.50	41.55	399.69	390.92	22.110	25.329	22.68	25.98	199.6	1700	13	72.35	14.6	-0.0429	1.0	-0.22	2.74	1.00	0.00	0.16	111115
226	"12:22:18"	20180316	75	0	2.5	0.0207	173	1.1	3.66	34.51	6	1.42	1	2.84	39.07	34.51	41.56	399.69	390.89	22.110	25.327	22.68	25.98	199.6	1700	13	72.35	14.6	-0.0429	1.0	-0.22	2.74	1.00	0.00	0.16	111115
227	"12:22:18"	20180316	75	0	2.5	0.0207	173	1.1	3.66	34.51	6	1.42	1	2.84	39.08	34.51	41.56	399.66	390.87	22.110	25.329	22.67	25.97	199.6	1700	13	72.35	14.6	-0.0429	1.0	-0.22	2.74	1.00	0.00	0.16	111115
228	"12:22:19"	20180316	75	0	2.5	0.0207	173	1.1	3.67	34.52	6	1.42	1	2.84	39.08	34.52	41.56	399.71	390.90	22.112	25.331	22.67	25.97	199.6	1700	13	72.35	14.6	-0.0429	1.0	-0.22	2.74	1.00	0.00	0.16	111115
229	"12:22:19"	20180316	75	0	2.49	0.0207	173	1.1	3.67	34.53	6	1.42	1	2.84	39.08	34.53	41.56	399.68	390.90	22.113	25.333	22.67	25.97	199.6	1700	13	72.35	14.6	-0.0429	1.0	-0.22	2.74	1.00	0.00	0.16	111115
230	"12:22:20"	20180316	75	0	2.49	0.0207	173	1.1	3.67	34.54	6	1.42	1	2.84	39.09	34.54	41.56	399.67	390.88	22.113	25.339	22.67	25.97	199.6	1700	13	72.35	14.6	-0.0429	1.0	-0.22	2.74	1.00	0.00	0.16	111115
231	"12:22:21"	20180316	75	0	2.5	0.0207	173	1.1	3.67	34.55	6	1.42	1	2.84	39.09	34.55	41.56	399.69	390.87	22.114	25.343	22.66	25.97	199.6	1700	13	72.35	14.6	-0.0429	1.0	-0.22	2.74	1.00	0.00	0.16	111115
232	"12:22:21"	20180316	75	0	2.51	0.0208	172	1.1	3.67	34.55	6	1.42	1	2.84	39.09	34.55	41.56	399.71	390.87	22.114	25.344	22.66	25.97	199.6	1700	13	72.35	14.6	-0.0429	1.0	-0.22	2.74	1.00	0.00	0.16	111115
233	"12:22:22"	20180316	75	0	2.51	0.0207	172	1.1	3.68	34.55	6	1.42	1	2.84	39.09	34.55	41.56	399.71	390.89	22.116	25.345	22.66	25.97	199.6	1700	13	72.35	14.6	-0.0429	1.0	-0.22	2.74	1.00	0.00	0.16	111115
234	"12:22:22"	20180316	75	0	2.51	0.0207	172	1.1	3.68	34.57	6	1.42	1	2.84	39.10	34.57	41.56	399.70	390.85	22.117	25.347	22.65	25.96	199.6	1700	13	72.35	14.6	-0.0429	1.0	-0.22	2.74	1.00	0.00	0.16	111115
235	"12:22:23"	20180316	75	0	2.53	0.0207	170	1.1	3.68	34.58	6	1.42	1	2.84	39.10	34.58	41.56	399.69	390.80	22.119	25.349	22.65	25.96	199.6	1699	13	72.35	14.6	-0.0429	1.0	-0.22	2.74	1.00	0.00	0.16	111115
236	"12:22:24"	20180316	75	0	2.53	0.0207	170	1.1	3.68	34.58	6	1.42	1	2.84	39.10	34.58	41.56	399.70	390.80	22.118	25.347	22.65	25.96	199.6	1699	13	72.35	14.6	-0.0429	1.0	-0.22	2.74	1.00	0.00	0.16	111115
"12:22:43 Coolers: Tblock -> 46.50 C"
"12:24:33 Flow: Fixed -> 200 umol/s"
237	"12:24:59"	20180316	75	0	2.28	0.0197	177	1.24	4.31	36.64	6	1.42	1	2.84	43.45	36.64	46.55	399.88	391.57	22.224	25.844	18.08	21.02	199.6	1699	13	72.35	15.9	-0.0722	1.0	-0.22	2.74	1.00	0.00	0.16	111115
238	"12:24:59"	20180316	75	0	2.28	0.0197	176	1.24	4.31	36.64	6	1.42	1	2.84	43.45	36.64	46.55	399.87	391.55	22.225	25.843	18.08	21.02	199.6	1699	13	72.35	15.9	-0.0722	1.0	-0.22	2.74	1.00	0.00	0.16	111115
239	"12:25:00"	20180316	75	0	2.3	0.0197	175	1.24	4.31	36.65	6	1.42	1	2.84	43.45	36.65	46.55	399.86	391.51	22.225	25.843	18.08	21.02	199.6	1699	13	72.35	15.9	-0.0722	1.0	-0.22	2.74	1.00	0.00	0.16	111115
240	"12:25:00"	20180316	75	0	2.3	0.0197	175	1.24	4.31	36.65	6	1.42	1	2.84	43.45	36.65	46.55	399.86	391.51	22.225	25.843	18.08	21.02	199.6	1699	13	72.35	15.9	-0.0722	1.0	-0.22	2.74	1.00	0.00	0.16	111115
241	"12:25:01"	20180316	75	0	2.27	0.0197	178	1.24	4.32	36.65	6	1.42	1	2.84	43.46	36.65	46.55	399.85	391.59	22.225	25.842	18.07	21.01	199.6	1699	13	72.35	15.9	-0.0722	1.0	-0.22	2.74	1.00	0.00	0.16	111115
242	"12:25:01"	20180316	75	0	2.3	0.0197	175	1.24	4.32	36.65	6	1.42	1	2.84	43.46	36.65	46.55	399.91	391.56	22.225	25.844	18.07	21.01	199.6	1699	13	72.35	15.9	-0.0722	1.0	-0.22	2.74	1.00	0.00	0.16	111115
243	"12:25:02"	20180316	75	0	2.3	0.0197	175	1.24	4.32	36.66	6	1.42	1	2.84	43.46	36.66	46.55	399.95	391.58	22.224	25.842	18.07	21.01	199.6	1699	13	72.35	15.9	-0.0722	1.0	-0.22	2.74	1.00	0.00	0.16	111115
244	"12:25:02"	20180316	75	0	2.31	0.0197	174	1.24	4.32	36.66	6	1.42	1	2.84	43.46	36.66	46.55	399.97	391.58	22.223	25.840	18.06	21.00	199.6	1699	13	72.35	15.9	-0.0722	1.0	-0.22	2.74	1.00	0.00	0.16	111115
245	"12:25:03"	20180316	75	0	2.32	0.0197	173	1.24	4.32	36.65	6	1.42	1	2.84	43.47	36.65	46.55	399.99	391.57	22.223	25.840	18.06	21.00	199.6	1699	13	72.35	15.9	-0.0722	1.0	-0.22	2.74	1.00	0.00	0.16	111115
246	"12:25:03"	20180316	75	0	2.34	0.0197	172	1.24	4.32	36.66	6	1.42	1	2.84	43.47	36.66	46.55	400.06	391.56	22.223	25.841	18.06	21.00	199.6	1699	13	72.35	15.9	-0.0722	1.0	-0.22	2.74	1.00	0.00	0.16	111115
247	"12:25:04"	20180316	75	0	2.35	0.0197	171	1.24	4.32	36.66	6	1.42	1	2.84	43.47	36.66	46.55	400.09	391.56	22.224	25.840	18.05	20.99	199.6	1699	13	72.35	15.9	-0.0722	1.0	-0.22	2.74	1.00	0.00	0.16	111115
248	"12:25:05"	20180316	75	0	2.36	0.0196	170	1.23	4.32	36.67	6	1.42	1	2.84	43.48	36.67	46.55	400.08	391.54	22.226	25.840	18.05	20.99	199.6	1699	13	72.35	15.9	-0.0722	1.0	-0.22	2.74	1.00	0.00	0.16	111115
249	"12:25:05"	20180316	75	0	2.35	0.0196	170	1.23	4.33	36.68	6	1.42	1	2.84	43.48	36.68	46.55	400.08	391.56	22.227	25.834	18.05	20.98	199.6	1699	13	72.35	15.9	-0.0722	1.0	-0.22	2.74	1.00	0.00	0.16	111115
250	"12:25:06"	20180316	75	0	2.35	0.0196	170	1.23	4.33	36.68	6	1.42	1	2.84	43.48	36.68	46.56	400.04	391.53	22.229	25.835	18.05	20.98	199.6	1699	13	72.35	15.9	-0.0722	1.0	-0.22	2.74	1.00	0.00	0.16	111115
251	"12:25:06"	20180316	75	0	2.35	0.0196	170	1.23	4.33	36.69	6	1.42	1	2.84	43.49	36.69	46.56	400.01	391.51	22.230	25.835	18.05	20.97	199.7	1699	13	72.35	15.9	-0.0722	1.0	-0.22	2.74	1.00	0.00	0.16	111115
252	"12:25:07"	20180316	75	0	2.34	0.0195	170	1.23	4.34	36.71	6	1.42	1	2.84	43.49	36.71	46.56	399.99	391.52	22.232	25.834	18.05	20.97	199.6	1699	13	72.35	15.9	-0.0722	1.0	-0.22	2.74	1.00	0.00	0.16	111115
253	"12:25:08"	20180316	75	0	2.3	0.0195	173	1.23	4.34	36.73	6	1.42	1	2.84	43.49	36.73	46.56	399.94	391.57	22.232	25.835	18.04	20.97	199.7	1699	13	72.35	15.9	-0.0722	1.0	-0.22	2.74	1.00	0.00	0.16	111115
254	"12:25:08"	20180316	75	0	2.3	0.0195	173	1.23	4.35	36.74	6	1.42	1	2.84	43.50	36.74	46.56	399.92	391.57	22.233	25.836	18.04	20.96	199.6	1699	13	72.35	15.9	-0.0722	1.0	-0.22	2.74	1.00	0.00	0.16	111115
255	"12:25:09"	20180316	75	0	2.31	0.0195	172	1.23	4.35	36.74	6	1.42	1	2.84	43.50	36.74	46.56	399.94	391.55	22.234	25.838	18.04	20.96	199.6	1699	13	72.35	15.9	-0.0722	1.0	-0.22	2.74	1.00	0.00	0.16	111115
256	"12:25:09"	20180316	75	0	2.3	0.0195	172	1.23	4.35	36.76	6	1.42	1	2.84	43.50	36.76	46.56	399.95	391.57	22.235	25.842	18.04	20.96	199.6	1699	13	72.35	15.9	-0.0722	1.0	-0.22	2.74	1.00	0.00	0.16	111115
257	"12:25:10"	20180316	75	0	2.32	0.0195	171	1.23	4.36	36.77	6	1.42	1	2.84	43.51	36.77	46.56	399.98	391.56	22.234	25.842	18.03	20.96	199.6	1699	13	72.35	15.9	-0.0722	1.0	-0.22	2.74	1.00	0.00	0.16	111115
258	"12:25:10"	20180316	75	0	2.32	0.0194	171	1.23	4.36	36.78	6	1.42	1	2.84	43.51	36.78	46.56	400.01	391.58	22.235	25.843	18.03	20.96	199.6	1699	13	72.35	15.9	-0.0722	1.0	-0.22	2.74	1.00	0.00	0.16	111115
259	"12:25:11"	20180316	75	0	2.33	0.0194	170	1.23	4.36	36.78	6	1.42	1	2.84	43.51	36.78	46.55	400.03	391.59	22.235	25.842	18.03	20.95	199.6	1699	13	72.35	15.9	-0.0722	1.0	-0.22	2.74	1.00	0.00	0.16	111115
260	"12:25:12"	20180316	75	0	2.33	0.0194	170	1.23	4.36	36.78	6	1.42	1	2.84	43.52	36.78	46.55	400.04	391.60	22.238	25.844	18.03	20.95	199.6	1699	13	72.35	15.9	-0.0722	1.0	-0.22	2.74	1.00	0.00	0.16	111115
261	"12:25:12"	20180316	75	0	2.33	0.0194	170	1.23	4.36	36.78	6	1.42	1	2.84	43.52	36.78	46.55	400.04	391.61	22.238	25.844	18.02	20.95	199.7	1699	13	72.35	15.9	-0.0722	1.0	-0.22	2.74	1.00	0.00	0.16	111115
262	"12:25:13"	20180316	75	0	2.31	0.0194	171	1.23	4.36	36.79	6	1.42	1	2.84	43.52	36.79	46.55	400.03	391.63	22.237	25.844	18.02	20.95	199.6	1699	13	72.35	15.9	-0.0722	1.0	-0.22	2.74	1.00	0.00	0.16	111115
263	"12:25:13"	20180316	75	0	2.31	0.0194	172	1.23	4.36	36.78	6	1.42	1	2.84	43.52	36.78	46.55	400.00	391.61	22.237	25.845	18.02	20.94	199.7	1699	13	72.35	15.9	-0.0722	1.0	-0.22	2.74	1.00	0.00	0.16	111115
264	"12:25:14"	20180316	75	0	2.31	0.0194	172	1.23	4.36	36.79	6	1.42	1	2.84	43.53	36.79	46.55	399.96	391.58	22.239	25.848	18.02	20.94	199.7	1699	13	72.35	15.9	-0.0722	1.0	-0.22	2.74	1.00	0.00	0.16	111115
265	"12:25:15"	20180316	75	0	2.3	0.0194	172	1.23	4.36	36.79	6	1.42	1	2.84	43.53	36.79	46.55	399.97	391.60	22.240	25.848	18.02	20.94	199.7	1699	13	72.35	15.9	-0.0722	1.0	-0.22	2.74	1.00	0.00	0.16	111115
266	"12:25:15"	20180316	75	0	2.31	0.0194	171	1.23	4.36	36.79	6	1.42	1	2.84	43.53	36.79	46.55	400.00	391.60	22.239	25.850	18.01	20.94	199.6	1699	13	72.35	15.9	-0.0722	1.0	-0.22	2.74	1.00	0.00	0.16	111115
267	"12:25:16"	20180316	75	0	2.32	0.0194	171	1.23	4.37	36.80	6	1.42	1	2.84	43.53	36.80	46.55	400.02	391.61	22.240	25.849	18.01	20.94	199.7	1699	13	72.35	15.9	-0.0722	1.0	-0.22	2.74	1.00	0.00	0.16	111115
268	"12:25:17"	20180316	75	0	2.34	0.0195	170	1.24	4.36	36.79	6	1.42	1	2.84	43.54	36.79	46.54	400.06	391.59	22.240	25.855	18.01	20.94	199.6	1699	13	72.35	15.9	-0.0722	1.0	-0.22	2.74	1.00	0.00	0.16	111115
269	"12:25:17"	20180316	75	0	2.34	0.0195	170	1.24	4.36	36.80	6	1.42	1	2.84	43.54	36.80	46.54	400.06	391.58	22.239	25.858	18.01	20.94	199.6	1699	13	72.35	15.9	-0.0722	1.0	-0.22	2.74	1.00	0.00	0.16	111115
270	"12:25:18"	20180316	75	0	2.31	0.0195	172	1.24	4.37	36.80	6	1.42	1	2.84	43.54	36.80	46.54	400.03	391.62	22.239	25.863	18.00	20.94	199.6	1699	13	72.35	15.9	-0.0722	1.0	-0.22	2.74	1.00	0.00	0.16	111115
271	"12:25:18"	20180316	75	0	2.31	0.0195	172	1.24	4.37	36.81	6	1.42	1	2.84	43.54	36.81	46.54	400.05	391.65	22.239	25.859	18.00	20.93	199.6	1699	13	72.35	15.9	-0.0722	1.0	-0.22	2.74	1.00	0.00	0.16	111115
272	"12:25:19"	20180316	75	0	2.3	0.0194	173	1.24	4.37	36.82	6	1.42	1	2.84	43.55	36.82	46.54	400.00	391.64	22.240	25.859	18.00	20.93	199.6	1699	13	72.35	15.9	-0.0722	1.0	-0.22	2.74	1.00	0.00	0.16	111115
"12:25:41 Coolers: Tblock -> 50.00 C"
"12:31:07 Flow: Fixed -> 200 umol/s"
273	"12:31:27"	20180316	75	0	1.74	0.0191	210	1.46	5.21	39.33	6	1.42	1	2.84	46.92	39.33	49.74	399.74	392.79	22.486	26.764	15.30	18.21	199.7	1700	14	72.34	17.7	0.00409	1.0	-0.22	2.74	1.00	0.00	0.16	111115
274	"12:31:28"	20180316	75	0	1.76	0.0191	208	1.46	5.22	39.33	6	1.42	1	2.84	46.92	39.33	49.74	399.79	392.77	22.487	26.764	15.30	18.21	199.7	1700	14	72.34	17.7	0.00409	1.0	-0.22	2.74	1.00	0.00	0.16	111115
275	"12:31:29"	20180316	75	0	1.75	0.0192	209	1.46	5.21	39.32	6	1.42	1	2.84	46.92	39.32	49.74	399.77	392.80	22.486	26.764	15.30	18.21	199.7	1700	14	72.34	17.7	0.00409	1.0	-0.22	2.74	1.00	0.00	0.16	111115
276	"12:31:30"	20180316	75	0	1.76	0.0192	208	1.46	5.21	39.31	6	1.42	1	2.84	46.92	39.31	49.74	399.82	392.80	22.487	26.765	15.30	18.21	199.7	1700	14	72.34	17.7	0.00409	1.0	-0.22	2.74	1.00	0.00	0.16	111115
277	"12:31:31"	20180316	75	0	1.79	0.0192	206	1.46	5.21	39.31	6	1.42	1	2.84	46.92	39.31	49.74	399.86	392.76	22.486	26.765	15.29	18.21	199.7	1700	14	72.34	17.7	0.00409	1.0	-0.22	2.74	1.00	0.00	0.16	111115
278	"12:31:31"	20180316	75	0	1.82	0.0191	203	1.46	5.21	39.32	6	1.42	1	2.84	46.92	39.32	49.74	399.95	392.75	22.488	26.766	15.29	18.20	199.7	1700	14	72.34	17.7	0.00409	1.0	-0.22	2.74	1.00	0.00	0.16	111115
279	"12:31:32"	20180316	75	0	1.82	0.0191	203	1.46	5.21	39.33	6	1.42	1	2.84	46.92	39.33	49.74	399.98	392.77	22.488	26.766	15.29	18.20	199.7	1700	14	72.34	17.7	0.00409	1.0	-0.22	2.74	1.00	0.00	0.16	111115
280	"12:31:32"	20180316	75	0	1.86	0.0192	200	1.46	5.21	39.33	6	1.42	1	2.84	46.92	39.33	49.74	400.04	392.72	22.490	26.770	15.29	18.21	199.7	1700	14	72.34	17.7	0.00409	1.0	-0.22	2.74	1.00	0.00	0.16	111115
281	"12:31:33"	20180316	75	0	1.92	0.0191	195	1.46	5.22	39.34	6	1.42	1	2.84	46.93	39.34	49.74	400.21	392.72	22.493	26.769	15.30	18.20	199.7	1700	14	72.34	17.7	0.00409	1.0	-0.22	2.74	1.00	0.00	0.16	111115
282	"12:31:34"	20180316	75	0	1.93	0.0191	194	1.46	5.23	39.36	6	1.42	1	2.84	46.93	39.36	49.74	400.28	392.74	22.493	26.773	15.29	18.20	199.7	1700	14	72.34	17.7	0.00409	1.0	-0.22	2.74	1.00	0.00	0.16	111115
283	"12:31:35"	20180316	75	0	1.95	0.0191	192	1.46	5.23	39.37	6	1.42	1	2.84	46.93	39.37	49.74	400.36	392.76	22.493	26.774	15.29	18.20	199.7	1700	14	72.34	17.7	0.00409	1.0	-0.22	2.74	1.00	0.00	0.16	111115
284	"12:31:36"	20180316	75	0	1.93	0.0191	194	1.46	5.23	39.37	6	1.42	1	2.84	46.93	39.37	49.74	400.35	392.84	22.494	26.771	15.29	18.20	199.7	1700	14	72.34	17.7	0.00409	1.0	-0.22	2.74	1.00	0.00	0.16	111115
285	"12:31:36"	20180316	75	0	1.91	0.0191	195	1.46	5.23	39.37	6	1.42	1	2.84	46.93	39.37	49.74	400.35	392.87	22.493	26.766	15.29	18.20	199.7	1700	14	72.34	17.7	0.00409	1.0	-0.22	2.74	1.00	0.00	0.16	111115
286	"12:31:37"	20180316	75	0	1.88	0.0191	198	1.46	5.23	39.38	6	1.42	1	2.84	46.93	39.38	49.74	400.29	392.92	22.492	26.768	15.29	18.20	199.7	1700	14	72.34	17.7	0.00409	1.0	-0.22	2.74	1.00	0.00	0.16	111115
287	"12:31:37"	20180316	75	0	1.86	0.0191	199	1.46	5.23	39.38	6	1.42	1	2.84	46.93	39.38	49.74	400.26	392.94	22.492	26.772	15.29	18.20	199.7	1700	14	72.34	17.7	0.00409	1.0	-0.22	2.74	1.00	0.00	0.16	111115
288	"12:31:38"	20180316	75	0	1.88	0.0191	198	1.46	5.23	39.37	6	1.42	1	2.84	46.93	39.37	49.74	400.27	392.91	22.494	26.771	15.29	18.20	199.7	1700	14	72.34	17.7	0.00409	1.0	-0.22	2.74	1.00	0.00	0.16	111115
289	"12:31:38"	20180316	75	0	1.85	0.0191	200	1.46	5.23	39.37	6	1.42	1	2.84	46.93	39.37	49.74	400.26	392.96	22.496	26.773	15.29	18.20	199.7	1700	14	72.34	17.7	0.00409	1.0	-0.22	2.74	1.00	0.00	0.16	111115
290	"12:31:39"	20180316	75	0	1.86	0.0191	199	1.46	5.23	39.37	6	1.42	1	2.84	46.93	39.37	49.74	400.27	392.94	22.498	26.775	15.29	18.20	199.7	1700	14	72.34	17.7	0.00409	1.0	-0.22	2.74	1.00	0.00	0.16	111115
291	"12:31:40"	20180316	75	0	1.85	0.0191	200	1.46	5.23	39.36	6	1.42	1	2.84	46.93	39.36	49.74	400.25	392.97	22.498	26.775	15.29	18.20	199.7	1700	14	72.34	17.7	0.00409	1.0	-0.22	2.74	1.00	0.00	0.16	111115
292	"12:31:40"	20180316	75	0	1.87	0.0191	199	1.46	5.23	39.36	6	1.42	1	2.84	46.93	39.36	49.74	400.27	392.94	22.498	26.775	15.29	18.20	199.7	1700	14	72.34	17.7	0.00409	1.0	-0.22	2.74	1.00	0.00	0.16	111115
293	"12:31:41"	20180316	75	0	1.86	0.0191	200	1.46	5.23	39.36	6	1.42	1	2.84	46.93	39.36	49.74	400.27	392.95	22.499	26.779	15.29	18.20	199.7	1700	14	72.34	17.7	0.00409	1.0	-0.22	2.74	1.00	0.00	0.16	111115
294	"12:31:41"	20180316	75	0	1.88	0.0191	198	1.46	5.23	39.36	6	1.42	1	2.84	46.93	39.36	49.74	400.30	392.93	22.500	26.778	15.29	18.20	199.7	1700	14	72.34	17.7	0.00409	1.0	-0.22	2.74	1.00	0.00	0.16	111115
295	"12:31:42"	20180316	75	0	1.89	0.0191	197	1.46	5.22	39.35	6	1.42	1	2.84	46.93	39.35	49.74	400.31	392.91	22.500	26.775	15.29	18.20	199.7	1700	14	72.34	17.7	0.00409	1.0	-0.22	2.74	1.00	0.00	0.16	111115
296	"12:31:43"	20180316	75	0	1.86	0.0191	200	1.46	5.22	39.35	6	1.42	1	2.84	46.93	39.35	49.74	400.29	392.99	22.500	26.774	15.29	18.20	199.7	1700	14	72.34	17.7	0.00409	1.0	-0.22	2.74	1.00	0.00	0.16	111115
297	"12:31:43"	20180316	75	0	1.86	0.0191	200	1.46	5.23	39.36	6	1.42	1	2.84	46.93	39.36	49.74	400.28	392.98	22.499	26.775	15.29	18.20	199.7	1700	14	72.34	17.7	0.00409	0.7	-0.22	2.74	1.00	0.00	0.16	111115
298	"12:31:44"	20180316	75	0	1.88	0.0191	198	1.46	5.22	39.35	6	1.42	1	2.84	46.93	39.35	49.74	400.30	392.92	22.501	26.774	15.29	18.20	199.7	1700	14	72.34	17.7	0.00409	0.7	-0.22	2.74	1.00	0.00	0.16	111115
299	"12:31:44"	20180316	75	0	1.87	0.0191	199	1.46	5.22	39.35	6	1.42	1	2.84	46.93	39.35	49.74	400.30	392.94	22.501	26.775	15.29	18.20	199.7	1700	14	72.34	17.7	0.00409	0.7	-0.22	2.74	1.00	0.00	0.16	111115
300	"12:31:45"	20180316	75	0	1.88	0.0191	199	1.46	5.22	39.34	6	1.42	1	2.84	46.93	39.34	49.74	400.29	392.93	22.502	26.774	15.29	18.20	199.7	1700	14	72.34	17.7	0.00409	0.7	-0.22	2.74	1.00	0.00	0.16	111115
301	"12:31:46"	20180316	75	0	1.86	0.0191	200	1.46	5.22	39.34	6	1.42	1	2.84	46.94	39.34	49.74	400.31	392.98	22.503	26.777	15.29	18.20	199.7	1700	14	72.34	17.7	0.00409	0.7	-0.22	2.74	1.00	0.00	0.16	111115
302	"12:31:47"	20180316	75	0	1.84	0.0191	201	1.46	5.23	39.36	6	1.42	1	2.84	46.94	39.36	49.74	400.30	393.03	22.506	26.778	15.29	18.20	199.7	1700	14	72.34	17.7	0.00409	0.7	-0.22	2.74	1.00	0.00	0.16	111115
