"OPEN 6.3.4"
"Sat Mar 17 2018 13:16:46"
<open><version>"6.3.4"</version></open>
<open><configfile>"/User/Configs/UserPrefs/LED2x3.xml"</configfile></open>
<open><light><source>"6400-02 or -02B LED Source"</source><par_in>1<sensor>"SI-2503"<cal>-0.86<actinity>1.00</actinity><transm>1.00</transm></cal></sensor><transm>1</transm></par_in><par_out>1<sensor>"Q40491"<cal>6.5</cal></sensor></par_out></light></open>
<open><comps><file>"/User/Configs/Comps/StdComps_6.1"<header>""</header><extras></extras></file><energybal>no<f_parIn>1</f_parIn><f_parOut>0</f_parOut><alphaK>0.16</alphaK></energybal><bc_total>2.840<stomatal_ratio>1</stomatal_ratio><bc_oneside>1.420<type>2</type><table>"/Sys/Lib/StdBLCTable"</table><area>6</area><slope>-0.219565</slope><offset>2.73739</offset><fan>5</fan></bc_oneside></bc_total></comps></open>
<open><prompts><onlog>off</onlog><items>"Default (none)"</items></prompts></open>
<open><constants><oxygen>21 %</oxygen><bb_vapor>1.5</bb_vapor><bb_oxy>0.9</bb_oxy></constants></open>
<open><stability><items>"Std Stability"<items[1]><id>-2</id><size>15</size><pcv><onoff>0</onoff><value>1</value></pcv><std><onoff>0</onoff><value>1</value></std><slp><onoff>1</onoff><value>1</value></slp></items[1]><items[2]><id>-5</id><size>15</size><pcv><onoff>0</onoff><value>1</value></pcv><std><onoff>0</onoff><value>1</value></std><slp><onoff>1</onoff><value>1</value></slp></items[2]><items[3]><id>-7</id><size>15</size><pcv><onoff>0</onoff><value>1</value></pcv><std><onoff>0</onoff><value>1</value></std><slp><onoff>1</onoff><value>1</value></slp></items[3]></items></stability></open>
<open><log><format>"StdLogFmt_6.0"<items>{ -35 -21 -70 -69 -76 30 23 36 21 25 221 -33 111 -34 11 -9 -10 -8 -1 -2 -4 -5 -14 -15 -7 -12 -13 -11 -65 -66 -72 -18 -19 -77 -78 -79 -23  }<hdr>{  }</hdr></items></format><options><beep>on</beep><match>"never"<time>30</time><co2>100</co2><delta>10</delta></match><hdr>normal</hdr><rem>normal</rem><stab>no</stab><stats>no<mean>no</mean><file>no</file><period>15</period></stats><excel>yes</excel><controls>yes</controls><comm>no</comm></options><datafile>"/User/031718-LH-EOU7550"</datafile><button><action>"Normal Log"<code>" LogOneObsManual "</code></action></button><autoprog>"/User/Configs/AutoProgs/AutoLog2"<active>no</active></autoprog></log></open>
<open><a2d><avgtime>4.0 secs</avgtime><userchans><ch20>"Off"</ch20><ch21>"Off"</ch21><ch22>"Off"</ch22><ch23>"Off"</ch23></userchans></a2d></open>
<open><matching><type>0</type><disp>'a'</disp><settings>><CO2Limit>10.0</CO2Limit><H2OLimit>1.0</H2OLimit><MaxAutoTime>60</MaxAutoTime><AverageTime>10</AverageTime></settings></matching></open>
<li6400><factory><unit>"PSC-2470"</unit><serviced>"5 Feb 2018"</serviced><fuseaware>0</fuseaware><co2mixer>yes</co2mixer><co2><coeffs>{ 0 0.214772 2.55802e-05 1.93228e-08 -3.02262e-12 2.75724e-16  }</coeffs><dvdt>-4</dvdt><xs>{ 9.11e-05 0.00178  }</xs></co2><h2o><coeffs>{ 0 0.00581526 2.16703e-06 7.69607e-12  }</coeffs><dvdt>-2.9</dvdt><xs>{ -0.000111 -0.00256  }</xs></h2o><flow>{ 0 0.3696  }</flow><press>{ 86.913 0.00551  }</press></factory></li6400>
<li6400><user><flow_zero>-42.6</flow_zero><irga_zero><co2>113.5 152.5<at>27.1329</at></co2><h2o>-3.5 -3.5<at>28.1091</at></h2o></irga_zero><irga_span><co2>{ 0.990134 0.992694  }</co2><h2o>{ 0.996743 0.99801  }</h2o></irga_span><irga_match><co2>{ 0.110267 9.76409  }</co2><h2o>{ -0.0816591 0.172068  }</h2o></irga_match><co2_mixer><pump_mv>4500</pump_mv><ppm>{ 2352.67 1117.67 439.284 266.3 121.188 70.6751 48.8233 48.8102  }</ppm><mv>{ 5000 3000 1500 1000 500 300 200 100  }</mv></co2_mixer><parin_offset>-0.211894</parin_offset><led_cal><unit>"SI-2503"</unit><mv>{ 10 25 50 100 1000 2000 3000 4000 5000  }</mv><qntm>{ 1.83047 9.20354 23.3042 57.5395 736.221 1467.2 2160.1 2821.48 3447.04  }</qntm></led_cal><lcf_cal><unit>"LCF-0981"</unit><red><mv>{ 50 100 200 400 800 1500  }</mv><qntm>{ 64.6036 145.758 312.409 661.73 1377.94 2641.23  }</qntm></red><blue><mv>{ 100 500 1000 2000 3000 4000 5000  }</mv><qntm>{ 11.107 44.4539 81.9578 145.168 203.372 256.093 300.56  }</qntm></blue></lcf_cal></user></li6400>
"13:16:48 "
$STARTOFDATA$
"Obs"	"HHMMSS"	"YYYYMMDD"	"DOY"	"EBal?"	"Photo"	"Cond"	"Ci"	"Trmmol"	"VpdL"	"CTleaf"	"Area"	"BLC_1"	"StmRat"	"BLCond"	"Tair"	"Tleaf"	"TBlk"	"CO2R"	"CO2S"	"H2OR"	"H2OS"	"RH_R"	"RH_S"	"Flow"	"PARi"	"PARo"	"Press"	"CsMch"	"HsMch"	"StableF"	"BLCslope"	"BLCoffst"	"f_parin"	"f_parout"	"alphaK"	"Status"
"13:17:58 Flow: Fixed -> 500 umol/s"
1	"13:18:15"	20180317	76	0	6.35	0.0818	256	1.26	1.13	13.61	6	1.42	1	2.84	9.99	13.61	7.63	399.81	391.58	4.545	6.050	26.61	35.42	499.5	1699	12	72.09	9.76	0.172	1.0	-0.22	2.74	1.00	0.00	0.16	111115
2	"13:18:15"	20180317	76	0	6.31	0.0819	257	1.26	1.13	13.61	6	1.42	1	2.84	9.99	13.61	7.63	399.66	391.48	4.544	6.050	26.60	35.42	499.5	1699	11	72.08	9.76	0.172	0.7	-0.22	2.74	1.00	0.00	0.16	111115
3	"13:18:16"	20180317	76	0	6.3	0.0819	257	1.26	1.13	13.60	6	1.42	1	2.84	9.99	13.60	7.63	399.55	391.39	4.544	6.050	26.60	35.42	499.5	1699	11	72.09	9.76	0.172	0.7	-0.22	2.74	1.00	0.00	0.16	111115
4	"13:18:17"	20180317	76	0	6.26	0.0821	258	1.26	1.13	13.59	6	1.42	1	2.84	9.99	13.59	7.63	399.45	391.34	4.544	6.053	26.60	35.43	499.6	1699	11	72.09	9.76	0.172	0.7	-0.22	2.74	1.00	0.00	0.16	111115
5	"13:18:17"	20180317	76	0	6.21	0.0822	259	1.26	1.13	13.58	6	1.42	1	2.84	9.99	13.58	7.63	399.30	391.25	4.543	6.052	26.59	35.43	499.5	1699	11	72.08	9.76	0.172	0.7	-0.22	2.74	1.00	0.00	0.16	111115
6	"13:18:18"	20180317	76	0	6.23	0.0823	259	1.27	1.12	13.57	6	1.42	1	2.84	9.99	13.57	7.63	399.25	391.17	4.544	6.055	26.60	35.44	499.6	1699	11	72.08	9.76	0.172	0.7	-0.22	2.74	1.00	0.00	0.16	111115
7	"13:18:18"	20180317	76	0	6.25	0.0824	259	1.27	1.12	13.57	6	1.42	1	2.84	9.99	13.57	7.63	399.22	391.12	4.545	6.055	26.61	35.45	499.6	1699	11	72.08	9.76	0.172	0.7	-0.22	2.74	1.00	0.00	0.16	111115
8	"13:18:19"	20180317	76	0	6.24	0.0825	259	1.27	1.12	13.56	6	1.42	1	2.84	9.99	13.56	7.63	399.18	391.09	4.544	6.055	26.60	35.45	499.6	1699	11	72.08	9.76	0.172	0.7	-0.22	2.74	1.00	0.00	0.16	111115
9	"13:18:19"	20180317	76	0	6.29	0.0823	258	1.26	1.12	13.56	6	1.42	1	2.84	9.99	13.56	7.63	399.17	391.02	4.544	6.053	26.60	35.44	499.6	1699	11	72.08	9.76	0.172	0.7	-0.22	2.74	1.00	0.00	0.16	111115
10	"13:18:20"	20180317	76	0	6.34	0.0823	257	1.26	1.12	13.57	6	1.42	1	2.84	9.99	13.57	7.63	399.18	390.98	4.545	6.055	26.61	35.45	499.6	1699	11	72.08	9.76	0.172	0.7	-0.22	2.74	1.00	0.00	0.16	111115
11	"13:18:20"	20180317	76	0	6.35	0.0823	256	1.27	1.12	13.58	6	1.42	1	2.84	9.98	13.58	7.63	399.15	390.92	4.545	6.055	26.61	35.45	499.6	1699	11	72.08	9.76	0.172	0.7	-0.22	2.74	1.00	0.00	0.16	111115
12	"13:18:21"	20180317	76	0	6.37	0.0823	256	1.27	1.12	13.58	6	1.42	1	2.84	9.98	13.58	7.63	399.13	390.88	4.545	6.056	26.61	35.45	499.6	1699	11	72.08	9.76	0.172	0.7	-0.22	2.74	1.00	0.00	0.16	111115
13	"13:18:22"	20180317	76	0	6.5	0.0819	253	1.26	1.13	13.60	6	1.42	1	2.84	9.98	13.60	7.63	399.18	390.78	4.546	6.053	26.62	35.44	499.6	1699	11	72.08	9.76	0.172	0.7	-0.22	2.74	1.00	0.00	0.16	111115
14	"13:18:22"	20180317	76	0	6.55	0.0817	251	1.26	1.13	13.61	6	1.42	1	2.84	9.98	13.61	7.63	399.14	390.68	4.546	6.050	26.61	35.42	499.6	1699	11	72.08	9.76	0.172	0.7	-0.22	2.74	1.00	0.00	0.16	111115
15	"13:18:23"	20180317	76	0	6.53	0.0818	252	1.26	1.13	13.60	6	1.42	1	2.84	9.98	13.60	7.63	399.10	390.67	4.545	6.051	26.61	35.43	499.6	1699	11	72.08	9.76	0.172	0.7	-0.22	2.74	1.00	0.00	0.16	111115
"13:18:43 Coolers: Tblock -> 12.50 C"
"13:22:58 Flow: Fixed -> 500 umol/s"
16	"13:23:17"	20180317	76	0	6.38	0.0838	256	1.48	1.29	16.25	6	1.42	1	2.84	13.98	16.25	12.55	399.15	390.79	6.140	7.898	27.62	35.52	499.6	1700	14	72.08	9.76	0.172	0.7	-0.22	2.74	1.00	0.00	0.16	111115
17	"13:23:17"	20180317	76	0	6.32	0.0839	258	1.48	1.28	16.25	6	1.42	1	2.84	13.98	16.25	12.55	399.07	390.78	6.139	7.900	27.61	35.53	499.6	1700	14	72.08	9.76	0.172	0.7	-0.22	2.74	1.00	0.00	0.16	111115
18	"13:23:18"	20180317	76	0	6.35	0.0841	257	1.48	1.28	16.24	6	1.42	1	2.84	13.98	16.24	12.55	399.02	390.70	6.139	7.900	27.61	35.53	499.6	1700	14	72.08	9.76	0.172	0.7	-0.22	2.74	1.00	0.00	0.16	111115
19	"13:23:19"	20180317	76	0	6.46	0.0842	255	1.48	1.28	16.24	6	1.42	1	2.84	13.98	16.24	12.55	398.96	390.51	6.138	7.902	27.60	35.54	499.6	1700	13	72.08	9.76	0.172	0.7	-0.22	2.74	1.00	0.00	0.16	111115
20	"13:23:19"	20180317	76	0	6.49	0.0842	255	1.48	1.28	16.24	6	1.42	1	2.84	13.99	16.24	12.55	398.96	390.47	6.138	7.903	27.60	35.54	499.6	1700	13	72.08	9.76	0.172	0.7	-0.22	2.74	1.00	0.00	0.16	111115
21	"13:23:20"	20180317	76	0	6.5	0.0843	255	1.48	1.28	16.25	6	1.42	1	2.84	13.99	16.25	12.55	398.96	390.46	6.137	7.904	27.60	35.54	499.5	1700	13	72.08	9.76	0.172	0.7	-0.22	2.74	1.00	0.00	0.16	111115
22	"13:23:20"	20180317	76	0	6.55	0.0842	253	1.48	1.28	16.25	6	1.42	1	2.84	13.99	16.25	12.55	398.98	390.42	6.137	7.903	27.60	35.54	499.6	1700	13	72.08	9.76	0.172	0.7	-0.22	2.74	1.00	0.00	0.16	111115
23	"13:23:21"	20180317	76	0	6.61	0.0843	252	1.48	1.28	16.25	6	1.42	1	2.84	13.99	16.25	12.55	399.00	390.36	6.137	7.903	27.59	35.54	499.6	1700	13	72.08	9.76	0.172	0.7	-0.22	2.74	1.00	0.00	0.16	111115
24	"13:23:21"	20180317	76	0	6.65	0.0842	252	1.48	1.28	16.25	6	1.42	1	2.84	13.99	16.25	12.55	399.01	390.32	6.137	7.904	27.60	35.54	499.5	1700	13	72.08	9.76	0.172	0.7	-0.22	2.74	1.00	0.00	0.16	111115
25	"13:23:22"	20180317	76	0	6.68	0.0841	251	1.48	1.29	16.26	6	1.42	1	2.84	13.99	16.26	12.55	399.03	390.32	6.138	7.902	27.60	35.53	499.6	1700	13	72.08	9.76	0.172	0.7	-0.22	2.74	1.00	0.00	0.16	111115
26	"13:23:22"	20180317	76	0	6.69	0.084	250	1.48	1.28	16.25	6	1.42	1	2.84	13.99	16.25	12.54	399.04	390.31	6.139	7.902	27.60	35.53	499.5	1700	13	72.08	9.76	0.172	0.7	-0.22	2.74	1.00	0.00	0.16	111115
27	"13:23:23"	20180317	76	0	6.66	0.0839	251	1.48	1.28	16.25	6	1.42	1	2.84	13.99	16.25	12.54	399.01	390.32	6.139	7.899	27.60	35.52	499.6	1700	13	72.08	9.76	0.172	0.7	-0.22	2.74	1.00	0.00	0.16	111115
28	"13:23:24"	20180317	76	0	6.66	0.0838	251	1.48	1.28	16.25	6	1.42	1	2.84	13.99	16.25	12.54	398.97	390.29	6.140	7.898	27.60	35.51	499.5	1700	13	72.08	9.76	0.172	0.7	-0.22	2.74	1.00	0.00	0.16	111115
29	"13:23:24"	20180317	76	0	6.72	0.0837	249	1.47	1.29	16.25	6	1.42	1	2.84	13.99	16.25	12.54	398.98	390.22	6.140	7.896	27.60	35.50	499.6	1700	13	72.08	9.76	0.172	0.7	-0.22	2.74	1.00	0.00	0.16	111115
30	"13:23:25"	20180317	76	0	6.77	0.0836	248	1.47	1.29	16.26	6	1.42	1	2.84	13.99	16.26	12.54	399.00	390.17	6.140	7.897	27.60	35.51	499.6	1700	13	72.08	9.76	0.172	0.7	-0.22	2.74	1.00	0.00	0.16	111115
"13:23:42 Coolers: Tblock -> 17.50 C"
"13:32:17 Flow: Fixed -> 500 umol/s"
31	"13:32:35"	20180317	76	0	5.82	0.0743	252	1.58	1.54	19.68	6	1.42	1	2.84	18.33	19.68	17.55	399.47	391.74	8.725	10.600	29.74	36.13	499.6	1700	15	72.07	10.7	0.17	1.0	-0.22	2.74	1.00	0.00	0.16	111115
32	"13:32:36"	20180317	76	0	5.8	0.0742	253	1.58	1.54	19.69	6	1.42	1	2.84	18.33	19.69	17.55	399.38	391.68	8.726	10.600	29.75	36.13	499.6	1700	15	72.07	10.7	0.17	1.0	-0.22	2.74	1.00	0.00	0.16	111115
33	"13:32:36"	20180317	76	0	5.79	0.0741	253	1.57	1.54	19.69	6	1.42	1	2.84	18.33	19.69	17.55	399.30	391.60	8.726	10.598	29.75	36.13	499.5	1700	15	72.07	10.7	0.17	1.0	-0.22	2.74	1.00	0.00	0.16	111115
34	"13:32:37"	20180317	76	0	5.78	0.0741	253	1.57	1.54	19.68	6	1.42	1	2.84	18.32	19.68	17.55	399.24	391.55	8.725	10.597	29.75	36.12	499.5	1700	15	72.07	10.7	0.17	1.0	-0.22	2.74	1.00	0.00	0.16	111115
35	"13:32:37"	20180317	76	0	5.81	0.0741	252	1.57	1.54	19.67	6	1.42	1	2.84	18.33	19.67	17.55	399.22	391.50	8.726	10.595	29.75	36.12	499.5	1700	15	72.07	10.7	0.17	1.0	-0.22	2.74	1.00	0.00	0.16	111115
36	"13:32:38"	20180317	76	0	5.85	0.074	251	1.57	1.54	19.68	6	1.42	1	2.84	18.33	19.68	17.55	399.21	391.44	8.726	10.594	29.75	36.11	499.5	1700	15	72.06	10.7	0.17	1.0	-0.22	2.74	1.00	0.00	0.16	111115
37	"13:32:38"	20180317	76	0	5.91	0.0741	250	1.57	1.54	19.67	6	1.42	1	2.84	18.33	19.67	17.55	399.23	391.38	8.726	10.595	29.75	36.12	499.5	1700	15	72.06	10.7	0.17	0.7	-0.22	2.74	1.00	0.00	0.16	111115
38	"13:32:39"	20180317	76	0	5.87	0.0742	251	1.57	1.54	19.67	6	1.42	1	2.84	18.33	19.67	17.55	399.16	391.37	8.727	10.597	29.75	36.12	499.5	1700	15	72.06	10.7	0.17	0.7	-0.22	2.74	1.00	0.00	0.16	111115
39	"13:32:40"	20180317	76	0	5.92	0.0742	250	1.57	1.54	19.67	6	1.42	1	2.84	18.33	19.67	17.55	399.14	391.29	8.727	10.597	29.75	36.12	499.5	1700	15	72.06	10.7	0.17	0.7	-0.22	2.74	1.00	0.00	0.16	111115
40	"13:32:40"	20180317	76	0	5.95	0.0741	249	1.57	1.54	19.67	6	1.42	1	2.84	18.33	19.67	17.55	399.14	391.26	8.726	10.596	29.74	36.12	499.5	1700	15	72.06	10.7	0.17	0.7	-0.22	2.74	1.00	0.00	0.16	111115
41	"13:32:41"	20180317	76	0	6	0.0742	248	1.58	1.54	19.67	6	1.42	1	2.84	18.33	19.67	17.55	399.17	391.22	8.726	10.598	29.74	36.12	499.5	1700	15	72.06	10.7	0.17	0.7	-0.22	2.74	1.00	0.00	0.16	111115
42	"13:32:41"	20180317	76	0	5.97	0.0741	248	1.57	1.54	19.68	6	1.42	1	2.84	18.33	19.68	17.55	399.16	391.25	8.727	10.596	29.74	36.12	499.5	1700	15	72.06	10.7	0.17	0.7	-0.22	2.74	1.00	0.00	0.16	111115
43	"13:32:42"	20180317	76	0	5.99	0.074	248	1.57	1.54	19.68	6	1.42	1	2.84	18.33	19.68	17.55	399.16	391.24	8.727	10.596	29.74	36.11	499.5	1699	15	72.06	10.7	0.17	0.7	-0.22	2.74	1.00	0.00	0.16	111115
44	"13:32:42"	20180317	76	0	6.04	0.074	247	1.57	1.54	19.68	6	1.42	1	2.84	18.33	19.68	17.55	399.19	391.20	8.727	10.595	29.75	36.11	499.5	1699	15	72.06	10.7	0.17	0.7	-0.22	2.74	1.00	0.00	0.16	111115
45	"13:32:43"	20180317	76	0	6.07	0.0739	246	1.57	1.54	19.69	6	1.42	1	2.84	18.33	19.69	17.55	399.20	391.18	8.727	10.593	29.74	36.11	499.5	1699	15	72.06	10.7	0.17	0.7	-0.22	2.74	1.00	0.00	0.16	111115
"13:33:01 Coolers: Tblock -> 22.50 C"
"13:35:26 Flow: Fixed -> 500 umol/s"
46	"13:36:19"	20180317	76	0	5.83	0.0679	239	1.69	1.79	22.48	6	1.42	1	2.84	22.41	22.48	22.55	400.08	392.28	11.069	13.073	29.32	34.62	499.5	1699	15	72.06	10.7	0.17	1.0	-0.22	2.74	1.00	0.00	0.16	111115
47	"13:36:20"	20180317	76	0	5.85	0.0679	239	1.69	1.79	22.48	6	1.42	1	2.84	22.41	22.48	22.55	400.09	392.26	11.069	13.073	29.31	34.62	499.6	1699	15	72.06	10.7	0.17	1.0	-0.22	2.74	1.00	0.00	0.16	111115
48	"13:36:21"	20180317	76	0	5.83	0.0679	239	1.69	1.79	22.48	6	1.42	1	2.84	22.41	22.48	22.55	400.07	392.28	11.069	13.074	29.31	34.62	499.5	1699	15	72.06	10.7	0.17	1.0	-0.22	2.74	1.00	0.00	0.16	111115
49	"13:36:21"	20180317	76	0	5.86	0.0679	239	1.69	1.79	22.48	6	1.42	1	2.84	22.42	22.48	22.55	400.10	392.26	11.069	13.074	29.31	34.62	499.5	1699	15	72.06	10.7	0.17	1.0	-0.22	2.74	1.00	0.00	0.16	111115
50	"13:36:22"	20180317	76	0	5.81	0.068	240	1.69	1.79	22.48	6	1.42	1	2.84	22.42	22.48	22.55	400.07	392.30	11.069	13.075	29.31	34.62	499.5	1699	15	72.06	10.7	0.17	1.0	-0.22	2.74	1.00	0.00	0.16	111115
51	"13:36:22"	20180317	76	0	5.81	0.068	240	1.69	1.79	22.48	6	1.42	1	2.84	22.42	22.48	22.55	400.07	392.30	11.069	13.075	29.31	34.62	499.5	1699	15	72.06	10.7	0.17	1.0	-0.22	2.74	1.00	0.00	0.16	111115
52	"13:36:23"	20180317	76	0	5.75	0.0679	241	1.69	1.79	22.49	6	1.42	1	2.84	22.42	22.49	22.55	400.01	392.30	11.069	13.075	29.30	34.61	499.5	1699	15	72.06	10.7	0.17	1.0	-0.22	2.74	1.00	0.00	0.16	111115
53	"13:36:23"	20180317	76	0	5.77	0.0679	240	1.69	1.79	22.49	6	1.42	1	2.84	22.42	22.49	22.55	400.00	392.27	11.069	13.075	29.30	34.61	499.5	1699	15	72.06	10.7	0.17	1.0	-0.22	2.74	1.00	0.00	0.16	111115
54	"13:36:24"	20180317	76	0	5.75	0.0678	241	1.69	1.79	22.50	6	1.42	1	2.84	22.42	22.50	22.55	399.99	392.28	11.071	13.074	29.30	34.60	499.5	1699	15	72.06	10.7	0.17	1.0	-0.22	2.74	1.00	0.00	0.16	111115
55	"13:36:24"	20180317	76	0	5.76	0.0676	240	1.69	1.79	22.50	6	1.42	1	2.84	22.43	22.50	22.55	399.99	392.27	11.071	13.072	29.30	34.59	499.5	1699	15	72.06	10.7	0.17	1.0	-0.22	2.74	1.00	0.00	0.16	111115
56	"13:36:25"	20180317	76	0	5.83	0.0676	238	1.69	1.79	22.51	6	1.42	1	2.84	22.43	22.51	22.55	400.01	392.21	11.072	13.072	29.30	34.59	499.5	1699	15	72.06	10.7	0.17	1.0	-0.22	2.74	1.00	0.00	0.16	111115
57	"13:36:26"	20180317	76	0	5.81	0.0674	239	1.69	1.8	22.52	6	1.42	1	2.84	22.43	22.52	22.55	399.99	392.22	11.074	13.072	29.30	34.59	499.6	1699	15	72.06	10.7	0.17	1.0	-0.22	2.74	1.00	0.00	0.16	111115
58	"13:36:27"	20180317	76	0	5.9	0.0675	237	1.69	1.8	22.53	6	1.42	1	2.84	22.43	22.53	22.55	400.09	392.20	11.077	13.078	29.30	34.59	499.6	1699	15	72.06	10.7	0.17	1.0	-0.22	2.74	1.00	0.00	0.16	111115
59	"13:36:27"	20180317	76	0	5.97	0.0675	235	1.69	1.8	22.55	6	1.42	1	2.84	22.44	22.55	22.55	400.17	392.21	11.077	13.082	29.30	34.60	499.6	1699	15	72.06	10.7	0.17	1.0	-0.22	2.74	1.00	0.00	0.16	111115
60	"13:36:28"	20180317	76	0	5.97	0.0675	235	1.69	1.8	22.56	6	1.42	1	2.84	22.44	22.56	22.55	400.23	392.27	11.078	13.082	29.29	34.59	499.6	1699	15	72.06	10.7	0.17	1.0	-0.22	2.74	1.00	0.00	0.16	111115
"13:36:53 Coolers: Tblock -> 27.50 C"
"13:39:41 Flow: Fixed -> 500 umol/s"
61	"13:39:55"	20180317	76	0	4.9	0.0523	226	1.55	2.11	25.71	6	1.42	1	2.84	26.68	25.71	27.54	400.02	393.40	14.985	16.816	30.75	34.50	499.5	1699	15	72.06	11.4	0.0936	1.0	-0.22	2.74	1.00	0.00	0.16	111115
62	"13:39:55"	20180317	76	0	4.89	0.0523	226	1.55	2.11	25.72	6	1.42	1	2.84	26.68	25.72	27.54	400.02	393.41	14.985	16.814	30.74	34.49	499.5	1699	15	72.06	11.4	0.0936	1.0	-0.22	2.74	1.00	0.00	0.16	111115
63	"13:39:56"	20180317	76	0	4.87	0.0524	227	1.55	2.11	25.72	6	1.42	1	2.84	26.68	25.72	27.54	399.97	393.39	14.986	16.819	30.74	34.50	499.5	1699	15	72.06	11.4	0.0936	1.0	-0.22	2.74	1.00	0.00	0.16	111115
64	"13:39:57"	20180317	76	0	4.77	0.0523	230	1.55	2.11	25.73	6	1.42	1	2.84	26.69	25.73	27.54	399.90	393.44	14.987	16.817	30.74	34.49	499.5	1699	15	72.06	11.4	0.0936	1.0	-0.22	2.74	1.00	0.00	0.16	111115
65	"13:39:57"	20180317	76	0	4.69	0.0523	232	1.55	2.11	25.73	6	1.42	1	2.84	26.69	25.73	27.54	399.81	393.44	14.988	16.819	30.73	34.49	499.5	1699	15	72.06	11.4	0.0936	1.0	-0.22	2.74	1.00	0.00	0.16	111115
66	"13:39:58"	20180317	76	0	4.7	0.0522	232	1.55	2.11	25.73	6	1.42	1	2.84	26.69	25.73	27.54	399.74	393.36	14.988	16.818	30.73	34.48	499.6	1699	15	72.06	11.4	0.0936	1.0	-0.22	2.74	1.00	0.00	0.16	111115
67	"13:39:58"	20180317	76	0	4.68	0.0522	232	1.55	2.11	25.74	6	1.42	1	2.84	26.69	25.74	27.54	399.64	393.29	14.988	16.817	30.73	34.48	499.5	1699	15	72.06	11.4	0.0936	1.0	-0.22	2.74	1.00	0.00	0.16	111115
68	"13:39:59"	20180317	76	0	4.58	0.0521	235	1.55	2.11	25.74	6	1.42	1	2.84	26.69	25.74	27.54	399.50	393.27	14.989	16.815	30.72	34.47	499.6	1699	15	72.06	11.4	0.0936	1.0	-0.22	2.74	1.00	0.00	0.16	111115
69	"13:39:59"	20180317	76	0	4.59	0.052	234	1.54	2.11	25.74	6	1.42	1	2.84	26.70	25.74	27.54	399.41	393.17	14.991	16.815	30.72	34.46	499.6	1699	15	72.06	11.4	0.0936	1.0	-0.22	2.74	1.00	0.00	0.16	111115
70	"13:40:00"	20180317	76	0	4.63	0.052	233	1.55	2.11	25.75	6	1.42	1	2.84	26.70	25.75	27.54	399.35	393.06	14.991	16.819	30.72	34.47	499.6	1699	15	72.06	11.4	0.0936	1.0	-0.22	2.74	1.00	0.00	0.16	111115
71	"13:40:00"	20180317	76	0	4.61	0.0519	233	1.54	2.11	25.76	6	1.42	1	2.84	26.70	25.76	27.54	399.32	393.05	14.991	16.814	30.72	34.45	499.6	1699	15	72.06	11.4	0.0936	1.0	-0.22	2.74	1.00	0.00	0.16	111115
72	"13:40:01"	20180317	76	0	4.7	0.0519	231	1.54	2.12	25.76	6	1.42	1	2.84	26.70	25.76	27.54	399.29	392.92	14.992	16.814	30.72	34.45	499.5	1699	15	72.06	11.4	0.0936	1.0	-0.22	2.74	1.00	0.00	0.16	111115
73	"13:40:01"	20180317	76	0	4.78	0.0518	228	1.54	2.12	25.77	6	1.42	1	2.84	26.71	25.77	27.54	399.31	392.83	14.992	16.814	30.71	34.44	499.5	1699	15	72.06	11.4	0.0936	1.0	-0.22	2.74	1.00	0.00	0.16	111115
74	"13:40:02"	20180317	76	0	4.75	0.0519	229	1.55	2.12	25.77	6	1.42	1	2.84	26.71	25.77	27.54	399.28	392.84	14.991	16.816	30.71	34.44	499.6	1699	15	72.06	11.4	0.0936	0.7	-0.22	2.74	1.00	0.00	0.16	111115
75	"13:40:03"	20180317	76	0	4.79	0.0518	228	1.54	2.12	25.78	6	1.42	1	2.84	26.71	25.78	27.54	399.28	392.80	14.991	16.815	30.70	34.44	499.6	1699	15	72.06	11.4	0.0936	0.7	-0.22	2.74	1.00	0.00	0.16	111115
"13:40:21 Coolers: Tblock -> 32.50 C"
"13:46:52 Flow: Fixed -> 500 umol/s"
"13:47:39 Flow: Fixed -> 300 umol/s"
"13:48:40 Flow: Fixed -> 300 umol/s"
76	"13:48:58"	20180317	76	0	2.15	0.0264	242	1.08	2.85	31.22	6	1.42	1	2.84	31.83	31.22	32.53	399.65	394.50	21.689	23.808	33.04	36.26	299.9	1699	13	72.06	13.4	0.0533	1.0	-0.22	2.74	1.00	0.00	0.16	111115
77	"13:48:59"	20180317	76	0	2.22	0.0264	238	1.08	2.85	31.23	6	1.42	1	2.84	31.84	31.23	32.53	399.68	394.38	21.691	23.806	33.04	36.26	299.9	1699	13	72.06	13.4	0.0533	1.0	-0.22	2.74	1.00	0.00	0.16	111115
78	"13:48:59"	20180317	76	0	2.26	0.0265	236	1.09	2.85	31.23	6	1.42	1	2.84	31.84	31.23	32.53	399.69	394.32	21.690	23.811	33.04	36.27	299.9	1699	13	72.06	13.4	0.0533	1.0	-0.22	2.74	1.00	0.00	0.16	111115
79	"13:49:00"	20180317	76	0	2.25	0.0264	236	1.08	2.85	31.23	6	1.42	1	2.84	31.84	31.23	32.53	399.67	394.32	21.691	23.809	33.04	36.26	299.9	1699	13	72.06	13.4	0.0533	1.0	-0.22	2.74	1.00	0.00	0.16	111115
80	"13:49:00"	20180317	76	0	2.27	0.0264	235	1.08	2.85	31.23	6	1.42	1	2.84	31.84	31.23	32.53	399.67	394.28	21.693	23.811	33.04	36.27	299.9	1699	13	72.06	13.4	0.0533	1.0	-0.22	2.74	1.00	0.00	0.16	111115
81	"13:49:01"	20180317	76	0	2.27	0.0264	235	1.08	2.85	31.23	6	1.42	1	2.84	31.84	31.23	32.53	399.67	394.28	21.693	23.811	33.04	36.27	299.9	1699	13	72.06	13.4	0.0533	1.0	-0.22	2.74	1.00	0.00	0.16	111115
82	"13:49:01"	20180317	76	0	2.26	0.0264	236	1.08	2.85	31.23	6	1.42	1	2.84	31.84	31.23	32.53	399.64	394.27	21.694	23.811	33.04	36.26	299.9	1699	13	72.06	13.4	0.0533	0.7	-0.22	2.74	1.00	0.00	0.16	111115
83	"13:49:02"	20180317	76	0	2.28	0.0264	234	1.08	2.85	31.22	6	1.42	1	2.84	31.84	31.22	32.53	399.66	394.24	21.695	23.812	33.04	36.26	299.9	1699	13	72.06	13.4	0.0533	0.7	-0.22	2.74	1.00	0.00	0.16	111115
84	"13:49:02"	20180317	76	0	2.22	0.0264	238	1.08	2.85	31.22	6	1.42	1	2.84	31.84	31.22	32.53	399.59	394.29	21.695	23.810	33.04	36.26	299.9	1699	13	72.06	13.4	0.0533	0.7	-0.22	2.74	1.00	0.00	0.16	111115
85	"13:49:03"	20180317	76	0	2.18	0.0264	240	1.08	2.85	31.22	6	1.42	1	2.84	31.84	31.22	32.53	399.53	394.31	21.697	23.813	33.04	36.26	299.9	1699	13	72.06	13.4	0.0533	0.7	-0.22	2.74	1.00	0.00	0.16	111115
86	"13:49:03"	20180317	76	0	2.16	0.0264	242	1.08	2.85	31.22	6	1.42	1	2.84	31.84	31.22	32.53	399.50	394.32	21.697	23.814	33.04	36.26	299.9	1699	13	72.06	13.4	0.0533	0.7	-0.22	2.74	1.00	0.00	0.16	111115
87	"13:49:04"	20180317	76	0	2.15	0.0264	242	1.08	2.85	31.22	6	1.42	1	2.84	31.84	31.22	32.53	399.50	394.35	21.698	23.815	33.04	36.26	299.9	1699	13	72.06	13.4	0.0533	0.7	-0.22	2.74	1.00	0.00	0.16	111115
88	"13:49:05"	20180317	76	0	2.17	0.0264	241	1.08	2.85	31.22	6	1.42	1	2.84	31.84	31.22	32.53	399.52	394.33	21.699	23.815	33.04	36.26	299.9	1699	13	72.06	13.4	0.0533	0.7	-0.22	2.74	1.00	0.00	0.16	111115
89	"13:49:05"	20180317	76	0	2.15	0.0264	242	1.08	2.85	31.22	6	1.42	1	2.84	31.84	31.22	32.53	399.50	394.35	21.699	23.815	33.04	36.26	299.9	1699	13	72.06	13.4	0.0533	0.7	-0.22	2.74	1.00	0.00	0.16	111115
90	"13:49:06"	20180317	76	0	2.17	0.0265	241	1.09	2.85	31.23	6	1.42	1	2.84	31.84	31.23	32.53	399.52	394.33	21.698	23.819	33.04	36.27	299.9	1699	13	72.06	13.4	0.0533	0.7	-0.22	2.74	1.00	0.00	0.16	111115
91	"13:49:06"	20180317	76	0	2.16	0.0265	242	1.09	2.85	31.23	6	1.42	1	2.84	31.84	31.23	32.53	399.51	394.33	21.699	23.821	33.04	36.27	299.9	1699	13	72.06	13.4	0.0533	0.7	-0.22	2.74	1.00	0.00	0.16	111115
"13:49:17 Coolers: Tblock -> 37.50 C"
"13:52:20 Flow: Fixed -> 300 umol/s"
92	"13:52:40"	20180317	76	0	2.01	0.0248	239	1.21	3.35	34.44	6	1.42	1	2.84	36.25	34.44	37.56	399.70	394.72	27.126	29.472	32.29	35.09	299.9	1699	13	72.06	14.3	-0.0767	1.0	-0.22	2.74	1.00	0.00	0.16	111115
93	"13:52:40"	20180317	76	0	1.97	0.0249	242	1.21	3.35	34.45	6	1.42	1	2.84	36.26	34.45	37.56	399.63	394.74	27.125	29.478	32.29	35.09	299.9	1699	13	72.06	14.3	-0.0767	0.7	-0.22	2.74	1.00	0.00	0.16	111115
94	"13:52:40"	20180317	76	0	1.97	0.0249	242	1.21	3.35	34.45	6	1.42	1	2.84	36.26	34.45	37.56	399.63	394.74	27.125	29.478	32.29	35.09	299.9	1699	13	72.06	14.3	-0.0767	0.7	-0.22	2.74	1.00	0.00	0.16	111115
95	"13:52:41"	20180317	76	0	1.97	0.0249	242	1.21	3.36	34.45	6	1.42	1	2.84	36.26	34.45	37.56	399.61	394.70	27.127	29.481	32.29	35.09	299.9	1699	13	72.06	14.3	-0.0767	0.7	-0.22	2.74	1.00	0.00	0.16	111115
96	"13:52:42"	20180317	76	0	1.99	0.0249	241	1.21	3.36	34.45	6	1.42	1	2.84	36.26	34.45	37.56	399.61	394.68	27.128	29.485	32.29	35.09	299.9	1699	13	72.06	14.3	-0.0767	0.7	-0.22	2.74	1.00	0.00	0.16	111115
97	"13:52:42"	20180317	76	0	2.01	0.0249	239	1.21	3.36	34.45	6	1.42	1	2.84	36.26	34.45	37.56	399.62	394.63	27.127	29.484	32.28	35.09	299.9	1699	13	72.06	14.3	-0.0767	0.7	-0.22	2.74	1.00	0.00	0.16	111115
98	"13:52:43"	20180317	76	0	2.04	0.0249	238	1.22	3.35	34.45	6	1.42	1	2.84	36.26	34.45	37.56	399.64	394.59	27.128	29.489	32.28	35.09	299.9	1699	13	72.06	14.3	-0.0767	0.7	-0.22	2.74	1.00	0.00	0.16	111115
99	"13:52:43"	20180317	76	0	2.03	0.025	238	1.22	3.35	34.45	6	1.42	1	2.84	36.26	34.45	37.56	399.63	394.60	27.128	29.489	32.28	35.09	299.9	1698	13	72.06	14.3	-0.0767	0.7	-0.22	2.74	1.00	0.00	0.16	111115
100	"13:52:44"	20180317	76	0	2.05	0.025	237	1.22	3.35	34.45	6	1.42	1	2.84	36.27	34.45	37.56	399.64	394.57	27.130	29.491	32.28	35.09	299.9	1699	13	72.06	14.3	-0.0767	0.7	-0.22	2.74	1.00	0.00	0.16	111115
101	"13:52:44"	20180317	76	0	2.06	0.025	237	1.22	3.36	34.46	6	1.42	1	2.84	36.27	34.46	37.56	399.63	394.55	27.131	29.495	32.28	35.09	299.9	1699	13	72.06	14.3	-0.0767	0.7	-0.22	2.74	1.00	0.00	0.16	111115
102	"13:52:45"	20180317	76	0	2.09	0.025	235	1.22	3.36	34.46	6	1.42	1	2.84	36.27	34.46	37.56	399.68	394.54	27.134	29.498	32.27	35.09	299.9	1699	13	72.05	14.3	-0.0767	0.7	-0.22	2.74	1.00	0.00	0.16	111115
103	"13:52:45"	20180317	76	0	2.17	0.0249	229	1.22	3.36	34.46	6	1.42	1	2.84	36.27	34.46	37.57	399.80	394.49	27.135	29.497	32.27	35.08	299.9	1698	13	72.06	14.3	-0.0767	0.7	-0.22	2.74	1.00	0.00	0.16	111115
104	"13:52:46"	20180317	76	0	2.17	0.025	230	1.22	3.36	34.46	6	1.42	1	2.84	36.27	34.46	37.57	399.79	394.48	27.137	29.499	32.27	35.08	299.9	1698	13	72.06	14.3	-0.0767	0.7	-0.22	2.74	1.00	0.00	0.16	111115
105	"13:52:47"	20180317	76	0	2.17	0.025	230	1.22	3.36	34.47	6	1.42	1	2.84	36.27	34.47	37.57	399.78	394.48	27.137	29.501	32.27	35.08	299.9	1699	13	72.06	14.3	-0.0767	0.7	-0.22	2.74	1.00	0.00	0.16	111115
106	"13:52:47"	20180317	76	0	2.22	0.025	227	1.22	3.36	34.48	6	1.42	1	2.84	36.28	34.48	37.57	399.82	394.41	27.139	29.504	32.27	35.08	299.9	1699	13	72.06	14.3	-0.0767	0.7	-0.22	2.74	1.00	0.00	0.16	111115
"13:53:01 Coolers: Tblock -> 42.00 C"
"13:55:24 Flow: Fixed -> 300 umol/s"
107	"13:55:44"	20180317	76	0	1.76	0.0252	251	1.54	4.17	37.15	6	1.42	1	2.84	40.18	37.15	42.05	399.72	395.00	27.377	30.360	26.36	29.23	299.9	1699	10	72.05	15.7	-0.113	1.0	-0.22	2.74	1.00	0.00	0.16	111115
108	"13:55:44"	20180317	76	0	1.74	0.0252	252	1.54	4.17	37.16	6	1.42	1	2.84	40.18	37.16	42.05	399.67	394.98	27.380	30.363	26.36	29.23	299.9	1699	10	72.05	15.7	-0.113	1.0	-0.22	2.74	1.00	0.00	0.16	111115
109	"13:55:45"	20180317	76	0	1.74	0.0252	252	1.54	4.17	37.16	6	1.42	1	2.84	40.18	37.16	42.05	399.67	394.98	27.380	30.363	26.36	29.23	299.9	1699	10	72.05	15.7	-0.113	1.0	-0.22	2.74	1.00	0.00	0.16	111115
110	"13:55:45"	20180317	76	0	1.72	0.0252	253	1.54	4.17	37.17	6	1.42	1	2.84	40.18	37.17	42.05	399.62	394.96	27.380	30.364	26.35	29.23	299.9	1699	10	72.05	15.7	-0.113	1.0	-0.22	2.74	1.00	0.00	0.16	111115
111	"13:55:46"	20180317	76	0	1.74	0.0252	252	1.54	4.18	37.18	6	1.42	1	2.84	40.18	37.18	42.05	399.62	394.93	27.380	30.367	26.35	29.23	299.9	1699	10	72.05	15.7	-0.113	1.0	-0.22	2.74	1.00	0.00	0.16	111115
112	"13:55:46"	20180317	76	0	1.73	0.0252	253	1.54	4.18	37.18	6	1.42	1	2.84	40.18	37.18	42.05	399.61	394.94	27.381	30.371	26.35	29.23	299.9	1699	10	72.05	15.7	-0.113	1.0	-0.22	2.74	1.00	0.00	0.16	111115
113	"13:55:47"	20180317	76	0	1.74	0.0252	252	1.54	4.18	37.19	6	1.42	1	2.84	40.19	37.19	42.05	399.63	394.93	27.381	30.371	26.35	29.22	299.9	1699	10	72.05	15.7	-0.113	1.0	-0.22	2.74	1.00	0.00	0.16	111115
114	"13:55:47"	20180317	76	0	1.81	0.0251	247	1.54	4.18	37.19	6	1.42	1	2.84	40.19	37.19	42.05	399.66	394.82	27.383	30.366	26.35	29.22	299.9	1699	10	72.05	15.7	-0.113	1.0	-0.22	2.74	1.00	0.00	0.16	111115
115	"13:55:48"	20180317	76	0	1.81	0.0251	247	1.54	4.18	37.19	6	1.42	1	2.84	40.19	37.19	42.05	399.65	394.81	27.384	30.366	26.34	29.21	299.9	1699	10	72.05	15.7	-0.113	1.0	-0.22	2.74	1.00	0.00	0.16	111115
116	"13:55:48"	20180317	76	0	1.85	0.0251	245	1.54	4.18	37.19	6	1.42	1	2.84	40.19	37.19	42.05	399.71	394.80	27.384	30.367	26.34	29.21	299.9	1699	10	72.05	15.7	-0.113	1.0	-0.22	2.74	1.00	0.00	0.16	111115
117	"13:55:49"	20180317	76	0	1.88	0.0251	243	1.54	4.18	37.19	6	1.42	1	2.84	40.19	37.19	42.05	399.76	394.79	27.385	30.368	26.34	29.21	299.9	1699	10	72.05	15.7	-0.113	1.0	-0.22	2.74	1.00	0.00	0.16	111115
118	"13:55:50"	20180317	76	0	1.93	0.0251	239	1.54	4.18	37.19	6	1.42	1	2.84	40.20	37.19	42.05	399.81	394.73	27.387	30.369	26.34	29.21	299.9	1699	10	72.05	15.7	-0.113	1.0	-0.22	2.74	1.00	0.00	0.16	111115
119	"13:55:50"	20180317	76	0	1.97	0.0251	237	1.54	4.18	37.19	6	1.42	1	2.84	40.20	37.19	42.05	399.86	394.69	27.388	30.368	26.34	29.20	299.9	1699	10	72.05	15.7	-0.113	1.0	-0.22	2.74	1.00	0.00	0.16	111115
120	"13:55:51"	20180317	76	0	1.99	0.0251	236	1.54	4.19	37.20	6	1.42	1	2.84	40.20	37.20	42.05	399.87	394.68	27.389	30.367	26.34	29.20	299.9	1699	10	72.05	15.7	-0.113	0.7	-0.22	2.74	1.00	0.00	0.16	111115
121	"13:55:52"	20180317	76	0	2.04	0.0251	233	1.54	4.19	37.22	6	1.42	1	2.84	40.20	37.22	42.05	399.98	394.69	27.390	30.373	26.33	29.20	299.9	1699	10	72.05	15.7	-0.113	0.7	-0.22	2.74	1.00	0.00	0.16	111115
"13:56:17 Coolers: Tblock -> 47.50 C"
"13:56:28 Coolers: Tblock -> 42.50 C"
"13:58:07 Flow: Fixed -> 300 umol/s"
"13:58:35 Flow: Fixed -> 200 umol/s"
122	"13:59:26"	20180317	76	0	1.35	0.0239	268	1.58	4.49	38.45	6	1.42	1	2.84	41.00	38.45	42.55	399.88	393.96	27.770	32.352	25.58	29.81	199.6	1700	9	72.04	16.6	-0.0671	1.0	-0.22	2.74	1.00	0.00	0.16	111115
123	"13:59:26"	20180317	76	0	1.36	0.0239	267	1.58	4.49	38.45	6	1.42	1	2.84	41.00	38.45	42.55	399.89	393.94	27.770	32.355	25.58	29.81	199.6	1700	9	72.04	16.6	-0.0671	1.0	-0.22	2.74	1.00	0.00	0.16	111115
124	"13:59:27"	20180317	76	0	1.36	0.0239	267	1.58	4.49	38.45	6	1.42	1	2.84	41.00	38.45	42.55	399.89	393.94	27.770	32.355	25.58	29.81	199.6	1700	9	72.04	16.6	-0.0671	1.0	-0.22	2.74	1.00	0.00	0.16	111115
125	"13:59:27"	20180317	76	0	1.36	0.0239	267	1.58	4.49	38.44	6	1.42	1	2.84	41.00	38.44	42.55	399.92	393.97	27.771	32.357	25.59	29.81	199.7	1700	10	72.04	16.6	-0.0671	1.0	-0.22	2.74	1.00	0.00	0.16	111115
126	"13:59:28"	20180317	76	0	1.35	0.0239	268	1.58	4.48	38.44	6	1.42	1	2.84	41.00	38.44	42.55	399.91	393.99	27.772	32.361	25.59	29.81	199.7	1700	10	72.04	16.6	-0.0671	1.0	-0.22	2.74	1.00	0.00	0.16	111115
127	"13:59:28"	20180317	76	0	1.36	0.024	267	1.58	4.48	38.43	6	1.42	1	2.84	41.00	38.43	42.55	399.95	393.99	27.773	32.364	25.59	29.82	199.7	1700	10	72.04	16.6	-0.0671	1.0	-0.22	2.74	1.00	0.00	0.16	111115
128	"13:59:29"	20180317	76	0	1.36	0.024	268	1.58	4.48	38.44	6	1.42	1	2.84	41.00	38.44	42.55	399.99	394.05	27.773	32.364	25.59	29.82	199.7	1700	10	72.04	16.6	-0.0671	1.0	-0.22	2.74	1.00	0.00	0.16	111115
129	"13:59:29"	20180317	76	0	1.36	0.0239	267	1.58	4.49	38.44	6	1.42	1	2.84	41.00	38.44	42.55	400.03	394.07	27.774	32.362	25.59	29.82	199.7	1700	10	72.04	16.6	-0.0671	1.0	-0.22	2.74	1.00	0.00	0.16	111115
130	"13:59:30"	20180317	76	0	1.37	0.0239	267	1.58	4.49	38.44	6	1.42	1	2.84	41.00	38.44	42.55	400.04	394.05	27.775	32.364	25.59	29.82	199.7	1700	10	72.04	16.6	-0.0671	1.0	-0.22	2.74	1.00	0.00	0.16	111115
131	"13:59:30"	20180317	76	0	1.38	0.0239	266	1.58	4.49	38.44	6	1.42	1	2.84	41.00	38.44	42.55	400.07	394.05	27.776	32.361	25.59	29.81	199.7	1700	10	72.04	16.6	-0.0671	1.0	-0.22	2.74	1.00	0.00	0.16	111115
132	"13:59:31"	20180317	76	0	1.39	0.0239	265	1.58	4.49	38.44	6	1.42	1	2.84	41.00	38.44	42.55	400.07	394.03	27.777	32.360	25.59	29.81	199.7	1700	10	72.04	16.6	-0.0671	1.0	-0.22	2.74	1.00	0.00	0.16	111115
133	"13:59:32"	20180317	76	0	1.38	0.0239	266	1.58	4.49	38.45	6	1.42	1	2.84	41.00	38.45	42.55	400.05	394.03	27.778	32.363	25.59	29.82	199.7	1700	9	72.04	16.6	-0.0671	1.0	-0.22	2.74	1.00	0.00	0.16	111115
134	"13:59:32"	20180317	76	0	1.39	0.0239	265	1.58	4.49	38.46	6	1.42	1	2.84	41.00	38.46	42.55	400.08	394.03	27.778	32.365	25.59	29.82	199.7	1700	9	72.04	16.6	-0.0671	1.0	-0.22	2.74	1.00	0.00	0.16	111115
135	"13:59:33"	20180317	76	0	1.37	0.0239	266	1.58	4.49	38.46	6	1.42	1	2.84	41.00	38.46	42.55	400.04	394.05	27.777	32.365	25.59	29.82	199.7	1700	9	72.04	16.6	-0.0671	1.0	-0.22	2.74	1.00	0.00	0.16	111115
136	"13:59:33"	20180317	76	0	1.38	0.0239	266	1.58	4.49	38.46	6	1.42	1	2.84	41.00	38.46	42.55	400.05	394.02	27.778	32.371	25.59	29.82	199.7	1700	9	72.04	16.6	-0.0671	1.0	-0.22	2.74	1.00	0.00	0.16	111115
"13:59:51 Coolers: Tblock -> 47.50 C"
"14:01:40 Flow: Fixed -> 200 umol/s"
137	"14:01:57"	20180317	76	0	1.34	0.0267	273	1.98	5.02	40.06	6	1.42	1	2.84	44.94	40.06	47.56	400.02	393.66	27.871	33.617	20.90	25.20	199.7	1700	8	72.04	16.6	-0.0671	1.0	-0.22	2.74	1.00	0.00	0.16	111115
138	"14:01:57"	20180317	76	0	1.34	0.0267	273	1.98	5.02	40.06	6	1.42	1	2.84	44.94	40.06	47.56	400.02	393.66	27.871	33.617	20.90	25.20	199.7	1700	8	72.04	16.6	-0.0671	1.0	-0.22	2.74	1.00	0.00	0.16	111115
139	"14:01:58"	20180317	76	0	1.33	0.0267	274	1.98	5.02	40.07	6	1.42	1	2.84	44.94	40.07	47.56	400.00	393.67	27.874	33.619	20.90	25.20	199.7	1700	8	72.04	16.6	-0.0671	1.0	-0.22	2.74	1.00	0.00	0.16	111115
140	"14:01:58"	20180317	76	0	1.34	0.0267	273	1.98	5.02	40.07	6	1.42	1	2.84	44.94	40.07	47.56	400.03	393.66	27.875	33.620	20.89	25.20	199.7	1700	8	72.04	16.6	-0.0671	1.0	-0.22	2.74	1.00	0.00	0.16	111115
141	"14:01:59"	20180317	76	0	1.37	0.0267	271	1.98	5.02	40.07	6	1.42	1	2.84	44.95	40.07	47.56	400.09	393.64	27.876	33.626	20.89	25.20	199.7	1700	8	72.04	16.6	-0.0671	1.0	-0.22	2.74	1.00	0.00	0.16	111115
142	"14:02:00"	20180317	76	0	1.38	0.0267	270	1.98	5.02	40.07	6	1.42	1	2.84	44.95	40.07	47.56	400.12	393.62	27.876	33.628	20.89	25.20	199.7	1700	8	72.04	16.6	-0.0671	1.0	-0.22	2.74	1.00	0.00	0.16	111115
143	"14:02:00"	20180317	76	0	1.41	0.0268	269	1.98	5.02	40.07	6	1.42	1	2.84	44.95	40.07	47.56	400.16	393.59	27.876	33.637	20.89	25.20	199.7	1700	8	72.04	16.6	-0.0671	1.0	-0.22	2.74	1.00	0.00	0.16	111115
144	"14:02:01"	20180317	76	0	1.4	0.0268	270	1.99	5.02	40.08	6	1.42	1	2.84	44.95	40.08	47.56	400.15	393.60	27.876	33.640	20.88	25.20	199.7	1700	8	72.04	16.6	-0.0671	1.0	-0.22	2.74	1.00	0.00	0.16	111115
145	"14:02:01"	20180317	76	0	1.4	0.0268	270	1.99	5.02	40.08	6	1.42	1	2.84	44.96	40.08	47.56	400.15	393.59	27.877	33.647	20.88	25.20	199.7	1700	8	72.04	16.6	-0.0671	1.0	-0.22	2.74	1.00	0.00	0.16	111115
146	"14:02:02"	20180317	76	0	1.41	0.0269	269	1.99	5.02	40.08	6	1.42	1	2.84	44.96	40.08	47.57	400.16	393.56	27.877	33.659	20.87	25.20	199.7	1700	8	72.04	16.6	-0.0671	1.0	-0.22	2.74	1.00	0.00	0.16	111115
147	"14:02:03"	20180317	76	0	1.41	0.0269	269	1.99	5.02	40.09	6	1.42	1	2.84	44.97	40.09	47.57	400.14	393.55	27.878	33.667	20.87	25.21	199.7	1700	8	72.04	16.6	-0.0671	1.0	-0.22	2.74	1.00	0.00	0.16	111115
148	"14:02:03"	20180317	76	0	1.4	0.0268	270	1.99	5.03	40.10	6	1.42	1	2.84	44.97	40.10	47.57	400.13	393.57	27.878	33.666	20.87	25.20	199.7	1700	8	72.04	16.6	-0.0671	1.0	-0.22	2.74	1.00	0.00	0.16	111115
149	"14:02:04"	20180317	76	0	1.4	0.0268	269	2	5.03	40.11	6	1.42	1	2.84	44.97	40.11	47.57	400.12	393.54	27.878	33.672	20.87	25.20	199.7	1701	8	72.04	16.6	-0.0671	1.0	-0.22	2.74	1.00	0.00	0.16	111115
150	"14:02:04"	20180317	76	0	1.41	0.0268	269	2	5.04	40.14	6	1.42	1	2.84	44.98	40.14	47.56	400.10	393.50	27.879	33.678	20.86	25.20	199.7	1701	8	72.04	16.6	-0.0671	1.0	-0.22	2.74	1.00	0.00	0.16	111115
151	"14:02:05"	20180317	76	0	1.42	0.0268	269	2	5.05	40.15	6	1.42	1	2.84	44.98	40.15	47.56	400.09	393.47	27.880	33.683	20.86	25.20	199.7	1701	8	72.04	16.6	-0.0671	1.0	-0.22	2.74	1.00	0.00	0.16	111115
"14:02:17 Coolers: Tblock -> 50.00 C"
"14:04:47 Flow: Fixed -> 200 umol/s"
152	"14:05:10"	20180317	76	0	1.01	0.0315	295	2.65	5.68	42.00	6	1.42	1	2.84	47.19	42.00	49.74	400.02	393.85	27.875	35.564	18.62	23.76	199.7	1700	9	72.04	18.9	-0.299	1.0	-0.22	2.74	1.00	0.00	0.16	111115
153	"14:05:11"	20180317	76	0	1.05	0.0315	293	2.65	5.68	42.01	6	1.42	1	2.84	47.19	42.01	49.74	400.09	393.81	27.875	35.567	18.62	23.76	199.7	1700	9	72.04	18.9	-0.299	1.0	-0.22	2.74	1.00	0.00	0.16	111115
154	"14:05:11"	20180317	76	0	1.07	0.0315	292	2.66	5.69	42.01	6	1.42	1	2.84	47.19	42.01	49.73	400.12	393.74	27.874	35.575	18.62	23.77	199.7	1700	9	72.04	18.9	-0.299	1.0	-0.22	2.74	1.00	0.00	0.16	111115
155	"14:05:12"	20180317	76	0	1.08	0.0315	292	2.66	5.68	42.01	6	1.42	1	2.84	47.19	42.01	49.73	400.08	393.69	27.873	35.579	18.62	23.77	199.7	1700	9	72.04	18.9	-0.299	1.0	-0.22	2.74	1.00	0.00	0.16	111115
156	"14:05:13"	20180317	76	0	1.08	0.0315	292	2.66	5.69	42.01	6	1.42	1	2.84	47.20	42.01	49.73	400.07	393.68	27.874	35.584	18.62	23.77	199.7	1700	9	72.04	18.9	-0.299	1.0	-0.22	2.74	1.00	0.00	0.16	111115
157	"14:05:13"	20180317	76	0	1.07	0.0315	292	2.66	5.69	42.01	6	1.42	1	2.84	47.20	42.01	49.73	400.05	393.70	27.873	35.589	18.62	23.77	199.6	1700	9	72.04	18.9	-0.299	1.0	-0.22	2.74	1.00	0.00	0.16	111115
158	"14:05:14"	20180317	76	0	1.06	0.0316	293	2.66	5.69	42.02	6	1.42	1	2.84	47.20	42.02	49.73	400.05	393.71	27.874	35.592	18.62	23.77	199.6	1700	9	72.04	18.9	-0.299	1.0	-0.22	2.74	1.00	0.00	0.16	111115
159	"14:05:14"	20180317	76	0	1.04	0.0316	294	2.66	5.69	42.01	6	1.42	1	2.84	47.20	42.01	49.73	400.03	393.76	27.872	35.594	18.62	23.77	199.6	1700	9	72.04	18.9	-0.299	1.0	-0.22	2.74	1.00	0.00	0.16	111115
160	"14:05:15"	20180317	76	0	1.02	0.0316	295	2.66	5.68	42.01	6	1.42	1	2.84	47.20	42.01	49.73	399.98	393.76	27.872	35.595	18.62	23.77	199.7	1700	9	72.04	18.9	-0.299	1.0	-0.22	2.74	1.00	0.00	0.16	111115
161	"14:05:15"	20180317	76	0	1	0.0316	296	2.67	5.68	42.01	6	1.42	1	2.84	47.20	42.01	49.73	399.91	393.74	27.870	35.599	18.61	23.78	199.7	1700	9	72.04	18.9	-0.299	1.0	-0.22	2.74	1.00	0.00	0.16	111115
162	"14:05:16"	20180317	76	0	0.986	0.0316	296	2.67	5.68	42.01	6	1.42	1	2.84	47.20	42.01	49.73	399.87	393.75	27.870	35.602	18.61	23.78	199.7	1700	9	72.04	18.9	-0.299	1.0	-0.22	2.74	1.00	0.00	0.16	111115
163	"14:05:16"	20180317	76	0	0.993	0.0316	296	2.67	5.69	42.02	6	1.42	1	2.84	47.20	42.02	49.73	399.92	393.78	27.871	35.607	18.61	23.78	199.7	1700	9	72.04	18.9	-0.299	1.0	-0.22	2.74	1.00	0.00	0.16	111115
164	"14:05:17"	20180317	76	0	1.01	0.0317	295	2.67	5.68	42.01	6	1.42	1	2.84	47.20	42.01	49.73	399.96	393.75	27.870	35.615	18.61	23.78	199.7	1700	9	72.04	18.9	-0.299	1.0	-0.22	2.74	1.00	0.00	0.16	111115
165	"14:05:18"	20180317	76	0	1.02	0.0317	295	2.67	5.68	42.01	6	1.42	1	2.84	47.20	42.01	49.73	399.99	393.76	27.868	35.618	18.61	23.78	199.7	1700	9	72.04	18.9	-0.299	1.0	-0.22	2.74	1.00	0.00	0.16	111115
166	"14:05:18"	20180317	76	0	1.03	0.0317	294	2.68	5.68	42.01	6	1.42	1	2.84	47.20	42.01	49.73	400.02	393.76	27.870	35.624	18.61	23.79	199.7	1700	9	72.04	18.9	-0.299	1.0	-0.22	2.74	1.00	0.00	0.16	111115
