"OPEN 6.3.4"
"Sat Mar 17 2018 11:19:18"
<open><version>"6.3.4"</version></open>
<open><configfile>"/User/Configs/UserPrefs/LED2x3.xml"</configfile></open>
<open><light><source>"6400-02 or -02B LED Source"</source><par_in>1<sensor>"SI-2503"<cal>-0.86<actinity>1.00</actinity><transm>1.00</transm></cal></sensor><transm>1</transm></par_in><par_out>1<sensor>"Q40491"<cal>6.5</cal></sensor></par_out></light></open>
<open><comps><file>"/User/Configs/Comps/StdComps_6.1"<header>""</header><extras></extras></file><energybal>no<f_parIn>1</f_parIn><f_parOut>0</f_parOut><alphaK>0.16</alphaK></energybal><bc_total>2.840<stomatal_ratio>1</stomatal_ratio><bc_oneside>1.420<type>2</type><table>"/Sys/Lib/StdBLCTable"</table><area>6</area><slope>-0.219565</slope><offset>2.73739</offset><fan>5</fan></bc_oneside></bc_total></comps></open>
<open><prompts><onlog>off</onlog><items>"Default (none)"</items></prompts></open>
<open><constants><oxygen>21 %</oxygen><bb_vapor>1.5</bb_vapor><bb_oxy>0.9</bb_oxy></constants></open>
<open><stability><items>"Std Stability"<items[1]><id>-2</id><size>15</size><pcv><onoff>0</onoff><value>1</value></pcv><std><onoff>0</onoff><value>1</value></std><slp><onoff>1</onoff><value>1</value></slp></items[1]><items[2]><id>-5</id><size>15</size><pcv><onoff>0</onoff><value>1</value></pcv><std><onoff>0</onoff><value>1</value></std><slp><onoff>1</onoff><value>1</value></slp></items[2]><items[3]><id>-7</id><size>15</size><pcv><onoff>0</onoff><value>1</value></pcv><std><onoff>0</onoff><value>1</value></std><slp><onoff>1</onoff><value>1</value></slp></items[3]></items></stability></open>
<open><log><format>"StdLogFmt_6.0"<items>{ -35 -21 -70 -69 -76 30 23 36 21 25 221 -33 111 -34 11 -9 -10 -8 -1 -2 -4 -5 -14 -15 -7 -12 -13 -11 -65 -66 -72 -18 -19 -77 -78 -79 -23  }<hdr>{  }</hdr></items></format><options><beep>on</beep><match>"never"<time>30</time><co2>100</co2><delta>10</delta></match><hdr>normal</hdr><rem>normal</rem><stab>no</stab><stats>no<mean>no</mean><file>no</file><period>15</period></stats><excel>yes</excel><controls>yes</controls><comm>no</comm></options><datafile>"/User/031718-PS-EOX9894"</datafile><button><action>"Normal Log"<code>" LogOneObsManual "</code></action></button><autoprog>"/User/Configs/AutoProgs/AutoLog2"<active>no</active></autoprog></log></open>
<open><a2d><avgtime>4.0 secs</avgtime><userchans><ch20>"Off"</ch20><ch21>"Off"</ch21><ch22>"Off"</ch22><ch23>"Off"</ch23></userchans></a2d></open>
<open><matching><type>0</type><disp>'a'</disp><settings>><CO2Limit>10.0</CO2Limit><H2OLimit>1.0</H2OLimit><MaxAutoTime>60</MaxAutoTime><AverageTime>10</AverageTime></settings></matching></open>
<li6400><factory><unit>"PSC-2470"</unit><serviced>"5 Feb 2018"</serviced><fuseaware>0</fuseaware><co2mixer>yes</co2mixer><co2><coeffs>{ 0 0.214772 2.55802e-05 1.93228e-08 -3.02262e-12 2.75724e-16  }</coeffs><dvdt>-4</dvdt><xs>{ 9.11e-05 0.00178  }</xs></co2><h2o><coeffs>{ 0 0.00581526 2.16703e-06 7.69607e-12  }</coeffs><dvdt>-2.9</dvdt><xs>{ -0.000111 -0.00256  }</xs></h2o><flow>{ 0 0.3696  }</flow><press>{ 86.913 0.00551  }</press></factory></li6400>
<li6400><user><flow_zero>-42.6</flow_zero><irga_zero><co2>113.5 152.5<at>27.1329</at></co2><h2o>-3.5 -3.5<at>28.1091</at></h2o></irga_zero><irga_span><co2>{ 0.990134 0.992694  }</co2><h2o>{ 0.996743 0.99801  }</h2o></irga_span><irga_match><co2>{ 0.110267 9.37926  }</co2><h2o>{ -0.0816591 0.132882  }</h2o></irga_match><co2_mixer><pump_mv>4500</pump_mv><ppm>{ 2352.67 1117.67 439.284 266.3 121.188 70.6751 48.8233 48.8102  }</ppm><mv>{ 5000 3000 1500 1000 500 300 200 100  }</mv></co2_mixer><parin_offset>-0.211894</parin_offset><led_cal><unit>"SI-2503"</unit><mv>{ 10 25 50 100 1000 2000 3000 4000 5000  }</mv><qntm>{ 1.83047 9.20354 23.3042 57.5395 736.221 1467.2 2160.1 2821.48 3447.04  }</qntm></led_cal><lcf_cal><unit>"LCF-0981"</unit><red><mv>{ 50 100 200 400 800 1500  }</mv><qntm>{ 64.6036 145.758 312.409 661.73 1377.94 2641.23  }</qntm></red><blue><mv>{ 100 500 1000 2000 3000 4000 5000  }</mv><qntm>{ 11.107 44.4539 81.9578 145.168 203.372 256.093 300.56  }</qntm></blue></lcf_cal></user></li6400>
"11:19:18 "
$STARTOFDATA$
"Obs"	"HHMMSS"	"YYYYMMDD"	"DOY"	"EBal?"	"Photo"	"Cond"	"Ci"	"Trmmol"	"VpdL"	"CTleaf"	"Area"	"BLC_1"	"StmRat"	"BLCond"	"Tair"	"Tleaf"	"TBlk"	"CO2R"	"CO2S"	"H2OR"	"H2OS"	"RH_R"	"RH_S"	"Flow"	"PARi"	"PARo"	"Press"	"CsMch"	"HsMch"	"StableF"	"BLCslope"	"BLCoffst"	"f_parin"	"f_parout"	"alphaK"	"Status"
"11:23:01 Flow: Fixed -> 200 umol/s"
"11:25:39 Flow: Fixed -> 200 umol/s"
1	"11:25:45"	20180317	76	0	7	0.0975	251	1.57	1.19	13.92	6	1.42	1	2.84	9.33	13.92	7.07	400.02	377.22	0.982	5.665	6.03	34.77	199.7	1699	17	72.3	9.48	0.11	1.0	-0.22	2.74	1.00	0.00	0.16	111115
2	"11:25:45"	20180317	76	0	7	0.0974	250	1.57	1.19	13.92	6	1.42	1	2.84	9.33	13.92	7.07	400.04	377.22	0.980	5.664	6.02	34.76	199.7	1699	17	72.3	9.48	0.11	1.0	-0.22	2.74	1.00	0.00	0.16	111115
3	"11:25:46"	20180317	76	0	6.98	0.0974	251	1.57	1.19	13.92	6	1.42	1	2.84	9.32	13.92	7.07	399.98	377.22	0.979	5.663	6.01	34.76	199.7	1699	17	72.3	9.48	0.11	1.0	-0.22	2.74	1.00	0.00	0.16	111115
4	"11:25:46"	20180317	76	0	6.99	0.0974	251	1.57	1.19	13.92	6	1.42	1	2.84	9.32	13.92	7.07	399.97	377.20	0.978	5.662	6.00	34.75	199.7	1699	17	72.3	9.48	0.11	1.0	-0.22	2.74	1.00	0.00	0.16	111115
5	"11:25:47"	20180317	76	0	7	0.0975	251	1.57	1.19	13.91	6	1.42	1	2.84	9.32	13.91	7.07	399.97	377.17	0.977	5.660	6.00	34.74	199.7	1699	17	72.3	9.48	0.11	1.0	-0.22	2.74	1.00	0.00	0.16	111115
6	"11:25:47"	20180317	76	0	7	0.0975	251	1.57	1.19	13.90	6	1.42	1	2.84	9.32	13.90	7.06	399.96	377.16	0.976	5.659	5.99	34.74	199.7	1699	17	72.3	9.48	0.11	1.0	-0.22	2.74	1.00	0.00	0.16	111115
7	"11:25:48"	20180317	76	0	6.99	0.0975	251	1.57	1.18	13.90	6	1.42	1	2.84	9.32	13.90	7.06	399.95	377.16	0.976	5.658	5.99	34.73	199.7	1700	17	72.3	9.48	0.11	1.0	-0.22	2.74	1.00	0.00	0.16	111115
8	"11:25:48"	20180317	76	0	7	0.0975	251	1.57	1.18	13.90	6	1.42	1	2.84	9.32	13.90	7.06	399.95	377.14	0.976	5.657	5.99	34.72	199.7	1700	17	72.3	9.48	0.11	1.0	-0.22	2.74	1.00	0.00	0.16	111115
9	"11:25:49"	20180317	76	0	7.01	0.0975	250	1.57	1.18	13.90	6	1.42	1	2.84	9.32	13.90	7.06	399.99	377.14	0.976	5.656	5.99	34.72	199.7	1699	17	72.3	9.48	0.11	1.0	-0.22	2.74	1.00	0.00	0.16	111115
10	"11:25:49"	20180317	76	0	7.01	0.0976	251	1.57	1.18	13.89	6	1.42	1	2.84	9.32	13.89	7.06	400.02	377.18	0.976	5.657	5.99	34.72	199.7	1699	17	72.3	9.48	0.11	1.0	-0.22	2.74	1.00	0.00	0.16	111115
11	"11:25:50"	20180317	76	0	7	0.0976	251	1.57	1.18	13.88	6	1.42	1	2.84	9.32	13.88	7.06	400.03	377.22	0.976	5.654	5.99	34.71	199.7	1699	17	72.3	9.48	0.11	1.0	-0.22	2.74	1.00	0.00	0.16	111115
12	"11:25:51"	20180317	76	0	6.98	0.0976	251	1.57	1.18	13.88	6	1.42	1	2.84	9.32	13.88	7.06	400.01	377.25	0.976	5.655	5.99	34.71	199.7	1700	17	72.3	9.48	0.11	1.0	-0.22	2.74	1.00	0.00	0.16	111115
13	"11:25:51"	20180317	76	0	6.96	0.0975	252	1.57	1.18	13.89	6	1.42	1	2.84	9.32	13.89	7.06	399.99	377.32	0.976	5.654	5.99	34.71	199.7	1700	17	72.3	9.48	0.11	1.0	-0.22	2.74	1.00	0.00	0.16	111115
14	"11:25:52"	20180317	76	0	6.99	0.0975	251	1.57	1.18	13.90	6	1.42	1	2.84	9.32	13.90	7.06	400.09	377.33	0.976	5.654	5.99	34.71	199.8	1699	17	72.3	9.48	0.11	1.0	-0.22	2.74	1.00	0.00	0.16	111115
15	"11:25:53"	20180317	76	0	6.99	0.0975	251	1.57	1.18	13.90	6	1.42	1	2.84	9.32	13.90	7.06	400.11	377.33	0.976	5.654	5.99	34.71	199.7	1699	17	72.3	9.48	0.11	1.0	-0.22	2.74	1.00	0.00	0.16	111115
"11:26:01 Coolers: Tblock -> 12.00 C"
"11:30:26 Flow: Fixed -> 200 umol/s"
16	"11:30:34"	20180317	76	0	7.19	0.0966	244	1.92	1.46	17.50	6	1.42	1	2.84	13.38	17.50	12.03	399.96	376.20	1.900	7.613	8.92	35.72	199.7	1699	18	72.29	9.42	0.133	1.0	-0.22	2.74	1.00	0.00	0.16	111115
17	"11:30:34"	20180317	76	0	7.19	0.0966	243	1.92	1.46	17.50	6	1.42	1	2.84	13.38	17.50	12.04	399.96	376.19	1.900	7.611	8.91	35.71	199.7	1699	18	72.29	9.42	0.133	1.0	-0.22	2.74	1.00	0.00	0.16	111115
18	"11:30:35"	20180317	76	0	7.2	0.0965	243	1.91	1.46	17.51	6	1.42	1	2.84	13.38	17.51	12.04	399.96	376.16	1.899	7.609	8.91	35.70	199.7	1699	18	72.29	9.42	0.133	1.0	-0.22	2.74	1.00	0.00	0.16	111115
19	"11:30:35"	20180317	76	0	7.2	0.0965	243	1.91	1.46	17.51	6	1.42	1	2.84	13.38	17.51	12.04	399.96	376.16	1.899	7.609	8.91	35.70	199.7	1699	18	72.29	9.42	0.133	1.0	-0.22	2.74	1.00	0.00	0.16	111115
20	"11:30:36"	20180317	76	0	7.2	0.0964	243	1.91	1.46	17.51	6	1.42	1	2.84	13.38	17.51	12.04	399.96	376.16	1.899	7.607	8.91	35.69	199.7	1699	18	72.29	9.42	0.133	1.0	-0.22	2.74	1.00	0.00	0.16	111115
21	"11:30:36"	20180317	76	0	7.19	0.0963	243	1.91	1.46	17.52	6	1.42	1	2.84	13.38	17.52	12.04	399.96	376.18	1.899	7.606	8.91	35.68	199.7	1699	18	72.29	9.42	0.133	1.0	-0.22	2.74	1.00	0.00	0.16	111115
22	"11:30:37"	20180317	76	0	7.2	0.0963	243	1.91	1.46	17.51	6	1.42	1	2.84	13.38	17.51	12.04	399.98	376.19	1.899	7.603	8.91	35.67	199.7	1699	18	72.29	9.42	0.133	1.0	-0.22	2.74	1.00	0.00	0.16	111115
23	"11:30:37"	20180317	76	0	7.19	0.0964	243	1.91	1.46	17.50	6	1.42	1	2.84	13.38	17.50	12.04	399.97	376.22	1.899	7.604	8.91	35.67	199.7	1699	18	72.29	9.42	0.133	1.0	-0.22	2.74	1.00	0.00	0.16	111115
24	"11:30:38"	20180317	76	0	7.2	0.0965	243	1.91	1.46	17.49	6	1.42	1	2.84	13.38	17.49	12.04	400.00	376.19	1.898	7.604	8.91	35.67	199.7	1699	18	72.29	9.42	0.133	1.0	-0.22	2.74	1.00	0.00	0.16	111115
25	"11:30:38"	20180317	76	0	7.22	0.0965	243	1.91	1.46	17.49	6	1.42	1	2.84	13.38	17.49	12.04	400.02	376.18	1.898	7.605	8.90	35.67	199.7	1699	18	72.29	9.42	0.133	1.0	-0.22	2.74	1.00	0.00	0.16	111115
26	"11:30:39"	20180317	76	0	7.22	0.0965	243	1.91	1.46	17.49	6	1.42	1	2.84	13.38	17.49	12.04	400.05	376.20	1.898	7.604	8.90	35.66	199.7	1699	18	72.29	9.42	0.133	1.0	-0.22	2.74	1.00	0.00	0.16	111115
27	"11:30:40"	20180317	76	0	7.23	0.0964	243	1.91	1.46	17.49	6	1.42	1	2.84	13.39	17.49	12.05	400.11	376.24	1.897	7.601	8.90	35.65	199.7	1699	18	72.29	9.42	0.133	1.0	-0.22	2.74	1.00	0.00	0.16	111115
28	"11:30:40"	20180317	76	0	7.23	0.0964	243	1.91	1.46	17.49	6	1.42	1	2.84	13.39	17.49	12.05	400.11	376.24	1.897	7.601	8.90	35.65	199.7	1699	18	72.29	9.42	0.133	1.0	-0.22	2.74	1.00	0.00	0.16	111115
29	"11:30:41"	20180317	76	0	7.29	0.0964	242	1.91	1.46	17.49	6	1.42	1	2.84	13.39	17.49	12.05	400.31	376.26	1.896	7.596	8.89	35.62	199.7	1699	18	72.29	9.42	0.133	0.7	-0.22	2.74	1.00	0.00	0.16	111115
30	"11:30:42"	20180317	76	0	7.31	0.0965	241	1.91	1.46	17.48	6	1.42	1	2.84	13.39	17.48	12.05	400.36	376.23	1.895	7.597	8.89	35.62	199.8	1699	18	72.29	9.42	0.133	0.7	-0.22	2.74	1.00	0.00	0.16	111115
"11:30:51 Coolers: Tblock -> 17.00 C"
"11:36:02 Flow: Fixed -> 200 umol/s"
"11:37:15 Flow: Fixed -> 200 umol/s"
31	"11:37:27"	20180317	76	0	6.45	0.0817	238	1.88	1.67	20.41	6	1.42	1	2.84	17.71	20.41	17.05	400.16	378.66	4.569	10.156	16.24	36.09	199.7	1699	17	72.28	9.84	0.121	1.0	-0.22	2.74	1.00	0.00	0.16	111115
32	"11:37:27"	20180317	76	0	6.44	0.0817	238	1.88	1.67	20.41	6	1.42	1	2.84	17.71	20.41	17.05	400.16	378.66	4.569	10.155	16.24	36.09	199.7	1699	17	72.28	9.84	0.121	1.0	-0.22	2.74	1.00	0.00	0.16	111115
33	"11:37:28"	20180317	76	0	6.45	0.0817	238	1.88	1.67	20.41	6	1.42	1	2.84	17.71	20.41	17.05	400.18	378.67	4.569	10.154	16.24	36.08	199.7	1699	17	72.28	9.84	0.121	1.0	-0.22	2.74	1.00	0.00	0.16	111115
34	"11:37:28"	20180317	76	0	6.46	0.0816	237	1.88	1.67	20.40	6	1.42	1	2.84	17.71	20.40	17.05	400.19	378.64	4.570	10.150	16.24	36.07	199.7	1699	17	72.28	9.84	0.121	1.0	-0.22	2.74	1.00	0.00	0.16	111115
35	"11:37:29"	20180317	76	0	6.45	0.0816	238	1.88	1.67	20.40	6	1.42	1	2.84	17.71	20.40	17.05	400.13	378.62	4.570	10.149	16.24	36.06	199.7	1699	17	72.28	9.84	0.121	1.0	-0.22	2.74	1.00	0.00	0.16	111115
36	"11:37:29"	20180317	76	0	6.45	0.0816	238	1.88	1.67	20.40	6	1.42	1	2.84	17.71	20.40	17.05	400.13	378.62	4.570	10.149	16.24	36.06	199.7	1699	17	72.28	9.84	0.121	1.0	-0.22	2.74	1.00	0.00	0.16	111115
37	"11:37:30"	20180317	76	0	6.44	0.0815	238	1.87	1.67	20.40	6	1.42	1	2.84	17.71	20.40	17.05	400.07	378.60	4.570	10.146	16.24	36.05	199.7	1699	17	72.28	9.84	0.121	1.0	-0.22	2.74	1.00	0.00	0.16	111115
38	"11:37:30"	20180317	76	0	6.43	0.0815	238	1.87	1.67	20.41	6	1.42	1	2.84	17.71	20.41	17.05	400.04	378.60	4.570	10.145	16.24	36.05	199.7	1699	17	72.28	9.84	0.121	1.0	-0.22	2.74	1.00	0.00	0.16	111115
39	"11:37:31"	20180317	76	0	6.42	0.0814	238	1.87	1.67	20.41	6	1.42	1	2.84	17.71	20.41	17.05	400.01	378.59	4.571	10.145	16.24	36.04	199.7	1699	17	72.28	9.84	0.121	1.0	-0.22	2.74	1.00	0.00	0.16	111115
40	"11:37:31"	20180317	76	0	6.41	0.0813	238	1.87	1.68	20.42	6	1.42	1	2.84	17.71	20.42	17.05	399.94	378.56	4.571	10.142	16.24	36.04	199.7	1699	17	72.28	9.84	0.121	0.7	-0.22	2.74	1.00	0.00	0.16	111115
41	"11:37:32"	20180317	76	0	6.38	0.0812	238	1.87	1.68	20.42	6	1.42	1	2.84	17.72	20.42	17.05	399.85	378.57	4.571	10.139	16.24	36.02	199.7	1699	17	72.28	9.84	0.121	0.7	-0.22	2.74	1.00	0.00	0.16	111115
42	"11:37:32"	20180317	76	0	6.33	0.0812	239	1.87	1.68	20.42	6	1.42	1	2.84	17.72	20.42	17.05	399.72	378.57	4.571	10.136	16.24	36.01	199.7	1699	17	72.28	9.84	0.121	0.7	-0.22	2.74	1.00	0.00	0.16	111115
43	"11:37:33"	20180317	76	0	6.29	0.0812	240	1.87	1.68	20.42	6	1.42	1	2.84	17.72	20.42	17.05	399.60	378.58	4.571	10.134	16.24	36.00	199.7	1699	17	72.28	9.84	0.121	0.7	-0.22	2.74	1.00	0.00	0.16	111115
44	"11:37:34"	20180317	76	0	6.2	0.0812	242	1.87	1.67	20.41	6	1.42	1	2.84	17.72	20.41	17.06	399.42	378.68	4.572	10.133	16.24	35.99	199.7	1699	17	72.28	9.84	0.121	0.7	-0.22	2.74	1.00	0.00	0.16	111115
45	"11:37:34"	20180317	76	0	6.17	0.0812	242	1.87	1.67	20.41	6	1.42	1	2.84	17.72	20.41	17.06	399.34	378.68	4.572	10.132	16.24	35.99	199.7	1699	17	72.28	9.84	0.121	0.7	-0.22	2.74	1.00	0.00	0.16	111115
"11:37:41 Coolers: Tblock -> 22.00 C"
"11:40:46 Flow: Fixed -> 200 umol/s"
"11:42:18 Flow: Fixed -> 200 umol/s"
46	"11:42:23"	20180317	76	0	5.63	0.0661	229	1.71	1.86	22.92	6	1.42	1	2.84	21.87	22.92	22.04	399.89	381.01	7.973	13.045	21.88	35.81	199.7	1699	16	72.28	10.5	0.0869	1.0	-0.22	2.74	1.00	0.00	0.16	111115
47	"11:42:24"	20180317	76	0	5.64	0.0661	229	1.71	1.86	22.91	6	1.42	1	2.84	21.87	22.91	22.04	399.90	381.01	7.974	13.042	21.89	35.80	199.7	1699	16	72.28	10.5	0.0869	1.0	-0.22	2.74	1.00	0.00	0.16	111115
48	"11:42:24"	20180317	76	0	5.63	0.0661	229	1.71	1.86	22.90	6	1.42	1	2.84	21.87	22.90	22.04	399.88	381.01	7.973	13.039	21.88	35.79	199.7	1699	16	72.28	10.5	0.0869	1.0	-0.22	2.74	1.00	0.00	0.16	111115
49	"11:42:25"	20180317	76	0	5.62	0.0662	230	1.71	1.86	22.89	6	1.42	1	2.84	21.88	22.89	22.04	399.87	381.04	7.973	13.037	21.88	35.78	199.7	1700	16	72.28	10.5	0.0869	1.0	-0.22	2.74	1.00	0.00	0.16	111115
50	"11:42:25"	20180317	76	0	5.59	0.0661	230	1.71	1.86	22.89	6	1.42	1	2.84	21.88	22.89	22.04	399.84	381.09	7.973	13.034	21.88	35.77	199.7	1700	16	72.28	10.5	0.0869	1.0	-0.22	2.74	1.00	0.00	0.16	111115
51	"11:42:26"	20180317	76	0	5.59	0.0661	230	1.71	1.86	22.90	6	1.42	1	2.84	21.88	22.90	22.04	399.87	381.12	7.973	13.032	21.88	35.76	199.7	1700	16	72.28	10.5	0.0869	1.0	-0.22	2.74	1.00	0.00	0.16	111115
52	"11:42:26"	20180317	76	0	5.57	0.066	231	1.71	1.86	22.90	6	1.42	1	2.84	21.88	22.90	22.04	399.87	381.18	7.973	13.030	21.88	35.76	199.7	1700	16	72.28	10.5	0.0869	1.0	-0.22	2.74	1.00	0.00	0.16	111115
53	"11:42:27"	20180317	76	0	5.57	0.066	231	1.71	1.86	22.90	6	1.42	1	2.84	21.88	22.90	22.04	399.87	381.18	7.972	13.029	21.88	35.75	199.7	1700	16	72.28	10.5	0.0869	1.0	-0.22	2.74	1.00	0.00	0.16	111115
54	"11:42:27"	20180317	76	0	5.57	0.066	231	1.71	1.86	22.90	6	1.42	1	2.84	21.88	22.90	22.04	399.87	381.18	7.972	13.029	21.88	35.75	199.7	1700	16	72.28	10.5	0.0869	1.0	-0.22	2.74	1.00	0.00	0.16	111115
55	"11:42:28"	20180317	76	0	5.56	0.066	231	1.7	1.86	22.90	6	1.42	1	2.84	21.88	22.90	22.04	399.87	381.20	7.972	13.026	21.88	35.74	199.7	1700	16	72.28	10.5	0.0869	1.0	-0.22	2.74	1.00	0.00	0.16	111115
56	"11:42:28"	20180317	76	0	5.57	0.0659	230	1.7	1.86	22.91	6	1.42	1	2.84	21.88	22.91	22.04	399.89	381.22	7.972	13.024	21.87	35.74	199.7	1700	16	72.28	10.5	0.0869	1.0	-0.22	2.74	1.00	0.00	0.16	111115
57	"11:42:29"	20180317	76	0	5.57	0.0658	230	1.7	1.86	22.92	6	1.42	1	2.84	21.88	22.92	22.04	399.90	381.21	7.971	13.021	21.87	35.73	199.7	1700	16	72.28	10.5	0.0869	1.0	-0.22	2.74	1.00	0.00	0.16	111115
58	"11:42:29"	20180317	76	0	5.58	0.0658	230	1.7	1.86	22.92	6	1.42	1	2.84	21.88	22.92	22.04	399.91	381.21	7.972	13.019	21.87	35.72	199.7	1700	16	72.28	10.5	0.0869	1.0	-0.22	2.74	1.00	0.00	0.16	111115
59	"11:42:30"	20180317	76	0	5.55	0.0656	230	1.7	1.87	22.92	6	1.42	1	2.84	21.88	22.92	22.04	399.86	381.24	7.973	13.014	21.87	35.70	199.7	1700	16	72.28	10.5	0.0869	1.0	-0.22	2.74	1.00	0.00	0.16	111115
60	"11:42:31"	20180317	76	0	5.53	0.0656	231	1.7	1.87	22.93	6	1.42	1	2.84	21.88	22.93	22.04	399.86	381.28	7.973	13.012	21.87	35.69	199.7	1700	17	72.28	10.5	0.0869	1.0	-0.22	2.74	1.00	0.00	0.16	111115
"11:42:39 Coolers: Tblock -> 27.00 C"
"11:45:32 Flow: Fixed -> 200 umol/s"
"11:46:47 Flow: Fixed -> 200 umol/s"
61	"11:47:20"	20180317	76	0	4.12	0.0463	226	1.42	2.18	25.95	6	1.42	1	2.84	26.27	25.95	27.07	399.30	385.27	12.138	16.342	25.59	34.45	199.7	1699	16	72.27	11.1	0.0802	1.0	-0.22	2.74	1.00	0.00	0.16	111115
62	"11:47:21"	20180317	76	0	4.11	0.0463	226	1.42	2.18	25.96	6	1.42	1	2.84	26.27	25.96	27.07	399.29	385.30	12.136	16.340	25.58	34.44	199.7	1699	16	72.27	11.1	0.0802	1.0	-0.22	2.74	1.00	0.00	0.16	111115
63	"11:47:21"	20180317	76	0	4.11	0.0463	226	1.42	2.19	25.96	6	1.42	1	2.84	26.27	25.96	27.07	399.35	385.33	12.137	16.340	25.58	34.44	199.7	1700	16	72.27	11.1	0.0802	1.0	-0.22	2.74	1.00	0.00	0.16	111115
64	"11:47:21"	20180317	76	0	4.11	0.0463	226	1.42	2.19	25.96	6	1.42	1	2.84	26.27	25.96	27.07	399.35	385.33	12.137	16.340	25.58	34.44	199.7	1700	16	72.27	11.1	0.0802	1.0	-0.22	2.74	1.00	0.00	0.16	111115
65	"11:47:22"	20180317	76	0	4.15	0.0462	225	1.42	2.19	25.97	6	1.42	1	2.84	26.27	25.97	27.07	399.42	385.31	12.136	16.338	25.58	34.43	199.7	1700	16	72.27	11.1	0.0802	1.0	-0.22	2.74	1.00	0.00	0.16	111115
66	"11:47:22"	20180317	76	0	4.18	0.0462	223	1.42	2.19	25.97	6	1.42	1	2.84	26.27	25.97	27.07	399.53	385.31	12.137	16.338	25.58	34.43	199.7	1700	16	72.27	11.1	0.0802	1.0	-0.22	2.74	1.00	0.00	0.16	111115
67	"11:47:23"	20180317	76	0	4.21	0.0462	222	1.42	2.19	25.96	6	1.42	1	2.84	26.27	25.96	27.07	399.58	385.28	12.136	16.335	25.58	34.42	199.7	1700	16	72.27	11.1	0.0802	1.0	-0.22	2.74	1.00	0.00	0.16	111115
68	"11:47:24"	20180317	76	0	4.24	0.0462	221	1.42	2.19	25.97	6	1.42	1	2.84	26.28	25.97	27.07	399.65	385.26	12.136	16.334	25.57	34.42	199.7	1700	16	72.27	11.1	0.0802	1.0	-0.22	2.74	1.00	0.00	0.16	111115
69	"11:47:24"	20180317	76	0	4.25	0.0462	221	1.42	2.19	25.97	6	1.42	1	2.84	26.28	25.97	27.07	399.74	385.31	12.136	16.335	25.57	34.42	199.7	1700	16	72.27	11.1	0.0802	1.0	-0.22	2.74	1.00	0.00	0.16	111115
70	"11:47:25"	20180317	76	0	4.29	0.0462	220	1.42	2.19	25.96	6	1.42	1	2.84	26.28	25.96	27.07	399.85	385.32	12.135	16.333	25.57	34.41	199.7	1700	16	72.27	11.1	0.0802	1.0	-0.22	2.74	1.00	0.00	0.16	111115
71	"11:47:25"	20180317	76	0	4.34	0.0462	218	1.42	2.19	25.96	6	1.42	1	2.84	26.28	25.96	27.07	399.97	385.29	12.136	16.334	25.57	34.41	199.7	1700	16	72.27	11.1	0.0802	1.0	-0.22	2.74	1.00	0.00	0.16	111115
72	"11:47:26"	20180317	76	0	4.36	0.0461	217	1.42	2.19	25.96	6	1.42	1	2.84	26.28	25.96	27.07	400.03	385.29	12.137	16.330	25.57	34.40	199.7	1700	16	72.27	11.1	0.0802	1.0	-0.22	2.74	1.00	0.00	0.16	111115
73	"11:47:27"	20180317	76	0	4.33	0.0461	218	1.42	2.19	25.97	6	1.42	1	2.84	26.28	25.97	27.07	400.00	385.34	12.137	16.329	25.56	34.39	199.7	1700	17	72.27	11.1	0.0802	1.0	-0.22	2.74	1.00	0.00	0.16	111115
74	"11:47:27"	20180317	76	0	4.32	0.0461	218	1.42	2.19	25.97	6	1.42	1	2.84	26.28	25.97	27.07	400.01	385.37	12.138	16.329	25.56	34.39	199.7	1700	16	72.27	11.1	0.0802	1.0	-0.22	2.74	1.00	0.00	0.16	111115
75	"11:47:28"	20180317	76	0	4.29	0.046	219	1.42	2.19	25.98	6	1.42	1	2.84	26.29	25.98	27.07	399.99	385.47	12.136	16.321	25.56	34.37	199.7	1700	17	72.27	11.1	0.0802	0.7	-0.22	2.74	1.00	0.00	0.16	111115
"11:47:35 Coolers: Tblock -> 32.00 C"
"11:54:19 Flow: Fixed -> 200 umol/s"
"11:55:05 Flow: Fixed -> 200 umol/s"
76	"11:55:10"	20180317	76	0	1.95	0.0258	250	1.05	2.85	30.55	6	1.42	1	2.84	31.33	30.55	32.05	400.01	392.91	18.282	21.380	28.74	33.61	199.7	1699	18	72.26	12.8	0.0766	1.0	-0.22	2.74	1.00	0.00	0.16	111115
77	"11:55:11"	20180317	76	0	1.95	0.0258	250	1.05	2.85	30.55	6	1.42	1	2.84	31.33	30.55	32.05	400.02	392.91	18.281	21.378	28.73	33.60	199.6	1699	18	72.26	12.8	0.0766	1.0	-0.22	2.74	1.00	0.00	0.16	111115
78	"11:55:11"	20180317	76	0	1.95	0.0258	250	1.05	2.85	30.55	6	1.42	1	2.84	31.33	30.55	32.05	400.02	392.91	18.281	21.378	28.73	33.60	199.6	1699	18	72.26	12.8	0.0766	1.0	-0.22	2.74	1.00	0.00	0.16	111115
79	"11:55:12"	20180317	76	0	1.95	0.0257	249	1.05	2.85	30.55	6	1.42	1	2.84	31.33	30.55	32.05	400.02	392.90	18.282	21.371	28.73	33.59	199.6	1699	18	72.26	12.8	0.0766	1.0	-0.22	2.74	1.00	0.00	0.16	111115
80	"11:55:12"	20180317	76	0	1.94	0.0257	250	1.05	2.85	30.56	6	1.42	1	2.84	31.33	30.56	32.06	400.00	392.94	18.283	21.369	28.73	33.59	199.6	1699	18	72.26	12.8	0.0766	1.0	-0.22	2.74	1.00	0.00	0.16	111115
81	"11:55:13"	20180317	76	0	1.93	0.0257	251	1.05	2.86	30.56	6	1.42	1	2.84	31.33	30.56	32.05	400.00	392.95	18.282	21.369	28.73	33.58	199.6	1699	18	72.26	12.8	0.0766	1.0	-0.22	2.74	1.00	0.00	0.16	111115
82	"11:55:13"	20180317	76	0	1.93	0.0257	251	1.05	2.86	30.56	6	1.42	1	2.84	31.33	30.56	32.05	400.01	392.98	18.283	21.370	28.73	33.58	199.6	1699	18	72.26	12.8	0.0766	1.0	-0.22	2.74	1.00	0.00	0.16	111115
83	"11:55:14"	20180317	76	0	1.95	0.0257	249	1.05	2.86	30.57	6	1.42	1	2.84	31.33	30.57	32.05	400.07	392.97	18.283	21.373	28.73	33.59	199.7	1699	19	72.26	12.8	0.0766	1.0	-0.22	2.74	1.00	0.00	0.16	111115
84	"11:55:15"	20180317	76	0	1.96	0.0257	249	1.05	2.86	30.57	6	1.42	1	2.84	31.34	30.57	32.05	400.08	392.96	18.283	21.370	28.73	33.58	199.7	1699	19	72.26	12.8	0.0766	1.0	-0.22	2.74	1.00	0.00	0.16	111115
85	"11:55:15"	20180317	76	0	1.93	0.0257	250	1.05	2.86	30.56	6	1.42	1	2.84	31.34	30.56	32.05	400.06	393.01	18.284	21.366	28.73	33.57	199.6	1699	19	72.26	12.8	0.0766	1.0	-0.22	2.74	1.00	0.00	0.16	111115
86	"11:55:16"	20180317	76	0	1.93	0.0257	250	1.05	2.86	30.56	6	1.42	1	2.84	31.34	30.56	32.05	400.07	393.02	18.282	21.365	28.73	33.57	199.6	1699	19	72.26	12.8	0.0766	1.0	-0.22	2.74	1.00	0.00	0.16	111115
87	"11:55:17"	20180317	76	0	1.94	0.0257	250	1.05	2.85	30.55	6	1.42	1	2.84	31.34	30.55	32.05	400.07	393.02	18.282	21.364	28.73	33.57	199.6	1699	18	72.26	12.8	0.0766	1.0	-0.22	2.74	1.00	0.00	0.16	111115
88	"11:55:17"	20180317	76	0	1.92	0.0257	251	1.05	2.85	30.55	6	1.42	1	2.84	31.34	30.55	32.05	400.04	393.04	18.283	21.365	28.73	33.57	199.6	1699	18	72.26	12.8	0.0766	1.0	-0.22	2.74	1.00	0.00	0.16	111115
89	"11:55:18"	20180317	76	0	1.9	0.0257	252	1.05	2.85	30.56	6	1.42	1	2.84	31.34	30.56	32.05	400.03	393.07	18.284	21.366	28.73	33.57	199.6	1699	18	72.26	12.8	0.0766	1.0	-0.22	2.74	1.00	0.00	0.16	111115
90	"11:55:19"	20180317	76	0	1.9	0.0257	252	1.05	2.85	30.56	6	1.42	1	2.84	31.34	30.56	32.05	400.03	393.07	18.284	21.366	28.73	33.57	199.6	1699	18	72.26	12.8	0.0766	1.0	-0.22	2.74	1.00	0.00	0.16	111115
"11:55:26 Coolers: Tblock -> 37.00 C"
"11:59:47 Flow: Fixed -> 200 umol/s"
91	"12:00:19"	20180317	76	0	1.66	0.0238	257	1.09	3.17	33.66	6	1.42	1	2.84	35.71	33.66	37.05	399.99	393.71	25.556	28.737	31.44	35.35	199.7	1699	12	72.25	13.9	-0.0757	1.0	-0.22	2.74	1.00	0.00	0.16	111115
92	"12:00:19"	20180317	76	0	1.66	0.0238	257	1.09	3.17	33.66	6	1.42	1	2.84	35.71	33.66	37.05	399.99	393.71	25.556	28.737	31.44	35.35	199.7	1699	12	72.25	13.9	-0.0757	1.0	-0.22	2.74	1.00	0.00	0.16	111115
93	"12:00:20"	20180317	76	0	1.65	0.0238	258	1.09	3.17	33.67	6	1.42	1	2.84	35.71	33.67	37.05	400.00	393.74	25.558	28.737	31.44	35.35	199.6	1699	12	72.25	13.9	-0.0757	1.0	-0.22	2.74	1.00	0.00	0.16	111115
94	"12:00:20"	20180317	76	0	1.65	0.0238	258	1.09	3.17	33.67	6	1.42	1	2.84	35.71	33.67	37.05	399.97	393.72	25.557	28.741	31.44	35.36	199.6	1699	12	72.25	13.9	-0.0757	1.0	-0.22	2.74	1.00	0.00	0.16	111115
95	"12:00:21"	20180317	76	0	1.67	0.0238	256	1.09	3.17	33.67	6	1.42	1	2.84	35.71	33.67	37.05	400.00	393.68	25.558	28.743	31.44	35.36	199.6	1699	12	72.25	13.9	-0.0757	1.0	-0.22	2.74	1.00	0.00	0.16	111115
96	"12:00:21"	20180317	76	0	1.66	0.0238	257	1.09	3.17	33.67	6	1.42	1	2.84	35.71	33.67	37.05	399.96	393.68	25.560	28.741	31.44	35.36	199.6	1700	12	72.25	13.9	-0.0757	1.0	-0.22	2.74	1.00	0.00	0.16	111115
97	"12:00:22"	20180317	76	0	1.66	0.0238	258	1.09	3.17	33.67	6	1.42	1	2.84	35.71	33.67	37.05	399.94	393.67	25.561	28.746	31.44	35.36	199.6	1700	12	72.25	13.9	-0.0757	1.0	-0.22	2.74	1.00	0.00	0.16	111115
98	"12:00:22"	20180317	76	0	1.65	0.0238	258	1.09	3.17	33.67	6	1.42	1	2.84	35.71	33.67	37.05	399.92	393.68	25.561	28.748	31.44	35.36	199.6	1700	12	72.25	13.9	-0.0757	1.0	-0.22	2.74	1.00	0.00	0.16	111115
99	"12:00:23"	20180317	76	0	1.64	0.0238	259	1.09	3.17	33.67	6	1.42	1	2.84	35.71	33.67	37.05	399.92	393.71	25.561	28.748	31.44	35.36	199.6	1700	12	72.25	13.9	-0.0757	1.0	-0.22	2.74	1.00	0.00	0.16	111115
100	"12:00:24"	20180317	76	0	1.64	0.0238	258	1.09	3.17	33.67	6	1.42	1	2.84	35.71	33.67	37.05	399.92	393.70	25.561	28.744	31.44	35.35	199.6	1700	12	72.25	13.9	-0.0757	1.0	-0.22	2.74	1.00	0.00	0.16	111115
101	"12:00:24"	20180317	76	0	1.65	0.0238	258	1.09	3.17	33.67	6	1.42	1	2.84	35.71	33.67	37.05	399.92	393.68	25.561	28.744	31.44	35.35	199.6	1700	12	72.25	13.9	-0.0757	1.0	-0.22	2.74	1.00	0.00	0.16	111115
102	"12:00:25"	20180317	76	0	1.63	0.0238	259	1.09	3.17	33.67	6	1.42	1	2.84	35.71	33.67	37.05	399.91	393.73	25.563	28.742	31.44	35.35	199.6	1700	12	72.25	13.9	-0.0757	1.0	-0.22	2.74	1.00	0.00	0.16	111115
103	"12:00:25"	20180317	76	0	1.65	0.0238	258	1.09	3.17	33.67	6	1.42	1	2.84	35.71	33.67	37.05	399.96	393.72	25.562	28.744	31.44	35.35	199.6	1700	12	72.25	13.9	-0.0757	1.0	-0.22	2.74	1.00	0.00	0.16	111115
104	"12:00:26"	20180317	76	0	1.63	0.0237	259	1.09	3.17	33.68	6	1.42	1	2.84	35.71	33.68	37.05	399.92	393.72	25.565	28.743	31.44	35.35	199.6	1700	12	72.25	13.9	-0.0757	1.0	-0.22	2.74	1.00	0.00	0.16	111115
105	"12:00:27"	20180317	76	0	1.63	0.0237	259	1.09	3.17	33.68	6	1.42	1	2.84	35.71	33.68	37.05	399.92	393.72	25.565	28.743	31.44	35.35	199.6	1700	12	72.25	13.9	-0.0757	1.0	-0.22	2.74	1.00	0.00	0.16	111115
"12:00:34 Coolers: Tblock -> 42.00 C"
"12:04:10 Flow: Fixed -> 200 umol/s"
106	"12:04:37"	20180317	76	0	1.4	0.0262	279	1.39	3.64	35.53	6	1.42	1	2.84	39.96	35.53	41.91	400.07	394.23	26.047	30.085	25.43	29.38	199.6	1700	14	72.25	15.6	-0.0944	1.0	-0.22	2.74	1.00	0.00	0.16	111115
107	"12:04:38"	20180317	76	0	1.4	0.0262	279	1.39	3.64	35.53	6	1.42	1	2.84	39.96	35.53	41.91	400.09	394.24	26.048	30.087	25.43	29.38	199.6	1700	14	72.25	15.6	-0.0944	1.0	-0.22	2.74	1.00	0.00	0.16	111115
108	"12:04:38"	20180317	76	0	1.41	0.0262	279	1.39	3.64	35.52	6	1.42	1	2.84	39.96	35.52	41.90	400.08	394.21	26.049	30.089	25.43	29.38	199.6	1700	14	72.25	15.6	-0.0944	1.0	-0.22	2.74	1.00	0.00	0.16	111115
109	"12:04:39"	20180317	76	0	1.4	0.0262	279	1.39	3.64	35.52	6	1.42	1	2.84	39.96	35.52	41.90	400.07	394.22	26.049	30.089	25.44	29.38	199.6	1700	14	72.25	15.6	-0.0944	1.0	-0.22	2.74	1.00	0.00	0.16	111115
110	"12:04:39"	20180317	76	0	1.42	0.0262	278	1.39	3.64	35.53	6	1.42	1	2.84	39.96	35.53	41.90	400.12	394.21	26.049	30.091	25.43	29.38	199.6	1700	14	72.25	15.6	-0.0944	1.0	-0.22	2.74	1.00	0.00	0.16	111115
111	"12:04:40"	20180317	76	0	1.42	0.0262	278	1.39	3.64	35.53	6	1.42	1	2.84	39.96	35.53	41.90	400.12	394.21	26.048	30.092	25.43	29.38	199.6	1700	14	72.25	15.6	-0.0944	1.0	-0.22	2.74	1.00	0.00	0.16	111115
112	"12:04:40"	20180317	76	0	1.41	0.0262	279	1.39	3.64	35.54	6	1.42	1	2.84	39.96	35.54	41.90	400.09	394.21	26.048	30.095	25.43	29.38	199.6	1700	14	72.24	15.6	-0.0944	1.0	-0.22	2.74	1.00	0.00	0.16	111115
113	"12:04:41"	20180317	76	0	1.41	0.0262	279	1.39	3.64	35.54	6	1.42	1	2.84	39.96	35.54	41.90	400.09	394.21	26.048	30.095	25.43	29.38	199.6	1700	14	72.24	15.6	-0.0944	1.0	-0.22	2.74	1.00	0.00	0.16	111115
114	"12:04:41"	20180317	76	0	1.4	0.0262	279	1.39	3.64	35.54	6	1.42	1	2.84	39.96	35.54	41.90	400.08	394.22	26.048	30.096	25.43	29.38	199.6	1700	14	72.24	15.6	-0.0944	1.0	-0.22	2.74	1.00	0.00	0.16	111115
115	"12:04:42"	20180317	76	0	1.43	0.0262	277	1.39	3.65	35.54	6	1.42	1	2.84	39.96	35.54	41.90	400.14	394.20	26.050	30.095	25.43	29.38	199.6	1700	14	72.24	15.6	-0.0944	1.0	-0.22	2.74	1.00	0.00	0.16	111115
116	"12:04:42"	20180317	76	0	1.43	0.0262	278	1.39	3.65	35.55	6	1.42	1	2.84	39.96	35.55	41.89	400.13	394.20	26.049	30.096	25.43	29.38	199.6	1700	14	72.24	15.6	-0.0944	1.0	-0.22	2.74	1.00	0.00	0.16	111115
117	"12:04:43"	20180317	76	0	1.44	0.0262	277	1.39	3.65	35.57	6	1.42	1	2.84	39.96	35.57	41.89	400.15	394.19	26.050	30.098	25.43	29.39	199.6	1700	14	72.24	15.6	-0.0944	1.0	-0.22	2.74	1.00	0.00	0.16	111115
118	"12:04:44"	20180317	76	0	1.44	0.0262	277	1.39	3.65	35.57	6	1.42	1	2.84	39.96	35.57	41.89	400.14	394.18	26.050	30.100	25.44	29.39	199.6	1700	14	72.24	15.6	-0.0944	1.0	-0.22	2.74	1.00	0.00	0.16	111115
119	"12:04:44"	20180317	76	0	1.42	0.0262	278	1.39	3.65	35.57	6	1.42	1	2.84	39.96	35.57	41.88	400.13	394.21	26.051	30.099	25.44	29.39	199.6	1700	14	72.24	15.6	-0.0944	1.0	-0.22	2.74	1.00	0.00	0.16	111115
120	"12:04:45"	20180317	76	0	1.41	0.0261	278	1.39	3.66	35.58	6	1.42	1	2.84	39.96	35.58	41.88	400.11	394.22	26.053	30.101	25.44	29.39	199.6	1700	14	72.24	15.6	-0.0944	1.0	-0.22	2.74	1.00	0.00	0.16	111115
"12:04:53 Coolers: Tblock -> 47.00 C"
"12:08:05 Flow: Fixed -> 200 umol/s"
121	"12:08:13"	20180317	76	0	1.26	0.0291	291	1.77	4.17	37.36	6	1.42	1	2.84	44.28	37.36	47.06	400.11	394.23	26.120	31.270	20.31	24.32	199.7	1699	19	72.24	16.2	-0.167	1.0	-0.22	2.74	1.00	0.00	0.16	111115
122	"12:08:13"	20180317	76	0	1.25	0.0291	291	1.77	4.17	37.36	6	1.42	1	2.84	44.29	37.36	47.06	400.09	394.23	26.121	31.272	20.31	24.32	199.7	1699	19	72.24	16.2	-0.167	1.0	-0.22	2.74	1.00	0.00	0.16	111115
123	"12:08:14"	20180317	76	0	1.25	0.0291	291	1.77	4.17	37.36	6	1.42	1	2.84	44.29	37.36	47.06	400.09	394.23	26.121	31.272	20.31	24.32	199.7	1699	19	72.24	16.2	-0.167	1.0	-0.22	2.74	1.00	0.00	0.16	111115
124	"12:08:14"	20180317	76	0	1.24	0.0291	292	1.77	4.17	37.37	6	1.42	1	2.84	44.29	37.37	47.06	400.08	394.26	26.122	31.276	20.31	24.32	199.7	1699	19	72.24	16.2	-0.167	1.0	-0.22	2.74	1.00	0.00	0.16	111115
125	"12:08:15"	20180317	76	0	1.21	0.0291	293	1.77	4.17	37.36	6	1.42	1	2.84	44.29	37.36	47.06	400.01	394.28	26.122	31.278	20.31	24.32	199.6	1699	19	72.24	16.2	-0.167	1.0	-0.22	2.74	1.00	0.00	0.16	111115
126	"12:08:15"	20180317	76	0	1.21	0.0291	293	1.77	4.17	37.37	6	1.42	1	2.84	44.29	37.37	47.06	400.01	394.26	26.123	31.280	20.31	24.32	199.7	1699	19	72.24	16.2	-0.167	1.0	-0.22	2.74	1.00	0.00	0.16	111115
127	"12:08:16"	20180317	76	0	1.24	0.0291	292	1.77	4.17	37.37	6	1.42	1	2.84	44.29	37.37	47.06	400.04	394.22	26.124	31.283	20.31	24.32	199.7	1699	19	72.24	16.2	-0.167	1.0	-0.22	2.74	1.00	0.00	0.16	111115
128	"12:08:16"	20180317	76	0	1.23	0.0291	292	1.77	4.17	37.37	6	1.42	1	2.84	44.30	37.37	47.06	400.02	394.22	26.125	31.281	20.30	24.31	199.6	1699	19	72.24	16.2	-0.167	1.0	-0.22	2.74	1.00	0.00	0.16	111115
129	"12:08:17"	20180317	76	0	1.25	0.0291	291	1.77	4.17	37.36	6	1.42	1	2.84	44.30	37.36	47.06	400.06	394.19	26.124	31.283	20.30	24.31	199.6	1699	19	72.24	16.2	-0.167	1.0	-0.22	2.74	1.00	0.00	0.16	111115
130	"12:08:17"	20180317	76	0	1.23	0.0292	292	1.77	4.17	37.36	6	1.42	1	2.84	44.30	37.36	47.06	400.03	394.23	26.122	31.283	20.30	24.31	199.7	1699	19	72.24	16.2	-0.167	1.0	-0.22	2.74	1.00	0.00	0.16	111115
131	"12:08:18"	20180317	76	0	1.24	0.0292	292	1.77	4.17	37.37	6	1.42	1	2.84	44.30	37.37	47.05	400.03	394.21	26.122	31.284	20.30	24.31	199.7	1699	19	72.24	16.2	-0.167	1.0	-0.22	2.74	1.00	0.00	0.16	111115
132	"12:08:18"	20180317	76	0	1.26	0.0291	291	1.77	4.18	37.38	6	1.42	1	2.84	44.31	37.38	47.05	400.09	394.21	26.122	31.285	20.29	24.30	199.7	1699	19	72.24	16.2	-0.167	1.0	-0.22	2.74	1.00	0.00	0.16	111115
133	"12:08:19"	20180317	76	0	1.26	0.0291	291	1.77	4.18	37.38	6	1.42	1	2.84	44.31	37.38	47.05	400.09	394.21	26.122	31.285	20.29	24.30	199.7	1699	19	72.24	16.2	-0.167	1.0	-0.22	2.74	1.00	0.00	0.16	111115
134	"12:08:19"	20180317	76	0	1.26	0.0291	291	1.78	4.18	37.40	6	1.42	1	2.84	44.31	37.40	47.05	400.06	394.17	26.121	31.290	20.29	24.30	199.7	1699	19	72.24	16.2	-0.167	1.0	-0.22	2.74	1.00	0.00	0.16	111115
135	"12:08:21"	20180317	76	0	1.26	0.0291	290	1.78	4.2	37.45	6	1.42	1	2.84	44.32	37.45	47.04	400.07	394.17	26.124	31.305	20.28	24.31	199.7	1699	19	72.24	16.2	-0.167	1.0	-0.22	2.74	1.00	0.00	0.16	111115
"12:08:28 Coolers: Tblock -> 50.00 C"
"12:10:46 Flow: Fixed -> 200 umol/s"
136	"12:11:03"	20180317	76	0	1.06	0.0356	305	2.62	5	40.07	6	1.42	1	2.84	46.88	40.07	49.74	400.26	393.98	26.188	33.782	17.83	22.99	199.7	1700	17	72.23	17.3	-0.275	1.0	-0.22	2.74	1.00	0.00	0.16	111115
137	"12:11:04"	20180317	76	0	1.02	0.0357	306	2.62	5	40.07	6	1.42	1	2.84	46.88	40.07	49.74	400.23	394.07	26.188	33.791	17.82	23.00	199.7	1700	17	72.23	17.3	-0.275	1.0	-0.22	2.74	1.00	0.00	0.16	111115
138	"12:11:04"	20180317	76	0	1.02	0.0357	306	2.62	5	40.07	6	1.42	1	2.84	46.88	40.07	49.74	400.23	394.07	26.188	33.791	17.82	23.00	199.7	1700	17	72.23	17.3	-0.275	1.0	-0.22	2.74	1.00	0.00	0.16	111115
139	"12:11:05"	20180317	76	0	1	0.0357	307	2.62	5	40.07	6	1.42	1	2.84	46.88	40.07	49.74	400.19	394.07	26.188	33.799	17.82	23.00	199.6	1700	17	72.23	17.3	-0.275	1.0	-0.22	2.74	1.00	0.00	0.16	111115
140	"12:11:05"	20180317	76	0	1	0.0357	307	2.62	5	40.07	6	1.42	1	2.84	46.88	40.07	49.74	400.16	394.04	26.189	33.803	17.82	23.01	199.7	1700	17	72.23	17.3	-0.275	1.0	-0.22	2.74	1.00	0.00	0.16	111115
141	"12:11:06"	20180317	76	0	1	0.0358	307	2.63	5	40.08	6	1.42	1	2.84	46.88	40.08	49.74	400.10	393.97	26.188	33.811	17.82	23.01	199.7	1700	17	72.24	17.3	-0.275	1.0	-0.22	2.74	1.00	0.00	0.16	111115
142	"12:11:06"	20180317	76	0	0.997	0.0358	307	2.63	5	40.08	6	1.42	1	2.84	46.88	40.08	49.74	400.08	393.97	26.188	33.820	17.82	23.01	199.7	1700	17	72.24	17.3	-0.275	1.0	-0.22	2.74	1.00	0.00	0.16	111115
143	"12:11:07"	20180317	76	0	0.991	0.0359	308	2.63	5	40.08	6	1.42	1	2.84	46.89	40.08	49.74	400.10	394.00	26.191	33.832	17.82	23.02	199.7	1700	17	72.24	17.3	-0.275	1.0	-0.22	2.74	1.00	0.00	0.16	111115
144	"12:11:08"	20180317	76	0	1.01	0.0359	307	2.63	5	40.08	6	1.42	1	2.84	46.89	40.08	49.74	400.13	393.97	26.192	33.840	17.82	23.02	199.7	1700	17	72.23	17.3	-0.275	1.0	-0.22	2.74	1.00	0.00	0.16	111115
145	"12:11:08"	20180317	76	0	1.02	0.0359	307	2.64	5	40.09	6	1.42	1	2.84	46.89	40.09	49.74	400.13	393.95	26.193	33.850	17.82	23.03	199.7	1700	17	72.24	17.3	-0.275	1.0	-0.22	2.74	1.00	0.00	0.16	111115
146	"12:11:09"	20180317	76	0	1.06	0.0359	305	2.64	5.01	40.10	6	1.42	1	2.84	46.89	40.10	49.74	400.19	393.88	26.192	33.854	17.82	23.03	199.7	1700	16	72.24	17.3	-0.275	1.0	-0.22	2.74	1.00	0.00	0.16	111115
147	"12:11:09"	20180317	76	0	1.07	0.0359	304	2.64	5.01	40.11	6	1.42	1	2.84	46.89	40.11	49.74	400.21	393.86	26.193	33.861	17.82	23.03	199.7	1700	17	72.24	17.3	-0.275	1.0	-0.22	2.74	1.00	0.00	0.16	111115
148	"12:11:10"	20180317	76	0	1.06	0.0359	305	2.65	5.02	40.14	6	1.42	1	2.84	46.90	40.14	49.74	400.21	393.89	26.195	33.878	17.81	23.04	199.7	1700	17	72.24	17.3	-0.275	1.0	-0.22	2.74	1.00	0.00	0.16	111115
149	"12:11:10"	20180317	76	0	1.07	0.0359	304	2.65	5.02	40.14	6	1.42	1	2.84	46.90	40.14	49.74	400.21	393.86	26.195	33.884	17.81	23.04	199.7	1700	17	72.24	17.3	-0.275	1.0	-0.22	2.74	1.00	0.00	0.16	111115
150	"12:11:11"	20180317	76	0	1.08	0.0359	304	2.65	5.03	40.16	6	1.42	1	2.84	46.90	40.16	49.74	400.18	393.80	26.194	33.886	17.81	23.04	199.7	1700	16	72.24	17.3	-0.275	1.0	-0.22	2.74	1.00	0.00	0.16	111115
151	"12:11:11"	20180317	76	0	1.06	0.0359	304	2.65	5.03	40.16	6	1.42	1	2.84	46.90	40.16	49.74	400.15	393.83	26.196	33.895	17.81	23.04	199.7	1700	16	72.24	17.3	-0.275	1.0	-0.22	2.74	1.00	0.00	0.16	111115
152	"12:11:12"	20180317	76	0	1.06	0.036	305	2.66	5.03	40.17	6	1.42	1	2.84	46.91	40.17	49.74	400.14	393.82	26.197	33.904	17.81	23.05	199.7	1700	16	72.23	17.3	-0.275	1.0	-0.22	2.74	1.00	0.00	0.16	111115
153	"12:11:12"	20180317	76	0	1.03	0.036	306	2.66	5.03	40.17	6	1.42	1	2.84	46.91	40.17	49.74	400.07	393.83	26.198	33.917	17.81	23.05	199.7	1700	16	72.23	17.3	-0.275	1.0	-0.22	2.74	1.00	0.00	0.16	111115
154	"12:11:13"	20180317	76	0	1.05	0.0362	305	2.67	5.03	40.17	6	1.42	1	2.84	46.91	40.17	49.74	400.02	393.72	26.199	33.944	17.80	23.07	199.7	1700	16	72.23	17.3	-0.275	0.7	-0.22	2.74	1.00	0.00	0.16	111115
155	"12:11:14"	20180317	76	0	1.03	0.0362	306	2.67	5.03	40.17	6	1.42	1	2.84	46.91	40.17	49.74	399.95	393.71	26.200	33.954	17.80	23.07	199.7	1700	16	72.23	17.3	-0.275	0.7	-0.22	2.74	1.00	0.00	0.16	111115
156	"12:11:14"	20180317	76	0	1	0.0362	307	2.67	5.03	40.17	6	1.42	1	2.84	46.92	40.17	49.74	399.94	393.76	26.202	33.965	17.80	23.08	199.7	1700	16	72.23	17.3	-0.275	0.7	-0.22	2.74	1.00	0.00	0.16	111115
157	"12:11:15"	20180317	76	0	0.971	0.0363	309	2.68	5.03	40.18	6	1.42	1	2.84	46.92	40.18	49.74	399.85	393.77	26.201	33.983	17.80	23.08	199.7	1700	16	72.23	17.3	-0.275	0.7	-0.22	2.74	1.00	0.00	0.16	111115
158	"12:11:16"	20180317	76	0	0.959	0.0364	309	2.69	5.03	40.18	6	1.42	1	2.84	46.92	40.18	49.74	399.84	393.77	26.200	34.004	17.80	23.10	199.7	1700	16	72.23	17.3	-0.275	0.7	-0.22	2.74	1.00	0.00	0.16	111115
159	"12:11:17"	20180317	76	0	0.925	0.0364	311	2.69	5.03	40.19	6	1.42	1	2.84	46.92	40.19	49.74	399.78	393.82	26.202	34.014	17.80	23.10	199.7	1700	16	72.23	17.3	-0.275	0.7	-0.22	2.74	1.00	0.00	0.16	111115
160	"12:11:18"	20180317	76	0	0.919	0.0365	311	2.7	5.03	40.18	6	1.42	1	2.84	46.92	40.18	49.74	399.82	393.87	26.202	34.029	17.79	23.11	199.7	1700	16	72.24	17.3	-0.275	0.3	-0.22	2.74	1.00	0.00	0.16	111115
