"OPEN 6.3.4"
"Sat Mar 17 2018 17:54:24"
<open><version>"6.3.4"</version></open>
<open><configfile>"/User/Configs/UserPrefs/LED2x3.xml"</configfile></open>
<open><light><source>"6400-02 or -02B LED Source"</source><par_in>1<sensor>"SI-2503"<cal>-0.86<actinity>1.00</actinity><transm>1.00</transm></cal></sensor><transm>1</transm></par_in><par_out>1<sensor>"Q40491"<cal>6.5</cal></sensor></par_out></light></open>
<open><comps><file>"/User/Configs/Comps/StdComps_6.1"<header>""</header><extras></extras></file><energybal>no<f_parIn>1</f_parIn><f_parOut>0</f_parOut><alphaK>0.16</alphaK></energybal><bc_total>2.840<stomatal_ratio>1</stomatal_ratio><bc_oneside>1.420<type>2</type><table>"/Sys/Lib/StdBLCTable"</table><area>6</area><slope>-0.219565</slope><offset>2.73739</offset><fan>5</fan></bc_oneside></bc_total></comps></open>
<open><prompts><onlog>off</onlog><items>"Default (none)"</items></prompts></open>
<open><constants><oxygen>21 %</oxygen><bb_vapor>1.5</bb_vapor><bb_oxy>0.9</bb_oxy></constants></open>
<open><stability><items>"Std Stability"<items[1]><id>-2</id><size>15</size><pcv><onoff>0</onoff><value>1</value></pcv><std><onoff>0</onoff><value>1</value></std><slp><onoff>1</onoff><value>1</value></slp></items[1]><items[2]><id>-5</id><size>15</size><pcv><onoff>0</onoff><value>1</value></pcv><std><onoff>0</onoff><value>1</value></std><slp><onoff>1</onoff><value>1</value></slp></items[2]><items[3]><id>-7</id><size>15</size><pcv><onoff>0</onoff><value>1</value></pcv><std><onoff>0</onoff><value>1</value></std><slp><onoff>1</onoff><value>1</value></slp></items[3]></items></stability></open>
<open><log><format>"StdLogFmt_6.0"<items>{ -35 -21 -70 -69 -76 30 23 36 21 25 221 -33 111 -34 11 -9 -10 -8 -1 -2 -4 -5 -14 -15 -7 -12 -13 -11 -65 -66 -72 -18 -19 -77 -78 -79 -23  }<hdr>{  }</hdr></items></format><options><beep>on</beep><match>"never"<time>30</time><co2>100</co2><delta>10</delta></match><hdr>normal</hdr><rem>normal</rem><stab>no</stab><stats>no<mean>no</mean><file>no</file><period>15</period></stats><excel>yes</excel><controls>yes</controls><comm>no</comm></options><datafile>"/User/031718-AST-EOY8783"</datafile><button><action>"Normal Log"<code>" LogOneObsManual "</code></action></button><autoprog>"/User/Configs/AutoProgs/AutoLog2"<active>no</active></autoprog></log></open>
<open><a2d><avgtime>4.0 secs</avgtime><userchans><ch20>"Off"</ch20><ch21>"Off"</ch21><ch22>"Off"</ch22><ch23>"Off"</ch23></userchans></a2d></open>
<open><matching><type>0</type><disp>'a'</disp><settings>><CO2Limit>10.0</CO2Limit><H2OLimit>1.0</H2OLimit><MaxAutoTime>60</MaxAutoTime><AverageTime>10</AverageTime></settings></matching></open>
<li6400><factory><unit>"PSC-2470"</unit><serviced>"5 Feb 2018"</serviced><fuseaware>0</fuseaware><co2mixer>yes</co2mixer><co2><coeffs>{ 0 0.214772 2.55802e-05 1.93228e-08 -3.02262e-12 2.75724e-16  }</coeffs><dvdt>-4</dvdt><xs>{ 9.11e-05 0.00178  }</xs></co2><h2o><coeffs>{ 0 0.00581526 2.16703e-06 7.69607e-12  }</coeffs><dvdt>-2.9</dvdt><xs>{ -0.000111 -0.00256  }</xs></h2o><flow>{ 0 0.3696  }</flow><press>{ 86.913 0.00551  }</press></factory></li6400>
<li6400><user><flow_zero>-42.6</flow_zero><irga_zero><co2>113.5 152.5<at>27.1329</at></co2><h2o>-3.5 -3.5<at>28.1091</at></h2o></irga_zero><irga_span><co2>{ 0.990134 0.992694  }</co2><h2o>{ 0.996743 0.99801  }</h2o></irga_span><irga_match><co2>{ 0.110267 11.373  }</co2><h2o>{ -0.0816591 0.196115  }</h2o></irga_match><co2_mixer><pump_mv>4500</pump_mv><ppm>{ 2352.67 1117.67 439.284 266.3 121.188 70.6751 48.8233 48.8102  }</ppm><mv>{ 5000 3000 1500 1000 500 300 200 100  }</mv></co2_mixer><parin_offset>-0.211894</parin_offset><led_cal><unit>"SI-2503"</unit><mv>{ 10 25 50 100 1000 2000 3000 4000 5000  }</mv><qntm>{ 1.83047 9.20354 23.3042 57.5395 736.221 1467.2 2160.1 2821.48 3447.04  }</qntm></led_cal><lcf_cal><unit>"LCF-0981"</unit><red><mv>{ 50 100 200 400 800 1500  }</mv><qntm>{ 64.6036 145.758 312.409 661.73 1377.94 2641.23  }</qntm></red><blue><mv>{ 100 500 1000 2000 3000 4000 5000  }</mv><qntm>{ 11.107 44.4539 81.9578 145.168 203.372 256.093 300.56  }</qntm></blue></lcf_cal></user></li6400>
"17:54:26 "
$STARTOFDATA$
"Obs"	"HHMMSS"	"YYYYMMDD"	"DOY"	"EBal?"	"Photo"	"Cond"	"Ci"	"Trmmol"	"VpdL"	"CTleaf"	"Area"	"BLC_1"	"StmRat"	"BLCond"	"Tair"	"Tleaf"	"TBlk"	"CO2R"	"CO2S"	"H2OR"	"H2OS"	"RH_R"	"RH_S"	"Flow"	"PARi"	"PARo"	"Press"	"CsMch"	"HsMch"	"StableF"	"BLCslope"	"BLCoffst"	"f_parin"	"f_parout"	"alphaK"	"Status"
"18:20:03 Flow: Fixed -> 300 umol/s"
"18:23:19 Coolers: Tblock -> 6.50 C"
"18:23:46 Coolers: Tblock -> 6.80 C"
"18:24:20 Flow: Fixed -> 300 umol/s"
1	"18:24:25"	20180317	76	0	2.25	0.0455	304	0.872	1.38	15.54	6	1.42	1	2.84	9.24	15.54	6.86	399.94	394.74	3.749	5.483	23.01	33.66	300.0	1701	0	71.91	9.37	0.156	1.0	-0.22	2.74	1.00	0.00	0.16	111115
2	"18:24:26"	20180317	76	0	2.28	0.0455	303	0.871	1.38	15.54	6	1.42	1	2.84	9.24	15.54	6.86	400.00	394.76	3.748	5.481	23.01	33.65	300.0	1701	0	71.91	9.37	0.156	1.0	-0.22	2.74	1.00	0.00	0.16	111115
3	"18:24:26"	20180317	76	0	2.28	0.0455	303	0.871	1.38	15.54	6	1.42	1	2.84	9.24	15.54	6.86	400.00	394.76	3.748	5.481	23.01	33.65	300.0	1701	0	71.91	9.37	0.156	1.0	-0.22	2.74	1.00	0.00	0.16	111115
4	"18:24:27"	20180317	76	0	2.27	0.0455	303	0.87	1.38	15.52	6	1.42	1	2.84	9.24	15.52	6.86	400.00	394.76	3.747	5.478	23.01	33.63	300.0	1701	0	71.91	9.37	0.156	1.0	-0.22	2.74	1.00	0.00	0.16	111115
5	"18:24:27"	20180317	76	0	2.29	0.0457	303	0.872	1.37	15.51	6	1.42	1	2.84	9.24	15.51	6.86	400.01	394.74	3.747	5.481	23.00	33.65	300.0	1701	0	71.91	9.37	0.156	1.0	-0.22	2.74	1.00	0.00	0.16	111115
6	"18:24:28"	20180317	76	0	2.3	0.0457	302	0.871	1.37	15.50	6	1.42	1	2.84	9.24	15.50	6.86	400.03	394.74	3.747	5.480	23.00	33.64	300.0	1701	0	71.91	9.37	0.156	1.0	-0.22	2.74	1.00	0.00	0.16	111115
7	"18:24:28"	20180317	76	0	2.31	0.0457	302	0.871	1.37	15.49	6	1.42	1	2.84	9.24	15.49	6.86	400.04	394.73	3.746	5.480	23.00	33.64	300.0	1701	0	71.91	9.37	0.156	1.0	-0.22	2.74	1.00	0.00	0.16	111115
8	"18:24:29"	20180317	76	0	2.31	0.0458	302	0.871	1.37	15.47	6	1.42	1	2.84	9.24	15.47	6.86	400.05	394.74	3.746	5.479	22.99	33.64	300.0	1701	0	71.91	9.37	0.156	1.0	-0.22	2.74	1.00	0.00	0.16	111115
9	"18:24:29"	20180317	76	0	2.3	0.0458	302	0.871	1.37	15.46	6	1.42	1	2.84	9.24	15.46	6.86	400.04	394.75	3.745	5.478	22.99	33.63	300.0	1700	0	71.91	9.37	0.156	1.0	-0.22	2.74	1.00	0.00	0.16	111115
10	"18:24:30"	20180317	76	0	2.33	0.0458	302	0.871	1.37	15.45	6	1.42	1	2.84	9.24	15.45	6.86	400.06	394.71	3.745	5.477	22.99	33.63	300.0	1700	0	71.91	9.37	0.156	1.0	-0.22	2.74	1.00	0.00	0.16	111115
11	"18:24:31"	20180317	76	0	2.32	0.0458	302	0.871	1.37	15.46	6	1.42	1	2.84	9.24	15.46	6.86	400.05	394.73	3.745	5.477	22.99	33.62	300.0	1700	0	71.91	9.37	0.156	1.0	-0.22	2.74	1.00	0.00	0.16	111115
12	"18:24:32"	20180317	76	0	2.27	0.0457	303	0.871	1.37	15.48	6	1.42	1	2.84	9.24	15.48	6.86	399.97	394.74	3.745	5.477	22.99	33.62	300.0	1700	0	71.91	9.37	0.156	1.0	-0.22	2.74	1.00	0.00	0.16	111115
13	"18:24:32"	20180317	76	0	2.26	0.0456	303	0.869	1.37	15.49	6	1.42	1	2.84	9.24	15.49	6.86	399.97	394.76	3.746	5.475	23.00	33.61	300.0	1700	0	71.91	9.37	0.156	1.0	-0.22	2.74	1.00	0.00	0.16	111115
14	"18:24:34"	20180317	76	0	2.3	0.0454	302	0.87	1.38	15.54	6	1.42	1	2.84	9.24	15.54	6.86	400.00	394.72	3.745	5.475	22.99	33.61	300.0	1700	0	71.91	9.37	0.156	1.0	-0.22	2.74	1.00	0.00	0.16	111115
15	"18:24:35"	20180317	76	0	2.34	0.0453	300	0.869	1.38	15.56	6	1.42	1	2.84	9.25	15.56	6.87	400.05	394.68	3.745	5.474	22.99	33.60	300.0	1700	0	71.91	9.37	0.156	1.0	-0.22	2.74	1.00	0.00	0.16	111115
"18:24:48 Coolers: Tblock -> 11.80 C"
"18:29:24 Flow: Fixed -> 300 umol/s"
16	"18:29:32"	20180317	76	0	2.42	0.045	295	0.961	1.53	17.77	6	1.42	1	2.84	13.31	17.77	11.87	399.93	394.33	5.162	7.070	24.20	33.15	300.0	1700	0	71.92	9.49	0.15	1.0	-0.22	2.74	1.00	0.00	0.16	111115
17	"18:29:32"	20180317	76	0	2.43	0.0449	295	0.961	1.53	17.78	6	1.42	1	2.84	13.31	17.78	11.87	399.95	394.33	5.162	7.070	24.20	33.14	300.0	1699	0	71.92	9.49	0.15	1.0	-0.22	2.74	1.00	0.00	0.16	111115
18	"18:29:32"	20180317	76	0	2.43	0.0449	295	0.961	1.53	17.78	6	1.42	1	2.84	13.31	17.78	11.87	399.95	394.33	5.162	7.070	24.20	33.14	300.0	1699	0	71.92	9.49	0.15	1.0	-0.22	2.74	1.00	0.00	0.16	111115
19	"18:29:33"	20180317	76	0	2.44	0.045	294	0.962	1.53	17.78	6	1.42	1	2.84	13.31	17.78	11.87	399.94	394.30	5.161	7.070	24.19	33.14	300.0	1699	0	71.92	9.49	0.15	1.0	-0.22	2.74	1.00	0.00	0.16	111115
20	"18:29:34"	20180317	76	0	2.42	0.045	295	0.962	1.53	17.78	6	1.42	1	2.84	13.32	17.78	11.87	399.95	394.34	5.160	7.071	24.19	33.15	300.0	1699	0	71.92	9.49	0.15	1.0	-0.22	2.74	1.00	0.00	0.16	111115
21	"18:29:34"	20180317	76	0	2.41	0.045	295	0.962	1.53	17.77	6	1.42	1	2.84	13.32	17.77	11.87	399.92	394.33	5.160	7.070	24.19	33.14	300.0	1699	0	71.93	9.49	0.15	1.0	-0.22	2.74	1.00	0.00	0.16	111115
22	"18:29:35"	20180317	76	0	2.4	0.045	296	0.961	1.53	17.76	6	1.42	1	2.84	13.32	17.76	11.87	399.94	394.37	5.160	7.069	24.18	33.13	300.0	1699	0	71.92	9.49	0.15	1.0	-0.22	2.74	1.00	0.00	0.16	111115
23	"18:29:35"	20180317	76	0	2.4	0.0451	296	0.963	1.53	17.76	6	1.42	1	2.84	13.32	17.76	11.87	399.96	394.41	5.159	7.071	24.18	33.14	300.0	1699	0	71.93	9.49	0.15	1.0	-0.22	2.74	1.00	0.00	0.16	111115
24	"18:29:36"	20180317	76	0	2.38	0.0451	297	0.963	1.53	17.76	6	1.42	1	2.84	13.32	17.76	11.87	399.97	394.46	5.159	7.071	24.18	33.14	300.0	1699	0	71.92	9.49	0.15	1.0	-0.22	2.74	1.00	0.00	0.16	111115
25	"18:29:36"	20180317	76	0	2.36	0.0452	298	0.963	1.53	17.75	6	1.42	1	2.84	13.32	17.75	11.87	399.97	394.48	5.159	7.072	24.18	33.14	300.0	1699	0	71.92	9.49	0.15	1.0	-0.22	2.74	1.00	0.00	0.16	111115
26	"18:29:37"	20180317	76	0	2.35	0.0452	298	0.963	1.53	17.75	6	1.42	1	2.84	13.32	17.75	11.87	399.98	394.51	5.160	7.072	24.18	33.14	300.0	1699	0	71.93	9.49	0.15	1.0	-0.22	2.74	1.00	0.00	0.16	111115
27	"18:29:37"	20180317	76	0	2.39	0.0451	297	0.962	1.53	17.75	6	1.42	1	2.84	13.32	17.75	11.87	399.99	394.46	5.160	7.071	24.18	33.14	300.0	1700	0	71.93	9.49	0.15	1.0	-0.22	2.74	1.00	0.00	0.16	111115
28	"18:29:38"	20180317	76	0	2.41	0.0451	296	0.962	1.53	17.76	6	1.42	1	2.84	13.32	17.76	11.87	400.05	394.46	5.160	7.071	24.18	33.14	300.0	1700	0	71.92	9.49	0.15	1.0	-0.22	2.74	1.00	0.00	0.16	111115
29	"18:29:39"	20180317	76	0	2.44	0.0451	295	0.962	1.53	17.77	6	1.42	1	2.84	13.32	17.77	11.87	400.05	394.41	5.160	7.071	24.18	33.14	300.0	1699	0	71.93	9.49	0.15	1.0	-0.22	2.74	1.00	0.00	0.16	111115
30	"18:29:39"	20180317	76	0	2.45	0.045	294	0.961	1.53	17.78	6	1.42	1	2.84	13.32	17.78	11.87	400.06	394.40	5.161	7.069	24.18	33.13	300.0	1699	0	71.93	9.49	0.15	1.0	-0.22	2.74	1.00	0.00	0.16	111115
31	"18:29:40"	20180317	76	0	2.46	0.0449	294	0.961	1.53	17.78	6	1.42	1	2.84	13.32	17.78	11.87	400.05	394.37	5.161	7.070	24.18	33.13	300.0	1700	0	71.93	9.49	0.15	1.0	-0.22	2.74	1.00	0.00	0.16	111115
32	"18:29:41"	20180317	76	0	2.47	0.045	293	0.962	1.53	17.79	6	1.42	1	2.84	13.32	17.79	11.87	400.06	394.36	5.160	7.070	24.18	33.13	300.0	1700	0	71.93	9.49	0.15	1.0	-0.22	2.74	1.00	0.00	0.16	111115
"18:29:55 Coolers: Tblock -> 16.80 C"
"18:35:17 Flow: Fixed -> 300 umol/s"
33	"18:35:33"	20180317	76	0	2.24	0.0401	291	0.987	1.76	20.54	6	1.42	1	2.84	17.57	20.54	16.86	400.37	395.10	7.362	9.317	26.27	33.25	300.0	1700	0	71.94	9.6	0.146	1.0	-0.22	2.74	1.00	0.00	0.16	111115
34	"18:35:33"	20180317	76	0	2.24	0.0401	291	0.987	1.76	20.54	6	1.42	1	2.84	17.57	20.54	16.86	400.37	395.10	7.362	9.317	26.27	33.25	300.0	1700	0	71.94	9.6	0.146	1.0	-0.22	2.74	1.00	0.00	0.16	111115
35	"18:35:34"	20180317	76	0	2.18	0.0401	294	0.986	1.76	20.54	6	1.42	1	2.84	17.57	20.54	16.85	400.22	395.09	7.362	9.316	26.27	33.25	300.0	1700	0	71.94	9.6	0.146	1.0	-0.22	2.74	1.00	0.00	0.16	111115
36	"18:35:34"	20180317	76	0	2.11	0.0401	296	0.986	1.75	20.53	6	1.42	1	2.84	17.57	20.53	16.85	400.10	395.09	7.362	9.317	26.27	33.25	300.0	1700	0	71.94	9.6	0.146	1.0	-0.22	2.74	1.00	0.00	0.16	111115
37	"18:35:35"	20180317	76	0	2.07	0.0401	298	0.986	1.75	20.52	6	1.42	1	2.84	17.57	20.52	16.85	399.99	395.08	7.362	9.315	26.27	33.24	300.0	1700	0	71.94	9.6	0.146	1.0	-0.22	2.74	1.00	0.00	0.16	111115
38	"18:35:35"	20180317	76	0	2.02	0.0401	300	0.985	1.75	20.51	6	1.42	1	2.84	17.57	20.51	16.85	399.87	395.06	7.362	9.313	26.27	33.23	300.0	1700	0	71.94	9.6	0.146	1.0	-0.22	2.74	1.00	0.00	0.16	111115
39	"18:35:36"	20180317	76	0	1.99	0.0402	301	0.985	1.75	20.50	6	1.42	1	2.84	17.57	20.50	16.86	399.78	395.01	7.361	9.312	26.27	33.23	300.0	1700	0	71.94	9.6	0.146	1.0	-0.22	2.74	1.00	0.00	0.16	111115
40	"18:35:36"	20180317	76	0	1.99	0.0401	301	0.984	1.75	20.50	6	1.42	1	2.84	17.57	20.50	16.86	399.70	394.95	7.361	9.310	26.26	33.22	300.0	1700	0	71.94	9.6	0.146	1.0	-0.22	2.74	1.00	0.00	0.16	111115
41	"18:35:37"	20180317	76	0	2.03	0.0401	299	0.983	1.75	20.48	6	1.42	1	2.84	17.57	20.48	16.86	399.66	394.83	7.360	9.307	26.26	33.21	300.0	1700	0	71.94	9.6	0.146	1.0	-0.22	2.74	1.00	0.00	0.16	111115
42	"18:35:37"	20180317	76	0	2.04	0.0401	299	0.983	1.75	20.48	6	1.42	1	2.84	17.57	20.48	16.86	399.65	394.79	7.359	9.307	26.26	33.21	300.0	1700	0	71.94	9.6	0.146	1.0	-0.22	2.74	1.00	0.00	0.16	111115
43	"18:35:38"	20180317	76	0	2.05	0.0401	298	0.982	1.75	20.48	6	1.42	1	2.84	17.57	20.48	16.86	399.60	394.73	7.359	9.305	26.26	33.20	300.0	1700	0	71.94	9.6	0.146	1.0	-0.22	2.74	1.00	0.00	0.16	111115
44	"18:35:39"	20180317	76	0	2.06	0.0401	298	0.982	1.75	20.49	6	1.42	1	2.84	17.57	20.49	16.86	399.57	394.67	7.360	9.305	26.26	33.20	300.0	1700	0	71.94	9.6	0.146	1.0	-0.22	2.74	1.00	0.00	0.16	111115
45	"18:35:39"	20180317	76	0	2.08	0.04	297	0.982	1.75	20.51	6	1.42	1	2.84	17.57	20.51	16.87	399.57	394.64	7.361	9.306	26.26	33.20	300.0	1700	0	71.94	9.6	0.146	0.7	-0.22	2.74	1.00	0.00	0.16	111115
46	"18:35:40"	20180317	76	0	2.07	0.04	297	0.982	1.75	20.51	6	1.42	1	2.84	17.58	20.51	16.87	399.54	394.63	7.361	9.306	26.26	33.20	300.0	1700	0	71.94	9.6	0.146	0.7	-0.22	2.74	1.00	0.00	0.16	111115
47	"18:35:40"	20180317	76	0	2.09	0.04	296	0.982	1.75	20.51	6	1.42	1	2.84	17.58	20.51	16.87	399.54	394.59	7.361	9.307	26.26	33.20	300.0	1700	0	71.94	9.6	0.146	0.7	-0.22	2.74	1.00	0.00	0.16	111115
"18:35:52 Coolers: Tblock -> 21.80 C"
"18:42:15 Flow: Fixed -> 300 umol/s"
48	"18:42:31"	20180317	76	0	1.92	0.0318	282	0.944	2.1	24.06	6	1.42	1	2.84	22.12	24.06	21.85	399.76	395.18	10.705	12.569	28.81	33.83	300.0	1699	0	71.95	10.3	0.154	1.0	-0.22	2.74	1.00	0.00	0.16	111115
49	"18:42:31"	20180317	76	0	1.91	0.0318	282	0.943	2.1	24.05	6	1.42	1	2.84	22.12	24.05	21.85	399.75	395.17	10.706	12.569	28.81	33.82	300.0	1699	0	71.95	10.3	0.154	1.0	-0.22	2.74	1.00	0.00	0.16	111115
50	"18:42:32"	20180317	76	0	1.91	0.0318	282	0.943	2.1	24.05	6	1.42	1	2.84	22.12	24.05	21.85	399.75	395.17	10.706	12.569	28.81	33.82	300.0	1699	0	71.95	10.3	0.154	1.0	-0.22	2.74	1.00	0.00	0.16	111115
51	"18:42:32"	20180317	76	0	1.9	0.0318	282	0.944	2.1	24.05	6	1.42	1	2.84	22.12	24.05	21.85	399.74	395.18	10.706	12.571	28.81	33.83	300.0	1699	0	71.95	10.3	0.154	1.0	-0.22	2.74	1.00	0.00	0.16	111115
52	"18:42:33"	20180317	76	0	1.91	0.0317	281	0.942	2.1	24.06	6	1.42	1	2.84	22.12	24.06	21.85	399.73	395.15	10.706	12.567	28.81	33.82	300.0	1699	0	71.95	10.3	0.154	1.0	-0.22	2.74	1.00	0.00	0.16	111115
53	"18:42:33"	20180317	76	0	1.94	0.0317	280	0.942	2.1	24.06	6	1.42	1	2.84	22.12	24.06	21.85	399.74	395.11	10.706	12.567	28.81	33.82	300.0	1699	0	71.95	10.3	0.154	1.0	-0.22	2.74	1.00	0.00	0.16	111115
54	"18:42:34"	20180317	76	0	1.9	0.0317	282	0.941	2.1	24.06	6	1.42	1	2.84	22.12	24.06	21.85	399.69	395.14	10.707	12.566	28.81	33.81	300.0	1699	0	71.95	10.3	0.154	1.0	-0.22	2.74	1.00	0.00	0.16	111115
55	"18:42:34"	20180317	76	0	1.9	0.0317	282	0.941	2.1	24.06	6	1.42	1	2.84	22.13	24.06	21.85	399.68	395.14	10.706	12.566	28.81	33.81	300.0	1699	0	71.95	10.3	0.154	1.0	-0.22	2.74	1.00	0.00	0.16	111115
56	"18:42:35"	20180317	76	0	1.87	0.0317	283	0.942	2.1	24.06	6	1.42	1	2.84	22.12	24.06	21.85	399.67	395.17	10.706	12.566	28.81	33.81	300.0	1699	0	71.95	10.3	0.154	1.0	-0.22	2.74	1.00	0.00	0.16	111115
57	"18:42:35"	20180317	76	0	1.88	0.0317	283	0.943	2.1	24.06	6	1.42	1	2.84	22.13	24.06	21.85	399.68	395.18	10.706	12.568	28.81	33.82	300.0	1699	0	71.95	10.3	0.154	1.0	-0.22	2.74	1.00	0.00	0.16	111115
58	"18:42:36"	20180317	76	0	1.89	0.0317	283	0.942	2.1	24.07	6	1.42	1	2.84	22.13	24.07	21.85	399.70	395.18	10.708	12.568	28.81	33.82	300.0	1699	0	71.95	10.3	0.154	1.0	-0.22	2.74	1.00	0.00	0.16	111115
59	"18:42:36"	20180317	76	0	1.89	0.0317	282	0.941	2.1	24.07	6	1.42	1	2.84	22.13	24.07	21.85	399.71	395.19	10.707	12.566	28.81	33.81	300.0	1699	0	71.95	10.3	0.154	1.0	-0.22	2.74	1.00	0.00	0.16	111115
60	"18:42:37"	20180317	76	0	1.86	0.0316	284	0.941	2.1	24.07	6	1.42	1	2.84	22.13	24.07	21.85	399.67	395.20	10.707	12.565	28.81	33.81	300.0	1699	0	71.95	10.3	0.154	1.0	-0.22	2.74	1.00	0.00	0.16	111115
61	"18:42:38"	20180317	76	0	1.89	0.0317	282	0.942	2.1	24.08	6	1.42	1	2.84	22.13	24.08	21.85	399.67	395.15	10.707	12.567	28.81	33.81	300.0	1699	0	71.95	10.3	0.154	1.0	-0.22	2.74	1.00	0.00	0.16	111115
62	"18:42:38"	20180317	76	0	1.9	0.0316	282	0.941	2.1	24.08	6	1.42	1	2.84	22.13	24.08	21.85	399.68	395.14	10.709	12.566	28.81	33.81	300.0	1699	0	71.95	10.3	0.154	1.0	-0.22	2.74	1.00	0.00	0.16	111115
"18:42:47 Coolers: Tblock -> 26.80 C"
"18:46:25 Flow: Fixed -> 300 umol/s"
"18:47:48 Flow: Fixed -> 300 umol/s"
63	"18:48:04"	20180317	76	0	1.75	0.0266	271	0.922	2.44	27.21	6	1.42	1	2.84	26.61	27.21	26.83	399.97	395.74	14.648	16.463	30.14	33.87	300.0	1699	0	71.96	11.6	0.127	1.0	-0.22	2.74	1.00	0.00	0.16	111115
64	"18:48:04"	20180317	76	0	1.75	0.0266	271	0.922	2.44	27.21	6	1.42	1	2.84	26.61	27.21	26.83	399.97	395.74	14.648	16.463	30.14	33.87	300.0	1699	0	71.96	11.6	0.127	1.0	-0.22	2.74	1.00	0.00	0.16	111115
65	"18:48:04"	20180317	76	0	1.74	0.0265	271	0.922	2.44	27.21	6	1.42	1	2.84	26.61	27.21	26.83	399.96	395.75	14.649	16.463	30.14	33.87	300.0	1699	0	71.96	11.6	0.127	1.0	-0.22	2.74	1.00	0.00	0.16	111115
66	"18:48:05"	20180317	76	0	1.72	0.0266	272	0.923	2.44	27.21	6	1.42	1	2.84	26.61	27.21	26.83	399.95	395.77	14.651	16.466	30.14	33.88	300.0	1699	0	71.96	11.6	0.127	1.0	-0.22	2.74	1.00	0.00	0.16	111115
67	"18:48:05"	20180317	76	0	1.71	0.0265	273	0.922	2.44	27.21	6	1.42	1	2.84	26.61	27.21	26.83	399.93	395.77	14.651	16.465	30.14	33.87	300.0	1700	0	71.96	11.6	0.127	1.0	-0.22	2.74	1.00	0.00	0.16	111115
68	"18:48:06"	20180317	76	0	1.73	0.0265	272	0.921	2.44	27.21	6	1.42	1	2.84	26.61	27.21	26.83	399.95	395.76	14.652	16.465	30.14	33.87	300.0	1700	0	71.96	11.6	0.127	1.0	-0.22	2.74	1.00	0.00	0.16	111115
69	"18:48:07"	20180317	76	0	1.75	0.0265	270	0.921	2.44	27.21	6	1.42	1	2.84	26.61	27.21	26.83	399.97	395.73	14.652	16.464	30.14	33.87	300.0	1700	0	71.96	11.6	0.127	1.0	-0.22	2.74	1.00	0.00	0.16	111115
70	"18:48:07"	20180317	76	0	1.77	0.0265	269	0.92	2.44	27.21	6	1.42	1	2.84	26.61	27.21	26.83	399.96	395.70	14.653	16.463	30.14	33.87	300.0	1700	0	71.96	11.6	0.127	1.0	-0.22	2.74	1.00	0.00	0.16	111115
71	"18:48:08"	20180317	76	0	1.81	0.0265	267	0.921	2.44	27.21	6	1.42	1	2.84	26.61	27.21	26.83	400.01	395.67	14.652	16.463	30.14	33.87	300.0	1700	0	71.96	11.6	0.127	1.0	-0.22	2.74	1.00	0.00	0.16	111115
72	"18:48:08"	20180317	76	0	1.82	0.0264	266	0.919	2.44	27.22	6	1.42	1	2.84	26.61	27.22	26.83	400.05	395.67	14.654	16.463	30.14	33.86	300.0	1700	0	71.96	11.6	0.127	1.0	-0.22	2.74	1.00	0.00	0.16	111115
73	"18:48:09"	20180317	76	0	1.83	0.0264	265	0.92	2.44	27.22	6	1.42	1	2.84	26.61	27.22	26.83	400.07	395.67	14.654	16.463	30.14	33.86	300.0	1700	0	71.96	11.6	0.127	1.0	-0.22	2.74	1.00	0.00	0.16	111115
74	"18:48:09"	20180317	76	0	1.84	0.0264	265	0.918	2.44	27.22	6	1.42	1	2.84	26.61	27.22	26.82	400.07	395.67	14.654	16.461	30.14	33.86	300.0	1700	0	71.96	11.6	0.127	1.0	-0.22	2.74	1.00	0.00	0.16	111115
75	"18:48:10"	20180317	76	0	1.85	0.0264	264	0.919	2.44	27.22	6	1.42	1	2.84	26.61	27.22	26.82	400.10	395.68	14.655	16.462	30.14	33.86	300.0	1700	0	71.96	11.6	0.127	1.0	-0.22	2.74	1.00	0.00	0.16	111115
76	"18:48:10"	20180317	76	0	1.83	0.0264	265	0.919	2.44	27.22	6	1.42	1	2.84	26.61	27.22	26.82	400.11	395.72	14.654	16.463	30.14	33.86	300.0	1700	0	71.96	11.6	0.127	1.0	-0.22	2.74	1.00	0.00	0.16	111115
77	"18:48:11"	20180317	76	0	1.81	0.0265	267	0.92	2.44	27.22	6	1.42	1	2.84	26.61	27.22	26.82	400.13	395.78	14.656	16.466	30.15	33.87	300.0	1700	0	71.96	11.6	0.127	1.0	-0.22	2.74	1.00	0.00	0.16	111115
"18:48:23 Coolers: Tblock -> 31.50 C"
"18:50:24 Coolers: Tblock -> 31.80 C"
"18:54:32 Flow: Fixed -> 300 umol/s"
78	"18:54:35"	20180317	76	0	1.54	0.0206	255	0.835	2.82	30.51	6	1.42	1	2.84	31.24	30.51	31.88	400.13	396.39	20.174	21.806	31.75	34.32	300.0	1698	0	71.96	12.4	0.0703	1.0	-0.22	2.74	1.00	0.00	0.16	111115
79	"18:54:36"	20180317	76	0	1.52	0.0207	257	0.838	2.82	30.50	6	1.42	1	2.84	31.24	30.50	31.88	400.12	396.42	20.164	21.803	31.74	34.31	300.0	1698	0	71.96	12.4	0.0703	1.0	-0.22	2.74	1.00	0.00	0.16	111115
80	"18:54:36"	20180317	76	0	1.52	0.0207	257	0.838	2.82	30.50	6	1.42	1	2.84	31.24	30.50	31.88	400.12	396.42	20.164	21.803	31.74	34.31	300.0	1698	0	71.96	12.4	0.0703	1.0	-0.22	2.74	1.00	0.00	0.16	111115
81	"18:54:37"	20180317	76	0	1.5	0.0208	259	0.842	2.82	30.50	6	1.42	1	2.84	31.24	30.50	31.88	400.13	396.45	20.157	21.805	31.72	34.32	300.0	1699	0	71.96	12.4	0.0703	1.0	-0.22	2.74	1.00	0.00	0.16	111115
82	"18:54:37"	20180317	76	0	1.53	0.0214	260	0.866	2.82	30.50	6	1.42	1	2.84	31.24	30.50	31.87	400.22	396.48	20.111	21.806	31.65	34.32	300.0	1699	0	71.96	12.4	0.0703	1.0	-0.22	2.74	1.00	0.00	0.16	111115
83	"18:54:38"	20180317	76	0	1.52	0.0214	260	0.868	2.82	30.50	6	1.42	1	2.84	31.24	30.50	31.87	400.21	396.47	20.109	21.807	31.64	34.32	299.9	1699	0	71.96	12.4	0.0703	1.0	-0.22	2.74	1.00	0.00	0.16	111115
84	"18:54:38"	20180317	76	0	1.52	0.0215	261	0.869	2.82	30.50	6	1.42	1	2.84	31.24	30.50	31.87	400.20	396.46	20.108	21.809	31.64	34.32	299.9	1699	0	71.96	12.4	0.0703	1.0	-0.22	2.74	1.00	0.00	0.16	111115
85	"18:54:39"	20180317	76	0	1.54	0.0214	259	0.868	2.82	30.50	6	1.42	1	2.84	31.24	30.50	31.87	400.20	396.43	20.109	21.809	31.64	34.32	299.9	1700	0	71.96	12.4	0.0703	1.0	-0.22	2.74	1.00	0.00	0.16	111115
86	"18:54:39"	20180317	76	0	1.55	0.0214	259	0.868	2.82	30.50	6	1.42	1	2.84	31.24	30.50	31.87	400.20	396.41	20.111	21.809	31.65	34.32	299.9	1700	0	71.96	12.4	0.0703	1.0	-0.22	2.74	1.00	0.00	0.16	111115
87	"18:54:40"	20180317	76	0	1.54	0.0214	259	0.867	2.82	30.51	6	1.42	1	2.84	31.24	30.51	31.87	400.20	396.44	20.113	21.811	31.65	34.32	299.9	1700	0	71.96	12.4	0.0703	1.0	-0.22	2.74	1.00	0.00	0.16	111115
88	"18:54:41"	20180317	76	0	1.54	0.0214	259	0.866	2.82	30.51	6	1.42	1	2.84	31.24	30.51	31.87	400.21	396.45	20.114	21.809	31.65	34.31	299.9	1700	0	71.96	12.4	0.0703	1.0	-0.22	2.74	1.00	0.00	0.16	111115
89	"18:54:41"	20180317	76	0	1.58	0.0213	256	0.865	2.82	30.52	6	1.42	1	2.84	31.24	30.52	31.87	400.24	396.40	20.115	21.808	31.65	34.31	299.9	1700	0	71.96	12.4	0.0703	1.0	-0.22	2.74	1.00	0.00	0.16	111115
90	"18:54:42"	20180317	76	0	1.56	0.0213	257	0.864	2.82	30.52	6	1.42	1	2.84	31.24	30.52	31.87	400.24	396.43	20.116	21.807	31.65	34.31	299.9	1700	0	71.96	12.4	0.0703	1.0	-0.22	2.74	1.00	0.00	0.16	111115
91	"18:54:42"	20180317	76	0	1.54	0.0213	259	0.863	2.82	30.52	6	1.42	1	2.84	31.24	30.52	31.87	400.24	396.48	20.118	21.806	31.65	34.30	299.9	1700	0	71.96	12.4	0.0703	1.0	-0.22	2.74	1.00	0.00	0.16	111115
92	"18:54:43"	20180317	76	0	1.57	0.0212	257	0.863	2.82	30.53	6	1.42	1	2.84	31.25	30.53	31.87	400.29	396.47	20.118	21.807	31.65	34.30	299.9	1700	0	71.96	12.4	0.0703	1.0	-0.22	2.74	1.00	0.00	0.16	111115
"18:54:55 Coolers: Tblock -> 36.80 C"
"18:57:37 Flow: Fixed -> 300 umol/s"
93	"18:57:55"	20180317	76	0	1.14	0.0193	276	0.89	3.18	33.09	6	1.42	1	2.84	35.50	33.09	36.86	399.85	396.86	24.623	26.358	30.52	32.67	299.9	1699	0	71.97	13.6	-0.0306	1.0	-0.22	2.74	1.00	0.00	0.16	111115
94	"18:57:55"	20180317	76	0	1.14	0.0193	276	0.89	3.18	33.09	6	1.42	1	2.84	35.50	33.09	36.86	399.85	396.86	24.623	26.358	30.52	32.67	299.9	1699	0	71.97	13.6	-0.0306	1.0	-0.22	2.74	1.00	0.00	0.16	111115
95	"18:57:56"	20180317	76	0	1.17	0.0193	274	0.889	3.18	33.10	6	1.42	1	2.84	35.50	33.10	36.86	399.83	396.78	24.625	26.357	30.52	32.66	299.9	1699	0	71.97	13.6	-0.0306	1.0	-0.22	2.74	1.00	0.00	0.16	111115
96	"18:57:56"	20180317	76	0	1.16	0.0193	275	0.891	3.18	33.10	6	1.42	1	2.84	35.50	33.10	36.86	399.79	396.76	24.626	26.361	30.52	32.67	299.9	1699	0	71.97	13.6	-0.0306	1.0	-0.22	2.74	1.00	0.00	0.16	111115
97	"18:57:57"	20180317	76	0	1.16	0.0193	275	0.89	3.18	33.10	6	1.42	1	2.84	35.50	33.10	36.86	399.78	396.75	24.626	26.360	30.51	32.66	299.9	1699	0	71.97	13.6	-0.0306	1.0	-0.22	2.74	1.00	0.00	0.16	111115
98	"18:57:57"	20180317	76	0	1.15	0.0193	276	0.891	3.18	33.10	6	1.42	1	2.84	35.51	33.10	36.86	399.75	396.74	24.627	26.362	30.51	32.66	299.9	1699	0	71.97	13.6	-0.0306	1.0	-0.22	2.74	1.00	0.00	0.16	111115
99	"18:57:58"	20180317	76	0	1.15	0.0193	276	0.889	3.18	33.10	6	1.42	1	2.84	35.51	33.10	36.86	399.71	396.70	24.629	26.361	30.51	32.66	299.9	1699	0	71.97	13.6	-0.0306	1.0	-0.22	2.74	1.00	0.00	0.16	111115
100	"18:57:59"	20180317	76	0	1.14	0.0192	276	0.887	3.19	33.11	6	1.42	1	2.84	35.51	33.11	36.86	399.69	396.71	24.629	26.357	30.51	32.65	299.9	1699	0	71.97	13.6	-0.0306	1.0	-0.22	2.74	1.00	0.00	0.16	111115
101	"18:57:59"	20180317	76	0	1.15	0.0192	275	0.887	3.19	33.11	6	1.42	1	2.84	35.51	33.11	36.86	399.66	396.65	24.629	26.357	30.51	32.65	299.9	1699	0	71.97	13.6	-0.0306	1.0	-0.22	2.74	1.00	0.00	0.16	111115
102	"18:58:00"	20180317	76	0	1.15	0.0192	275	0.888	3.19	33.11	6	1.42	1	2.84	35.51	33.11	36.86	399.67	396.66	24.630	26.358	30.50	32.65	299.9	1699	0	71.97	13.6	-0.0306	1.0	-0.22	2.74	1.00	0.00	0.16	111115
103	"18:58:00"	20180317	76	0	1.14	0.0192	276	0.889	3.19	33.12	6	1.42	1	2.84	35.52	33.12	36.86	399.66	396.66	24.631	26.361	30.50	32.64	299.9	1699	0	71.97	13.6	-0.0306	1.0	-0.22	2.74	1.00	0.00	0.16	111115
104	"18:58:01"	20180317	76	0	1.14	0.0192	276	0.889	3.19	33.12	6	1.42	1	2.84	35.52	33.12	36.86	399.66	396.66	24.631	26.361	30.50	32.64	299.9	1699	0	71.97	13.6	-0.0306	1.0	-0.22	2.74	1.00	0.00	0.16	111115
105	"18:58:01"	20180317	76	0	1.18	0.0192	273	0.889	3.19	33.13	6	1.42	1	2.84	35.52	33.13	36.86	399.67	396.61	24.631	26.363	30.50	32.64	299.9	1699	0	71.97	13.6	-0.0306	0.7	-0.22	2.74	1.00	0.00	0.16	111115
106	"18:58:02"	20180317	76	0	1.21	0.0192	271	0.891	3.19	33.14	6	1.42	1	2.84	35.52	33.14	36.86	399.72	396.59	24.630	26.367	30.49	32.64	299.9	1699	0	71.97	13.6	-0.0306	0.7	-0.22	2.74	1.00	0.00	0.16	111115
"18:58:13 Coolers: Tblock -> 41.50 C"
"18:59:57 Flow: Fixed -> 300 umol/s"
107	"19:00:11"	20180317	76	0	1.12	0.0196	276	1.07	3.74	35.06	6	1.42	1	2.84	39.34	35.06	41.45	399.91	396.83	24.780	26.856	24.92	27.01	299.9	1700	0	71.97	14.3	-0.069	1.0	-0.22	2.74	1.00	0.00	0.16	111115
108	"19:00:11"	20180317	76	0	1.12	0.0196	276	1.07	3.74	35.06	6	1.42	1	2.84	39.34	35.06	41.45	399.91	396.83	24.780	26.856	24.92	27.01	299.9	1700	0	71.97	14.3	-0.069	1.0	-0.22	2.74	1.00	0.00	0.16	111115
109	"19:00:12"	20180317	76	0	1.11	0.0196	276	1.07	3.74	35.06	6	1.42	1	2.84	39.34	35.06	41.46	399.90	396.83	24.779	26.855	24.92	27.00	299.9	1700	0	71.97	14.3	-0.069	1.0	-0.22	2.74	1.00	0.00	0.16	111115
110	"19:00:12"	20180317	76	0	1.08	0.0196	279	1.07	3.73	35.06	6	1.42	1	2.84	39.35	35.06	41.46	399.86	396.86	24.779	26.856	24.91	27.00	299.9	1700	0	71.97	14.3	-0.069	1.0	-0.22	2.74	1.00	0.00	0.16	111115
111	"19:00:13"	20180317	76	0	1.08	0.0196	279	1.07	3.73	35.06	6	1.42	1	2.84	39.35	35.06	41.46	399.85	396.84	24.780	26.859	24.91	27.00	299.9	1700	0	71.97	14.3	-0.069	1.0	-0.22	2.74	1.00	0.00	0.16	111115
112	"19:00:14"	20180317	76	0	1.06	0.0196	281	1.07	3.73	35.06	6	1.42	1	2.84	39.35	35.06	41.47	399.79	396.83	24.779	26.859	24.91	27.00	299.9	1700	0	71.97	14.3	-0.069	1.0	-0.22	2.74	1.00	0.00	0.16	111115
113	"19:00:14"	20180317	76	0	1.08	0.0196	279	1.07	3.74	35.06	6	1.42	1	2.84	39.35	35.06	41.47	399.77	396.76	24.782	26.858	24.91	26.99	299.9	1700	0	71.97	14.3	-0.069	1.0	-0.22	2.74	1.00	0.00	0.16	111115
114	"19:00:15"	20180317	76	0	1.07	0.0196	279	1.07	3.74	35.07	6	1.42	1	2.84	39.36	35.07	41.48	399.74	396.75	24.783	26.860	24.90	26.99	299.9	1700	0	71.97	14.3	-0.069	1.0	-0.22	2.74	1.00	0.00	0.16	111115
115	"19:00:15"	20180317	76	0	1.07	0.0196	279	1.07	3.74	35.07	6	1.42	1	2.84	39.36	35.07	41.48	399.72	396.73	24.785	26.862	24.90	26.99	299.9	1700	0	71.97	14.3	-0.069	1.0	-0.22	2.74	1.00	0.00	0.16	111115
116	"19:00:16"	20180317	76	0	1.07	0.0196	280	1.07	3.74	35.08	6	1.42	1	2.84	39.37	35.08	41.49	399.69	396.71	24.787	26.867	24.90	26.98	299.9	1700	0	71.97	14.3	-0.069	1.0	-0.22	2.74	1.00	0.00	0.16	111115
117	"19:00:17"	20180317	76	0	1.08	0.0196	279	1.07	3.74	35.08	6	1.42	1	2.84	39.37	35.08	41.50	399.68	396.68	24.788	26.869	24.89	26.98	299.9	1700	0	71.97	14.3	-0.069	1.0	-0.22	2.74	1.00	0.00	0.16	111115
118	"19:00:17"	20180317	76	0	1.06	0.0196	280	1.07	3.74	35.09	6	1.42	1	2.84	39.37	35.09	41.51	399.67	396.70	24.789	26.872	24.89	26.98	299.9	1700	0	71.97	14.3	-0.069	1.0	-0.22	2.74	1.00	0.00	0.16	111115
119	"19:00:18"	20180317	76	0	1.09	0.0196	278	1.07	3.75	35.11	6	1.42	1	2.84	39.38	35.11	41.51	399.67	396.64	24.789	26.875	24.88	26.98	299.9	1700	0	71.97	14.3	-0.069	1.0	-0.22	2.74	1.00	0.00	0.16	111115
120	"19:00:18"	20180317	76	0	1.1	0.0196	277	1.07	3.75	35.12	6	1.42	1	2.84	39.38	35.12	41.52	399.68	396.64	24.789	26.877	24.88	26.97	299.9	1700	0	71.97	14.3	-0.069	1.0	-0.22	2.74	1.00	0.00	0.16	111115
121	"19:00:19"	20180317	76	0	1.1	0.0196	277	1.07	3.76	35.13	6	1.42	1	2.84	39.38	35.13	41.52	399.68	396.64	24.790	26.878	24.88	26.97	299.9	1700	0	71.97	14.3	-0.069	1.0	-0.22	2.74	1.00	0.00	0.16	111115
122	"19:00:50"	20180317	76	0	1.42	0.0191	247	1.07	3.85	35.45	6	1.42	1	2.84	39.56	35.45	41.55	400.04	396.34	24.832	26.919	24.68	26.76	299.9	1700	0	71.98	14.3	-0.069	1.0	-0.22	2.74	1.00	0.00	0.16	111115
123	"19:00:50"	20180317	76	0	1.42	0.0191	247	1.07	3.85	35.45	6	1.42	1	2.84	39.56	35.45	41.55	400.04	396.34	24.832	26.919	24.68	26.76	299.9	1700	0	71.98	14.3	-0.069	1.0	-0.22	2.74	1.00	0.00	0.16	111115
124	"19:00:51"	20180317	76	0	1.43	0.0191	247	1.07	3.85	35.44	6	1.42	1	2.84	39.56	35.44	41.55	400.03	396.32	24.833	26.918	24.68	26.75	299.9	1700	0	71.98	14.3	-0.069	1.0	-0.22	2.74	1.00	0.00	0.16	111115
125	"19:00:52"	20180317	76	0	1.4	0.0191	249	1.07	3.85	35.45	6	1.42	1	2.84	39.56	35.45	41.55	400.01	396.35	24.835	26.919	24.68	26.75	299.9	1700	0	71.97	14.3	-0.069	1.0	-0.22	2.74	1.00	0.00	0.16	111115
126	"19:00:52"	20180317	76	0	1.38	0.0191	251	1.07	3.85	35.45	6	1.42	1	2.84	39.57	35.45	41.55	399.97	396.36	24.836	26.920	24.68	26.75	299.9	1700	0	71.97	14.3	-0.069	1.0	-0.22	2.74	1.00	0.00	0.16	111115
127	"19:00:53"	20180317	76	0	1.4	0.0191	249	1.07	3.85	35.46	6	1.42	1	2.84	39.57	35.46	41.55	399.98	396.34	24.837	26.923	24.68	26.75	299.9	1700	0	71.97	14.3	-0.069	1.0	-0.22	2.74	1.00	0.00	0.16	111115
128	"19:00:54"	20180317	76	0	1.35	0.0191	253	1.07	3.85	35.45	6	1.42	1	2.84	39.57	35.45	41.55	399.94	396.40	24.839	26.924	24.67	26.75	299.9	1700	0	71.97	14.3	-0.069	1.0	-0.22	2.74	1.00	0.00	0.16	111115
129	"19:00:54"	20180317	76	0	1.35	0.0191	253	1.07	3.85	35.45	6	1.42	1	2.84	39.57	35.45	41.55	399.94	396.38	24.840	26.924	24.67	26.74	299.9	1700	0	71.97	14.3	-0.069	1.0	-0.22	2.74	1.00	0.00	0.16	111115
130	"19:00:55"	20180317	76	0	1.31	0.0191	256	1.07	3.85	35.45	6	1.42	1	2.84	39.57	35.45	41.55	399.91	396.43	24.840	26.924	24.67	26.74	299.9	1700	0	71.97	14.3	-0.069	1.0	-0.22	2.74	1.00	0.00	0.16	111115
131	"19:00:55"	20180317	76	0	1.34	0.0191	254	1.07	3.85	35.45	6	1.42	1	2.84	39.58	35.45	41.55	399.96	396.42	24.842	26.927	24.67	26.74	299.9	1700	0	71.97	14.3	-0.069	1.0	-0.22	2.74	1.00	0.00	0.16	111115
132	"19:00:56"	20180317	76	0	1.39	0.019	250	1.07	3.86	35.47	6	1.42	1	2.84	39.58	35.47	41.55	400.02	396.39	24.843	26.930	24.67	26.74	299.9	1700	0	71.97	14.3	-0.069	1.0	-0.22	2.74	1.00	0.00	0.16	111115
133	"19:00:57"	20180317	76	0	1.38	0.019	250	1.07	3.86	35.48	6	1.42	1	2.84	39.58	35.48	41.55	399.99	396.38	24.843	26.929	24.67	26.74	299.9	1700	0	71.97	14.3	-0.069	1.0	-0.22	2.74	1.00	0.00	0.16	111115
134	"19:00:57"	20180317	76	0	1.39	0.0191	250	1.07	3.86	35.48	6	1.42	1	2.84	39.58	35.48	41.55	399.99	396.36	24.842	26.931	24.66	26.74	300.0	1700	0	71.97	14.3	-0.069	1.0	-0.22	2.74	1.00	0.00	0.16	111115
135	"19:00:58"	20180317	76	0	1.41	0.019	248	1.07	3.86	35.49	6	1.42	1	2.84	39.58	35.49	41.55	400.01	396.34	24.844	26.931	24.66	26.73	299.9	1700	0	71.97	14.3	-0.069	1.0	-0.22	2.74	1.00	0.00	0.16	111115
"19:01:16 Coolers: Tblock -> 46.80 C"
"19:03:16 Flow: Fixed -> 300 umol/s"
136	"19:03:34"	20180317	76	0	0.999	0.0192	277	1.28	4.54	37.60	6	1.42	1	2.84	44.07	37.60	46.86	400.03	397.02	24.922	27.415	19.53	21.48	299.9	1700	0	71.98	15.9	-0.107	1.0	-0.22	2.74	1.00	0.00	0.16	111115
137	"19:03:34"	20180317	76	0	0.999	0.0192	277	1.28	4.54	37.60	6	1.42	1	2.84	44.07	37.60	46.86	400.03	397.02	24.922	27.415	19.53	21.48	299.9	1700	0	71.98	15.9	-0.107	1.0	-0.22	2.74	1.00	0.00	0.16	111115
138	"19:03:34"	20180317	76	0	0.949	0.0192	281	1.28	4.54	37.61	6	1.42	1	2.84	44.07	37.61	46.86	399.96	397.04	24.922	27.416	19.53	21.48	299.9	1700	0	71.98	15.9	-0.107	1.0	-0.22	2.74	1.00	0.00	0.16	111115
139	"19:03:35"	20180317	76	0	0.92	0.0192	284	1.28	4.55	37.61	6	1.42	1	2.84	44.08	37.61	46.86	399.93	397.07	24.922	27.416	19.52	21.48	299.9	1700	0	71.98	15.9	-0.107	1.0	-0.22	2.74	1.00	0.00	0.16	111115
140	"19:03:36"	20180317	76	0	0.903	0.0193	285	1.28	4.55	37.62	6	1.42	1	2.84	44.08	37.62	46.86	399.92	397.09	24.922	27.420	19.52	21.48	299.9	1700	0	71.98	15.9	-0.107	1.0	-0.22	2.74	1.00	0.00	0.16	111115
141	"19:03:36"	20180317	76	0	0.915	0.0192	284	1.28	4.55	37.63	6	1.42	1	2.84	44.08	37.63	46.86	399.91	397.06	24.923	27.421	19.52	21.48	299.9	1700	0	71.98	15.9	-0.107	1.0	-0.22	2.74	1.00	0.00	0.16	111115
142	"19:03:37"	20180317	76	0	0.925	0.0192	283	1.28	4.56	37.65	6	1.42	1	2.84	44.09	37.65	46.86	399.91	397.05	24.925	27.416	19.51	21.47	299.9	1700	0	71.98	15.9	-0.107	1.0	-0.22	2.74	1.00	0.00	0.16	111115
143	"19:03:37"	20180317	76	0	0.979	0.0191	278	1.28	4.56	37.65	6	1.42	1	2.84	44.09	37.65	46.85	399.96	396.99	24.924	27.414	19.51	21.46	299.9	1700	0	71.98	15.9	-0.107	1.0	-0.22	2.74	1.00	0.00	0.16	111115
144	"19:03:38"	20180317	76	0	0.98	0.0192	278	1.28	4.56	37.65	6	1.42	1	2.84	44.09	37.65	46.85	399.97	397.00	24.925	27.417	19.51	21.46	299.9	1700	0	71.98	15.9	-0.107	1.0	-0.22	2.74	1.00	0.00	0.16	111115
145	"19:03:39"	20180317	76	0	1.01	0.0191	276	1.28	4.56	37.67	6	1.42	1	2.84	44.09	37.67	46.85	400.02	396.98	24.926	27.419	19.51	21.46	299.9	1700	0	71.98	15.9	-0.107	1.0	-0.22	2.74	1.00	0.00	0.16	111115
146	"19:03:39"	20180317	76	0	0.999	0.0191	277	1.28	4.57	37.68	6	1.42	1	2.84	44.10	37.68	46.85	400.03	397.02	24.925	27.421	19.50	21.46	299.9	1700	0	71.98	15.9	-0.107	1.0	-0.22	2.74	1.00	0.00	0.16	111115
147	"19:03:40"	20180317	76	0	0.977	0.019	278	1.28	4.58	37.70	6	1.42	1	2.84	44.10	37.70	46.85	400.03	397.06	24.926	27.412	19.50	21.44	299.9	1700	0	71.98	15.9	-0.107	1.0	-0.22	2.74	1.00	0.00	0.16	111115
148	"19:03:41"	20180317	76	0	1.02	0.019	275	1.28	4.57	37.69	6	1.42	1	2.84	44.10	37.69	46.85	400.04	396.99	24.927	27.413	19.50	21.44	299.9	1700	0	71.98	15.9	-0.107	1.0	-0.22	2.74	1.00	0.00	0.16	111115
149	"19:03:41"	20180317	76	0	1.04	0.0191	273	1.28	4.57	37.69	6	1.42	1	2.84	44.11	37.69	46.85	400.04	396.95	24.926	27.414	19.50	21.44	299.9	1700	0	71.98	15.9	-0.107	1.0	-0.22	2.74	1.00	0.00	0.16	111115
150	"19:03:42"	20180317	76	0	1.03	0.0191	274	1.28	4.57	37.69	6	1.42	1	2.84	44.11	37.69	46.84	400.03	396.95	24.927	27.415	19.49	21.44	299.9	1700	0	71.98	15.9	-0.107	1.0	-0.22	2.74	1.00	0.00	0.16	111115
"19:03:58 Coolers: Tblock -> 50.00 C"
"19:06:39 Flow: Fixed -> 300 umol/s"
151	"19:06:55"	20180317	76	0	0.559	0.0174	302	1.36	5.32	39.73	6	1.42	1	2.84	47.00	39.73	49.74	399.89	397.68	25.021	27.674	16.86	18.65	300.0	1699	0	71.99	16.7	-0.0676	1.0	-0.22	2.74	1.00	0.00	0.16	111115
152	"19:06:56"	20180317	76	0	0.559	0.0174	302	1.36	5.32	39.73	6	1.42	1	2.84	47.00	39.73	49.74	399.89	397.68	25.021	27.674	16.86	18.65	300.0	1699	0	71.99	16.7	-0.0676	1.0	-0.22	2.74	1.00	0.00	0.16	111115
153	"19:06:56"	20180317	76	0	0.587	0.0174	299	1.37	5.31	39.73	6	1.42	1	2.84	47.01	39.73	49.74	399.87	397.61	25.020	27.677	16.86	18.65	300.0	1699	0	71.99	16.7	-0.0676	1.0	-0.22	2.74	1.00	0.00	0.16	111115
154	"19:06:57"	20180317	76	0	0.579	0.0174	300	1.37	5.31	39.72	6	1.42	1	2.84	47.01	39.72	49.74	399.87	397.63	25.022	27.680	16.86	18.65	300.0	1699	0	71.99	16.7	-0.0676	1.0	-0.22	2.74	1.00	0.00	0.16	111115
155	"19:06:57"	20180317	76	0	0.548	0.0174	303	1.37	5.31	39.72	6	1.42	1	2.84	47.01	39.72	49.74	399.85	397.66	25.021	27.681	16.86	18.65	300.0	1699	0	71.99	16.7	-0.0676	1.0	-0.22	2.74	1.00	0.00	0.16	111115
156	"19:06:58"	20180317	76	0	0.532	0.0174	304	1.37	5.31	39.73	6	1.42	1	2.84	47.01	39.73	49.74	399.82	397.67	25.022	27.681	16.86	18.65	299.9	1699	0	71.99	16.7	-0.0676	1.0	-0.22	2.74	1.00	0.00	0.16	111115
157	"19:06:59"	20180317	76	0	0.514	0.0174	306	1.37	5.32	39.74	6	1.42	1	2.84	47.01	39.74	49.74	399.82	397.71	25.023	27.681	16.86	18.65	300.0	1699	0	71.99	16.7	-0.0676	1.0	-0.22	2.74	1.00	0.00	0.16	111115
158	"19:06:59"	20180317	76	0	0.505	0.0173	306	1.36	5.33	39.76	6	1.42	1	2.84	47.01	39.76	49.74	399.79	397.69	25.023	27.673	16.86	18.64	300.0	1699	0	71.99	16.7	-0.0676	1.0	-0.22	2.74	1.00	0.00	0.16	111115
159	"19:07:00"	20180317	76	0	0.502	0.0173	306	1.36	5.34	39.79	6	1.42	1	2.84	47.01	39.79	49.74	399.76	397.68	25.024	27.675	16.86	18.64	300.0	1699	0	71.99	16.7	-0.0676	1.0	-0.22	2.74	1.00	0.00	0.16	111115
160	"19:07:00"	20180317	76	0	0.561	0.0173	301	1.36	5.35	39.82	6	1.42	1	2.84	47.02	39.82	49.74	399.84	397.63	25.025	27.677	16.86	18.64	300.0	1699	0	71.99	16.7	-0.0676	1.0	-0.22	2.74	1.00	0.00	0.16	111115
161	"19:07:01"	20180317	76	0	0.549	0.0172	302	1.36	5.35	39.83	6	1.42	1	2.84	47.02	39.83	49.74	399.84	397.66	25.025	27.676	16.86	18.64	300.0	1699	0	71.99	16.7	-0.0676	1.0	-0.22	2.74	1.00	0.00	0.16	111115
162	"19:07:01"	20180317	76	0	0.613	0.0171	296	1.36	5.37	39.87	6	1.42	1	2.84	47.02	39.87	49.74	399.88	397.57	25.025	27.667	16.85	18.63	300.0	1699	0	71.99	16.7	-0.0676	1.0	-0.22	2.74	1.00	0.00	0.16	111115
163	"19:07:02"	20180317	76	0	0.614	0.0171	296	1.36	5.37	39.87	6	1.42	1	2.84	47.02	39.87	49.74	399.89	397.59	25.024	27.666	16.85	18.63	300.0	1699	0	71.99	16.7	-0.0676	1.0	-0.22	2.74	1.00	0.00	0.16	111115
164	"19:07:02"	20180317	76	0	0.648	0.0172	293	1.36	5.37	39.87	6	1.42	1	2.84	47.02	39.87	49.74	399.91	397.53	25.024	27.670	16.85	18.63	300.0	1699	0	71.99	16.7	-0.0676	1.0	-0.22	2.74	1.00	0.00	0.16	111115
165	"19:07:03"	20180317	76	0	0.66	0.0172	292	1.36	5.36	39.85	6	1.42	1	2.84	47.03	39.85	49.74	399.91	397.51	25.023	27.675	16.85	18.63	300.0	1699	0	71.99	16.7	-0.0676	1.0	-0.22	2.74	1.00	0.00	0.16	111115
166	"19:07:04"	20180317	76	0	0.671	0.0173	291	1.36	5.35	39.83	6	1.42	1	2.84	47.03	39.83	49.74	399.91	397.48	25.024	27.676	16.85	18.63	299.9	1699	0	71.99	16.7	-0.0676	1.0	-0.22	2.74	1.00	0.00	0.16	111115
