"OPEN 6.3.4"
"Sat Mar 17 2018 16:06:21"
<open><version>"6.3.4"</version></open>
<open><configfile>"/User/Configs/UserPrefs/LED2x3.xml"</configfile></open>
<open><light><source>"6400-02 or -02B LED Source"</source><par_in>1<sensor>"SI-2503"<cal>-0.86<actinity>1.00</actinity><transm>1.00</transm></cal></sensor><transm>1</transm></par_in><par_out>1<sensor>"Q40491"<cal>6.5</cal></sensor></par_out></light></open>
<open><comps><file>"/User/Configs/Comps/StdComps_6.1"<header>""</header><extras></extras></file><energybal>no<f_parIn>1</f_parIn><f_parOut>0</f_parOut><alphaK>0.16</alphaK></energybal><bc_total>2.840<stomatal_ratio>1</stomatal_ratio><bc_oneside>1.420<type>2</type><table>"/Sys/Lib/StdBLCTable"</table><area>6</area><slope>-0.219565</slope><offset>2.73739</offset><fan>5</fan></bc_oneside></bc_total></comps></open>
<open><prompts><onlog>off</onlog><items>"Default (none)"</items></prompts></open>
<open><constants><oxygen>21 %</oxygen><bb_vapor>1.5</bb_vapor><bb_oxy>0.9</bb_oxy></constants></open>
<open><stability><items>"Std Stability"<items[1]><id>-2</id><size>15</size><pcv><onoff>0</onoff><value>1</value></pcv><std><onoff>0</onoff><value>1</value></std><slp><onoff>1</onoff><value>1</value></slp></items[1]><items[2]><id>-5</id><size>15</size><pcv><onoff>0</onoff><value>1</value></pcv><std><onoff>0</onoff><value>1</value></std><slp><onoff>1</onoff><value>1</value></slp></items[2]><items[3]><id>-7</id><size>15</size><pcv><onoff>0</onoff><value>1</value></pcv><std><onoff>0</onoff><value>1</value></std><slp><onoff>1</onoff><value>1</value></slp></items[3]></items></stability></open>
<open><log><format>"StdLogFmt_6.0"<items>{ -35 -21 -70 -69 -76 30 23 36 21 25 221 -33 111 -34 11 -9 -10 -8 -1 -2 -4 -5 -14 -15 -7 -12 -13 -11 -65 -66 -72 -18 -19 -77 -78 -79 -23  }<hdr>{  }</hdr></items></format><options><beep>on</beep><match>"never"<time>30</time><co2>100</co2><delta>10</delta></match><hdr>normal</hdr><rem>normal</rem><stab>no</stab><stats>no<mean>no</mean><file>no</file><period>15</period></stats><excel>yes</excel><controls>yes</controls><comm>no</comm></options><datafile>"/User/031718-PS-EOW7113"</datafile><button><action>"Normal Log"<code>" LogOneObsManual "</code></action></button><autoprog>"/User/Configs/AutoProgs/AutoLog2"<active>no</active></autoprog></log></open>
<open><a2d><avgtime>4.0 secs</avgtime><userchans><ch20>"Off"</ch20><ch21>"Off"</ch21><ch22>"Off"</ch22><ch23>"Off"</ch23></userchans></a2d></open>
<open><matching><type>0</type><disp>'a'</disp><settings>><CO2Limit>10.0</CO2Limit><H2OLimit>1.0</H2OLimit><MaxAutoTime>60</MaxAutoTime><AverageTime>10</AverageTime></settings></matching></open>
<li6400><factory><unit>"PSC-2470"</unit><serviced>"5 Feb 2018"</serviced><fuseaware>0</fuseaware><co2mixer>yes</co2mixer><co2><coeffs>{ 0 0.214772 2.55802e-05 1.93228e-08 -3.02262e-12 2.75724e-16  }</coeffs><dvdt>-4</dvdt><xs>{ 9.11e-05 0.00178  }</xs></co2><h2o><coeffs>{ 0 0.00581526 2.16703e-06 7.69607e-12  }</coeffs><dvdt>-2.9</dvdt><xs>{ -0.000111 -0.00256  }</xs></h2o><flow>{ 0 0.3696  }</flow><press>{ 86.913 0.00551  }</press></factory></li6400>
<li6400><user><flow_zero>-42.6</flow_zero><irga_zero><co2>113.5 152.5<at>27.1329</at></co2><h2o>-3.5 -3.5<at>28.1091</at></h2o></irga_zero><irga_span><co2>{ 0.990134 0.992694  }</co2><h2o>{ 0.996743 0.99801  }</h2o></irga_span><irga_match><co2>{ 0.110267 9.03921  }</co2><h2o>{ -0.0816591 0.135687  }</h2o></irga_match><co2_mixer><pump_mv>4500</pump_mv><ppm>{ 2352.67 1117.67 439.284 266.3 121.188 70.6751 48.8233 48.8102  }</ppm><mv>{ 5000 3000 1500 1000 500 300 200 100  }</mv></co2_mixer><parin_offset>-0.211894</parin_offset><led_cal><unit>"SI-2503"</unit><mv>{ 10 25 50 100 1000 2000 3000 4000 5000  }</mv><qntm>{ 1.83047 9.20354 23.3042 57.5395 736.221 1467.2 2160.1 2821.48 3447.04  }</qntm></led_cal><lcf_cal><unit>"LCF-0981"</unit><red><mv>{ 50 100 200 400 800 1500  }</mv><qntm>{ 64.6036 145.758 312.409 661.73 1377.94 2641.23  }</qntm></red><blue><mv>{ 100 500 1000 2000 3000 4000 5000  }</mv><qntm>{ 11.107 44.4539 81.9578 145.168 203.372 256.093 300.56  }</qntm></blue></lcf_cal></user></li6400>
"16:06:23 "
$STARTOFDATA$
"Obs"	"HHMMSS"	"YYYYMMDD"	"DOY"	"EBal?"	"Photo"	"Cond"	"Ci"	"Trmmol"	"VpdL"	"CTleaf"	"Area"	"BLC_1"	"StmRat"	"BLCond"	"Tair"	"Tleaf"	"TBlk"	"CO2R"	"CO2S"	"H2OR"	"H2OS"	"RH_R"	"RH_S"	"Flow"	"PARi"	"PARo"	"Press"	"CsMch"	"HsMch"	"StableF"	"BLCslope"	"BLCoffst"	"f_parin"	"f_parout"	"alphaK"	"Status"
"16:06:57 Flow: Fixed -> 300 umol/s"
"16:11:46 Flow: Fixed -> 300 umol/s"
"16:13:48 Flow: Fixed -> 300 umol/s"
1	"16:13:51"	20180317	76	0	6.83	0.0843	242	1.54	1.33	15.28	6	1.42	1	2.84	8.77	15.28	6.51	399.10	384.26	2.691	5.744	17.06	36.43	300.1	1700	2	71.95	9.07	0.126	1.0	-0.22	2.74	1.00	0.00	0.16	111115
2	"16:13:52"	20180317	76	0	6.88	0.0848	242	1.54	1.33	15.27	6	1.42	1	2.84	8.77	15.27	6.51	399.18	384.24	2.672	5.743	16.95	36.42	300.0	1700	2	71.95	9.07	0.126	1.0	-0.22	2.74	1.00	0.00	0.16	111115
3	"16:13:53"	20180317	76	0	7.08	0.0881	243	1.6	1.33	15.27	6	1.42	1	2.84	8.77	15.27	6.51	399.69	384.30	2.558	5.742	16.23	36.41	300.1	1700	2	71.95	9.07	0.126	1.0	-0.22	2.74	1.00	0.00	0.16	111115
4	"16:13:53"	20180317	76	0	7.08	0.0881	243	1.6	1.33	15.27	6	1.42	1	2.84	8.77	15.27	6.51	399.69	384.30	2.558	5.742	16.23	36.41	300.1	1700	2	71.95	9.07	0.126	1.0	-0.22	2.74	1.00	0.00	0.16	111115
5	"16:13:54"	20180317	76	0	7.12	0.0885	243	1.61	1.33	15.26	6	1.42	1	2.84	8.77	15.26	6.51	399.76	384.28	2.548	5.741	16.16	36.41	300.1	1700	2	71.95	9.07	0.126	1.0	-0.22	2.74	1.00	0.00	0.16	111115
6	"16:13:54"	20180317	76	0	7.12	0.0885	243	1.61	1.33	15.25	6	1.42	1	2.84	8.77	15.25	6.51	399.74	384.27	2.546	5.740	16.15	36.40	300.0	1700	2	71.95	9.07	0.126	1.0	-0.22	2.74	1.00	0.00	0.16	111115
7	"16:13:55"	20180317	76	0	7.14	0.0885	242	1.61	1.33	15.24	6	1.42	1	2.84	8.77	15.24	6.51	399.76	384.25	2.545	5.738	16.14	36.39	300.0	1700	2	71.95	9.07	0.126	1.0	-0.22	2.74	1.00	0.00	0.16	111115
8	"16:13:55"	20180317	76	0	7.16	0.0885	242	1.61	1.33	15.24	6	1.42	1	2.84	8.77	15.24	6.51	399.78	384.24	2.544	5.736	16.14	36.39	300.0	1700	2	71.95	9.07	0.126	1.0	-0.22	2.74	1.00	0.00	0.16	111115
9	"16:13:56"	20180317	76	0	7.17	0.0886	242	1.61	1.33	15.24	6	1.42	1	2.84	8.77	15.24	6.51	399.81	384.24	2.543	5.737	16.13	36.39	300.0	1700	2	71.95	9.07	0.126	1.0	-0.22	2.74	1.00	0.00	0.16	111115
10	"16:13:56"	20180317	76	0	7.19	0.0886	242	1.61	1.32	15.24	6	1.42	1	2.84	8.77	15.24	6.51	399.83	384.21	2.543	5.737	16.13	36.39	300.0	1700	2	71.95	9.07	0.126	1.0	-0.22	2.74	1.00	0.00	0.16	111115
11	"16:13:57"	20180317	76	0	7.18	0.0886	242	1.61	1.33	15.25	6	1.42	1	2.84	8.77	15.25	6.51	399.82	384.23	2.543	5.737	16.13	36.39	300.0	1700	2	71.95	9.07	0.126	1.0	-0.22	2.74	1.00	0.00	0.16	111115
12	"16:13:57"	20180317	76	0	7.18	0.0886	242	1.61	1.33	15.24	6	1.42	1	2.84	8.77	15.24	6.52	399.82	384.23	2.543	5.736	16.13	36.39	300.0	1700	2	71.95	9.07	0.126	1.0	-0.22	2.74	1.00	0.00	0.16	111115
13	"16:13:59"	20180317	76	0	7.19	0.0886	242	1.6	1.32	15.23	6	1.42	1	2.84	8.77	15.23	6.52	399.84	384.23	2.542	5.734	16.13	36.37	300.0	1700	2	71.95	9.07	0.126	1.0	-0.22	2.74	1.00	0.00	0.16	111115
14	"16:13:59"	20180317	76	0	7.19	0.0886	242	1.6	1.32	15.23	6	1.42	1	2.84	8.77	15.23	6.52	399.84	384.23	2.542	5.734	16.13	36.37	300.0	1700	2	71.95	9.07	0.126	1.0	-0.22	2.74	1.00	0.00	0.16	111115
15	"16:14:00"	20180317	76	0	7.2	0.0883	241	1.6	1.33	15.23	6	1.42	1	2.84	8.77	15.23	6.53	399.89	384.27	2.544	5.727	16.13	36.33	300.0	1700	1	71.95	9.07	0.126	1.0	-0.22	2.74	1.00	0.00	0.16	111115
"16:14:09 Coolers: Tblock -> 11.50 C"
"16:15:57 Flow: Fixed -> 300 umol/s"
"16:17:21 Flow: Fixed -> 300 umol/s"
16	"16:17:38"	20180317	76	0	7.05	0.0845	237	1.66	1.43	17.25	6	1.42	1	2.84	12.80	17.25	11.55	399.55	384.17	4.269	7.566	20.71	36.71	300.0	1700	2	71.95	9.08	0.106	1.0	-0.22	2.74	1.00	0.00	0.16	111115
17	"16:17:38"	20180317	76	0	7.01	0.0846	238	1.66	1.43	17.25	6	1.42	1	2.84	12.80	17.25	11.55	399.48	384.17	4.268	7.569	20.71	36.72	300.0	1700	1	71.95	9.08	0.106	1.0	-0.22	2.74	1.00	0.00	0.16	111115
18	"16:17:39"	20180317	76	0	7.01	0.0846	238	1.66	1.43	17.25	6	1.42	1	2.84	12.80	17.25	11.55	399.48	384.17	4.268	7.569	20.71	36.72	300.0	1700	1	71.95	9.08	0.106	1.0	-0.22	2.74	1.00	0.00	0.16	111115
19	"16:17:39"	20180317	76	0	6.98	0.0847	239	1.66	1.43	17.25	6	1.42	1	2.84	12.80	17.25	11.55	399.44	384.20	4.268	7.572	20.70	36.73	300.0	1700	1	71.95	9.08	0.106	1.0	-0.22	2.74	1.00	0.00	0.16	111115
20	"16:17:40"	20180317	76	0	6.97	0.0847	239	1.66	1.43	17.24	6	1.42	1	2.84	12.80	17.24	11.55	399.40	384.18	4.269	7.572	20.71	36.73	300.0	1700	1	71.95	9.08	0.106	1.0	-0.22	2.74	1.00	0.00	0.16	111115
21	"16:17:40"	20180317	76	0	6.97	0.0848	239	1.67	1.43	17.25	6	1.42	1	2.84	12.80	17.25	11.55	399.39	384.18	4.269	7.575	20.70	36.74	300.0	1700	2	71.95	9.08	0.106	1.0	-0.22	2.74	1.00	0.00	0.16	111115
22	"16:17:41"	20180317	76	0	6.99	0.0847	239	1.67	1.43	17.26	6	1.42	1	2.84	12.80	17.26	11.55	399.41	384.15	4.269	7.574	20.70	36.73	300.0	1700	1	71.95	9.08	0.106	1.0	-0.22	2.74	1.00	0.00	0.16	111115
23	"16:17:42"	20180317	76	0	7.02	0.0847	238	1.67	1.43	17.27	6	1.42	1	2.84	12.80	17.27	11.55	399.44	384.12	4.268	7.575	20.70	36.74	300.0	1700	1	71.95	9.08	0.106	1.0	-0.22	2.74	1.00	0.00	0.16	111115
24	"16:17:42"	20180317	76	0	7.06	0.0847	237	1.67	1.43	17.27	6	1.42	1	2.84	12.80	17.27	11.55	399.46	384.05	4.268	7.577	20.70	36.75	300.0	1700	1	71.95	9.08	0.106	1.0	-0.22	2.74	1.00	0.00	0.16	111115
25	"16:17:43"	20180317	76	0	7.08	0.0848	237	1.67	1.43	17.27	6	1.42	1	2.84	12.80	17.27	11.55	399.49	384.04	4.268	7.581	20.70	36.77	300.0	1700	1	71.95	9.08	0.106	1.0	-0.22	2.74	1.00	0.00	0.16	111115
26	"16:17:43"	20180317	76	0	7.13	0.0847	236	1.67	1.43	17.28	6	1.42	1	2.84	12.80	17.28	11.55	399.52	383.98	4.269	7.582	20.70	36.77	300.0	1700	1	71.95	9.08	0.106	1.0	-0.22	2.74	1.00	0.00	0.16	111115
27	"16:17:44"	20180317	76	0	7.13	0.0847	236	1.67	1.43	17.29	6	1.42	1	2.84	12.80	17.29	11.55	399.50	383.96	4.269	7.581	20.70	36.76	300.0	1700	1	71.95	9.08	0.106	1.0	-0.22	2.74	1.00	0.00	0.16	111115
28	"16:17:44"	20180317	76	0	7.12	0.0847	236	1.67	1.44	17.29	6	1.42	1	2.84	12.80	17.29	11.55	399.50	383.99	4.269	7.582	20.70	36.77	300.0	1700	1	71.95	9.08	0.106	1.0	-0.22	2.74	1.00	0.00	0.16	111115
29	"16:17:45"	20180317	76	0	7.12	0.0847	236	1.67	1.44	17.30	6	1.42	1	2.84	12.80	17.30	11.55	399.50	383.98	4.269	7.583	20.70	36.77	300.0	1700	1	71.95	9.08	0.106	1.0	-0.22	2.74	1.00	0.00	0.16	111115
30	"16:17:45"	20180317	76	0	7.12	0.0847	236	1.67	1.43	17.29	6	1.42	1	2.84	12.80	17.29	11.55	399.46	383.95	4.270	7.586	20.70	36.78	300.0	1700	1	71.95	9.08	0.106	1.0	-0.22	2.74	1.00	0.00	0.16	111115
"16:17:55 Coolers: Tblock -> 16.50 C"
"16:20:35 Flow: Fixed -> 300 umol/s"
31	"16:20:58"	20180317	76	0	6.89	0.0836	238	1.79	1.56	19.47	6	1.42	1	2.84	16.92	19.47	16.55	398.98	383.82	6.387	9.936	23.75	36.95	300.0	1700	1	71.95	9.26	0.0961	0.7	-0.22	2.74	1.00	0.00	0.16	111115
32	"16:20:58"	20180317	76	0	6.93	0.0836	237	1.79	1.56	19.47	6	1.42	1	2.84	16.92	19.47	16.55	399.00	383.76	6.387	9.938	23.75	36.95	300.0	1700	1	71.95	9.26	0.0961	0.7	-0.22	2.74	1.00	0.00	0.16	111115
33	"16:20:59"	20180317	76	0	6.95	0.0836	236	1.79	1.56	19.47	6	1.42	1	2.84	16.92	19.47	16.55	399.04	383.75	6.388	9.939	23.75	36.96	300.0	1700	1	71.95	9.26	0.0961	0.7	-0.22	2.74	1.00	0.00	0.16	111115
34	"16:20:59"	20180317	76	0	6.95	0.0837	237	1.79	1.56	19.47	6	1.42	1	2.84	16.92	19.47	16.55	399.03	383.75	6.387	9.939	23.75	36.95	300.0	1700	1	71.95	9.26	0.0961	0.7	-0.22	2.74	1.00	0.00	0.16	111115
35	"16:21:00"	20180317	76	0	6.99	0.0836	236	1.79	1.56	19.47	6	1.42	1	2.84	16.93	19.47	16.55	399.07	383.71	6.388	9.939	23.75	36.95	300.0	1700	1	71.95	9.26	0.0961	0.7	-0.22	2.74	1.00	0.00	0.16	111115
36	"16:21:01"	20180317	76	0	7.03	0.0837	235	1.79	1.55	19.46	6	1.42	1	2.84	16.93	19.46	16.55	399.08	383.64	6.388	9.939	23.75	36.95	300.0	1700	1	71.95	9.26	0.0961	0.7	-0.22	2.74	1.00	0.00	0.16	111115
37	"16:21:01"	20180317	76	0	7.06	0.0837	234	1.79	1.56	19.47	6	1.42	1	2.84	16.93	19.47	16.55	399.12	383.63	6.389	9.941	23.75	36.95	300.0	1700	1	71.95	9.26	0.0961	0.7	-0.22	2.74	1.00	0.00	0.16	111115
38	"16:21:02"	20180317	76	0	7.09	0.0836	234	1.79	1.56	19.47	6	1.42	1	2.84	16.93	19.47	16.55	399.14	383.59	6.389	9.940	23.75	36.95	300.0	1700	1	71.95	9.26	0.0961	0.7	-0.22	2.74	1.00	0.00	0.16	111115
39	"16:21:02"	20180317	76	0	7.08	0.0836	234	1.79	1.56	19.48	6	1.42	1	2.84	16.93	19.48	16.55	399.15	383.62	6.390	9.943	23.75	36.96	300.1	1700	1	71.95	9.26	0.0961	0.7	-0.22	2.74	1.00	0.00	0.16	111115
40	"16:21:03"	20180317	76	0	7.08	0.0836	234	1.79	1.56	19.48	6	1.42	1	2.84	16.93	19.48	16.55	399.15	383.62	6.390	9.943	23.75	36.96	300.1	1700	1	71.95	9.26	0.0961	0.7	-0.22	2.74	1.00	0.00	0.16	111115
41	"16:21:03"	20180317	76	0	7.1	0.0836	233	1.79	1.56	19.48	6	1.42	1	2.84	16.93	19.48	16.55	399.15	383.59	6.390	9.943	23.75	36.95	300.0	1700	1	71.95	9.26	0.0961	0.7	-0.22	2.74	1.00	0.00	0.16	111115
42	"16:21:04"	20180317	76	0	7.06	0.0837	234	1.8	1.56	19.49	6	1.42	1	2.84	16.94	19.49	16.55	399.11	383.61	6.389	9.949	23.74	36.96	300.0	1700	1	71.95	9.26	0.0961	0.7	-0.22	2.74	1.00	0.00	0.16	111115
43	"16:21:05"	20180317	76	0	7.05	0.0837	234	1.8	1.56	19.50	6	1.42	1	2.84	16.94	19.50	16.55	399.09	383.61	6.389	9.949	23.73	36.96	300.0	1700	1	71.95	9.26	0.0961	0.7	-0.22	2.74	1.00	0.00	0.16	111115
44	"16:21:05"	20180317	76	0	7.05	0.0837	234	1.8	1.56	19.50	6	1.42	1	2.84	16.94	19.50	16.55	399.09	383.61	6.389	9.949	23.73	36.96	300.0	1700	1	71.95	9.26	0.0961	0.7	-0.22	2.74	1.00	0.00	0.16	111115
45	"16:21:06"	20180317	76	0	7.03	0.0836	235	1.8	1.56	19.50	6	1.42	1	2.84	16.94	19.50	16.55	399.03	383.59	6.389	9.947	23.73	36.95	300.0	1700	1	71.95	9.26	0.0961	0.7	-0.22	2.74	1.00	0.00	0.16	111115
"16:21:18 Coolers: Tblock -> 21.50 C"
"16:29:32 Flow: Fixed -> 300 umol/s"
"16:31:04 Flow: Fixed -> 300 umol/s"
46	"16:31:12"	20180317	76	0	4.01	0.0482	242	1.26	1.86	22.50	6	1.42	1	2.84	21.59	22.50	21.58	399.89	390.87	9.609	12.100	26.71	33.64	300.0	1700	1	71.96	10.6	0.143	1.0	-0.22	2.74	1.00	0.00	0.16	111115
47	"16:31:12"	20180317	76	0	4.01	0.0482	242	1.26	1.86	22.50	6	1.42	1	2.84	21.59	22.50	21.58	399.89	390.87	9.609	12.100	26.71	33.64	300.0	1700	1	71.96	10.6	0.143	1.0	-0.22	2.74	1.00	0.00	0.16	111115
48	"16:31:12"	20180317	76	0	4.01	0.0482	242	1.26	1.86	22.50	6	1.42	1	2.84	21.59	22.50	21.58	399.89	390.87	9.609	12.100	26.71	33.64	300.0	1700	1	71.96	10.6	0.143	1.0	-0.22	2.74	1.00	0.00	0.16	111115
49	"16:31:13"	20180317	76	0	4.03	0.0483	242	1.26	1.86	22.50	6	1.42	1	2.84	21.59	22.50	21.58	399.92	390.86	9.609	12.102	26.71	33.64	300.0	1700	1	71.96	10.6	0.143	1.0	-0.22	2.74	1.00	0.00	0.16	111115
50	"16:31:13"	20180317	76	0	4.07	0.0482	240	1.26	1.87	22.50	6	1.42	1	2.84	21.60	22.50	21.58	399.95	390.82	9.608	12.100	26.71	33.63	300.0	1700	1	71.96	10.6	0.143	1.0	-0.22	2.74	1.00	0.00	0.16	111115
51	"16:31:14"	20180317	76	0	4.07	0.0482	240	1.26	1.87	22.51	6	1.42	1	2.84	21.60	22.51	21.58	399.96	390.83	9.609	12.099	26.71	33.63	300.0	1700	1	71.96	10.6	0.143	1.0	-0.22	2.74	1.00	0.00	0.16	111115
52	"16:31:14"	20180317	76	0	4.09	0.0482	240	1.26	1.87	22.51	6	1.42	1	2.84	21.60	22.51	21.58	399.98	390.82	9.608	12.100	26.71	33.63	300.0	1700	1	71.96	10.6	0.143	1.0	-0.22	2.74	1.00	0.00	0.16	111115
53	"16:31:15"	20180317	76	0	4.14	0.0482	238	1.26	1.87	22.51	6	1.42	1	2.84	21.60	22.51	21.58	400.03	390.77	9.608	12.100	26.71	33.63	300.0	1700	1	71.96	10.6	0.143	1.0	-0.22	2.74	1.00	0.00	0.16	111115
54	"16:31:15"	20180317	76	0	4.15	0.0482	238	1.26	1.87	22.51	6	1.42	1	2.84	21.60	22.51	21.58	400.06	390.78	9.608	12.101	26.70	33.63	300.0	1700	1	71.96	10.6	0.143	1.0	-0.22	2.74	1.00	0.00	0.16	111115
55	"16:31:16"	20180317	76	0	4.12	0.0482	239	1.26	1.87	22.51	6	1.42	1	2.84	21.60	22.51	21.57	400.07	390.83	9.609	12.100	26.71	33.63	300.0	1700	1	71.96	10.6	0.143	1.0	-0.22	2.74	1.00	0.00	0.16	111115
56	"16:31:17"	20180317	76	0	4.15	0.0482	237	1.26	1.87	22.51	6	1.42	1	2.84	21.60	22.51	21.57	400.11	390.82	9.608	12.098	26.70	33.63	300.0	1700	1	71.96	10.6	0.143	1.0	-0.22	2.74	1.00	0.00	0.16	111115
57	"16:31:17"	20180317	76	0	4.17	0.0481	237	1.26	1.87	22.51	6	1.42	1	2.84	21.60	22.51	21.57	400.14	390.81	9.609	12.099	26.71	33.63	300.0	1700	1	71.96	10.6	0.143	1.0	-0.22	2.74	1.00	0.00	0.16	111115
58	"16:31:18"	20180317	76	0	4.12	0.0482	239	1.26	1.87	22.52	6	1.42	1	2.84	21.60	22.52	21.57	400.11	390.88	9.608	12.101	26.71	33.63	300.0	1700	1	71.96	10.6	0.143	1.0	-0.22	2.74	1.00	0.00	0.16	111115
59	"16:31:18"	20180317	76	0	4.12	0.0482	239	1.26	1.87	22.51	6	1.42	1	2.84	21.60	22.51	21.56	400.10	390.88	9.609	12.099	26.71	33.63	300.0	1700	1	71.96	10.6	0.143	1.0	-0.22	2.74	1.00	0.00	0.16	111115
60	"16:31:19"	20180317	76	0	4.1	0.0481	239	1.26	1.87	22.51	6	1.42	1	2.84	21.60	22.51	21.56	400.09	390.92	9.609	12.098	26.71	33.62	300.0	1700	1	71.96	10.6	0.143	1.0	-0.22	2.74	1.00	0.00	0.16	111115
"16:31:27 Coolers: Tblock -> 26.50 C"
"16:35:04 Flow: Fixed -> 300 umol/s"
"16:36:58 Flow: Fixed -> 300 umol/s"
61	"16:37:14"	20180317	76	0	3.86	0.0444	234	1.38	2.2	25.92	6	1.42	1	2.84	26.07	25.92	26.56	399.42	390.61	13.355	16.073	28.36	34.13	299.9	1699	1	71.96	11.6	0.105	1.0	-0.22	2.74	1.00	0.00	0.16	111115
62	"16:37:14"	20180317	76	0	3.86	0.0444	234	1.38	2.2	25.92	6	1.42	1	2.84	26.07	25.92	26.56	399.42	390.61	13.355	16.073	28.36	34.13	299.9	1699	1	71.96	11.6	0.105	1.0	-0.22	2.74	1.00	0.00	0.16	111115
63	"16:37:15"	20180317	76	0	3.88	0.0443	233	1.38	2.2	25.92	6	1.42	1	2.84	26.07	25.92	26.56	399.44	390.61	13.355	16.071	28.35	34.12	299.9	1699	1	71.96	11.6	0.105	1.0	-0.22	2.74	1.00	0.00	0.16	111115
64	"16:37:15"	20180317	76	0	3.85	0.0443	234	1.38	2.2	25.92	6	1.42	1	2.84	26.08	25.92	26.56	399.45	390.66	13.354	16.070	28.35	34.12	299.9	1699	1	71.96	11.6	0.105	1.0	-0.22	2.74	1.00	0.00	0.16	111115
65	"16:37:16"	20180317	76	0	3.84	0.0444	235	1.38	2.2	25.92	6	1.42	1	2.84	26.08	25.92	26.56	399.40	390.65	13.355	16.073	28.35	34.12	299.9	1699	1	71.96	11.6	0.105	1.0	-0.22	2.74	1.00	0.00	0.16	111115
66	"16:37:16"	20180317	76	0	3.84	0.0444	235	1.38	2.2	25.92	6	1.42	1	2.84	26.08	25.92	26.56	399.40	390.65	13.355	16.073	28.35	34.12	299.9	1699	1	71.96	11.6	0.105	1.0	-0.22	2.74	1.00	0.00	0.16	111115
67	"16:37:16"	20180317	76	0	3.84	0.0444	234	1.38	2.2	25.92	6	1.42	1	2.84	26.08	25.92	26.56	399.42	390.65	13.354	16.072	28.35	34.12	300.0	1699	1	71.96	11.6	0.105	1.0	-0.22	2.74	1.00	0.00	0.16	111115
68	"16:37:17"	20180317	76	0	3.86	0.0444	234	1.38	2.2	25.92	6	1.42	1	2.84	26.08	25.92	26.56	399.42	390.63	13.353	16.075	28.34	34.12	300.0	1699	1	71.96	11.6	0.105	1.0	-0.22	2.74	1.00	0.00	0.16	111115
69	"16:37:17"	20180317	76	0	3.84	0.0444	235	1.38	2.2	25.93	6	1.42	1	2.84	26.08	25.93	26.56	399.40	390.65	13.354	16.074	28.34	34.12	300.0	1699	1	71.96	11.6	0.105	1.0	-0.22	2.74	1.00	0.00	0.16	111115
70	"16:37:18"	20180317	76	0	3.82	0.0444	236	1.38	2.2	25.93	6	1.42	1	2.84	26.08	25.93	26.56	399.38	390.66	13.352	16.075	28.34	34.12	300.0	1699	1	71.96	11.6	0.105	1.0	-0.22	2.74	1.00	0.00	0.16	111115
71	"16:37:19"	20180317	76	0	3.82	0.0444	235	1.38	2.2	25.93	6	1.42	1	2.84	26.08	25.93	26.56	399.40	390.68	13.352	16.075	28.34	34.12	300.0	1699	1	71.96	11.6	0.105	1.0	-0.22	2.74	1.00	0.00	0.16	111115
72	"16:37:19"	20180317	76	0	3.78	0.0445	237	1.38	2.2	25.94	6	1.42	1	2.84	26.08	25.94	26.56	399.37	390.74	13.352	16.078	28.34	34.12	300.0	1699	1	71.96	11.6	0.105	1.0	-0.22	2.74	1.00	0.00	0.16	111115
73	"16:37:20"	20180317	76	0	3.8	0.0445	236	1.39	2.21	25.94	6	1.42	1	2.84	26.08	25.94	26.56	399.40	390.72	13.352	16.079	28.33	34.12	300.0	1699	1	71.96	11.6	0.105	1.0	-0.22	2.74	1.00	0.00	0.16	111115
74	"16:37:20"	20180317	76	0	3.81	0.0444	236	1.39	2.21	25.95	6	1.42	1	2.84	26.08	25.95	26.56	399.41	390.70	13.353	16.081	28.33	34.12	299.9	1699	1	71.96	11.6	0.105	1.0	-0.22	2.74	1.00	0.00	0.16	111115
75	"16:37:21"	20180317	76	0	3.83	0.0445	235	1.39	2.21	25.95	6	1.42	1	2.84	26.09	25.95	26.56	399.43	390.68	13.353	16.083	28.33	34.12	299.9	1699	1	71.96	11.6	0.105	1.0	-0.22	2.74	1.00	0.00	0.16	111115
"16:37:31 Coolers: Tblock -> 31.50 C"
"16:46:03 Flow: Fixed -> 300 umol/s"
"16:47:38 Flow: Fixed -> 300 umol/s"
76	"16:47:46"	20180317	76	0	4.07	0.0458	228	1.73	2.65	29.56	6	1.42	1	2.84	30.80	29.56	31.55	400.22	390.73	17.492	20.881	28.22	33.68	299.9	1699	1	71.95	12.7	0.09	1.0	-0.22	2.74	1.00	0.00	0.16	111115
77	"16:47:47"	20180317	76	0	4.05	0.0459	229	1.73	2.65	29.55	6	1.42	1	2.84	30.80	29.55	31.55	400.20	390.75	17.492	20.884	28.22	33.69	299.9	1699	1	71.95	12.7	0.09	1.0	-0.22	2.74	1.00	0.00	0.16	111115
78	"16:47:47"	20180317	76	0	4.05	0.0459	229	1.73	2.65	29.55	6	1.42	1	2.84	30.80	29.55	31.55	400.20	390.75	17.492	20.884	28.22	33.69	299.9	1699	1	71.95	12.7	0.09	1.0	-0.22	2.74	1.00	0.00	0.16	111115
79	"16:47:47"	20180317	76	0	4.05	0.0459	229	1.73	2.65	29.55	6	1.42	1	2.84	30.80	29.55	31.55	400.19	390.73	17.493	20.884	28.22	33.69	299.9	1699	1	71.95	12.7	0.09	1.0	-0.22	2.74	1.00	0.00	0.16	111115
80	"16:47:48"	20180317	76	0	4.05	0.0459	229	1.73	2.65	29.55	6	1.42	1	2.84	30.80	29.55	31.55	400.21	390.74	17.492	20.884	28.22	33.69	299.9	1699	1	71.95	12.7	0.09	1.0	-0.22	2.74	1.00	0.00	0.16	111115
81	"16:47:48"	20180317	76	0	4.08	0.0459	228	1.73	2.65	29.55	6	1.42	1	2.84	30.80	29.55	31.55	400.26	390.73	17.492	20.883	28.22	33.69	299.9	1699	2	71.95	12.7	0.09	1.0	-0.22	2.74	1.00	0.00	0.16	111115
82	"16:47:49"	20180317	76	0	4.07	0.046	228	1.73	2.65	29.55	6	1.42	1	2.84	30.80	29.55	31.55	400.21	390.72	17.491	20.885	28.22	33.69	299.9	1699	1	71.95	12.7	0.09	1.0	-0.22	2.74	1.00	0.00	0.16	111115
83	"16:47:49"	20180317	76	0	4.06	0.046	229	1.73	2.65	29.54	6	1.42	1	2.84	30.80	29.54	31.55	400.18	390.70	17.490	20.886	28.21	33.69	299.9	1699	1	71.95	12.7	0.09	1.0	-0.22	2.74	1.00	0.00	0.16	111115
84	"16:47:50"	20180317	76	0	4.03	0.046	229	1.73	2.65	29.54	6	1.42	1	2.84	30.80	29.54	31.55	400.14	390.72	17.490	20.883	28.21	33.69	299.9	1699	1	71.95	12.7	0.09	1.0	-0.22	2.74	1.00	0.00	0.16	111115
85	"16:47:50"	20180317	76	0	4.06	0.046	229	1.73	2.65	29.54	6	1.42	1	2.84	30.80	29.54	31.55	400.17	390.70	17.491	20.883	28.22	33.69	299.9	1699	1	71.95	12.7	0.09	1.0	-0.22	2.74	1.00	0.00	0.16	111115
86	"16:47:51"	20180317	76	0	4.06	0.046	229	1.73	2.65	29.54	6	1.42	1	2.84	30.80	29.54	31.55	400.19	390.71	17.490	20.884	28.21	33.69	299.9	1699	1	71.95	12.7	0.09	1.0	-0.22	2.74	1.00	0.00	0.16	111115
87	"16:47:51"	20180317	76	0	4.04	0.046	229	1.73	2.65	29.54	6	1.42	1	2.84	30.80	29.54	31.55	400.17	390.73	17.490	20.884	28.21	33.69	299.9	1699	1	71.95	12.7	0.09	1.0	-0.22	2.74	1.00	0.00	0.16	111115
88	"16:47:52"	20180317	76	0	4.06	0.046	228	1.73	2.65	29.55	6	1.42	1	2.84	30.80	29.55	31.55	400.16	390.68	17.489	20.883	28.21	33.69	299.9	1699	1	71.95	12.7	0.09	1.0	-0.22	2.74	1.00	0.00	0.16	111115
89	"16:47:52"	20180317	76	0	4.03	0.046	230	1.73	2.65	29.55	6	1.42	1	2.84	30.80	29.55	31.55	400.13	390.71	17.488	20.885	28.21	33.69	299.9	1699	1	71.95	12.7	0.09	1.0	-0.22	2.74	1.00	0.00	0.16	111115
90	"16:47:53"	20180317	76	0	4.05	0.046	229	1.73	2.65	29.55	6	1.42	1	2.84	30.80	29.55	31.55	400.19	390.73	17.489	20.885	28.21	33.69	299.9	1699	1	71.95	12.7	0.09	1.0	-0.22	2.74	1.00	0.00	0.16	111115
91	"16:47:53"	20180317	76	0	4.05	0.046	229	1.73	2.65	29.55	6	1.42	1	2.84	30.80	29.55	31.55	400.21	390.76	17.491	20.886	28.21	33.69	300.0	1699	1	71.95	12.7	0.09	1.0	-0.22	2.74	1.00	0.00	0.16	111115
92	"16:47:54"	20180317	76	0	4.08	0.046	228	1.74	2.65	29.55	6	1.42	1	2.84	30.80	29.55	31.55	400.23	390.72	17.490	20.889	28.21	33.69	300.0	1699	2	71.95	12.7	0.09	1.0	-0.22	2.74	1.00	0.00	0.16	111115
93	"16:47:55"	20180317	76	0	4.05	0.046	229	1.73	2.65	29.55	6	1.42	1	2.84	30.80	29.55	31.55	400.21	390.74	17.490	20.887	28.21	33.69	300.0	1699	1	71.95	12.7	0.09	1.0	-0.22	2.74	1.00	0.00	0.16	111115
"16:48:04 Coolers: Tblock -> 36.50 C"
"16:51:00 Flow: Fixed -> 300 umol/s"
"16:52:50 Flow: Fixed -> 300 umol/s"
94	"16:53:14"	20180317	76	0	3.95	0.047	233	1.94	2.88	32.11	6	1.42	1	2.84	35.27	32.11	36.55	400.18	390.76	22.953	26.737	28.81	33.56	299.9	1700	2	71.95	13.9	-0.0231	1.0	-0.22	2.74	1.00	0.00	0.16	111115
95	"16:53:14"	20180317	76	0	3.95	0.047	233	1.94	2.88	32.11	6	1.42	1	2.84	35.27	32.11	36.55	400.18	390.76	22.953	26.737	28.81	33.56	299.9	1700	2	71.95	13.9	-0.0231	1.0	-0.22	2.74	1.00	0.00	0.16	111115
96	"16:53:14"	20180317	76	0	3.93	0.047	234	1.94	2.88	32.11	6	1.42	1	2.84	35.27	32.11	36.55	400.16	390.79	22.952	26.736	28.81	33.56	299.9	1700	1	71.95	13.9	-0.0231	1.0	-0.22	2.74	1.00	0.00	0.16	111115
97	"16:53:15"	20180317	76	0	3.94	0.0471	234	1.94	2.88	32.11	6	1.42	1	2.84	35.27	32.11	36.55	400.16	390.76	22.951	26.738	28.80	33.56	299.9	1700	1	71.95	13.9	-0.0231	1.0	-0.22	2.74	1.00	0.00	0.16	111115
98	"16:53:16"	20180317	76	0	3.91	0.0471	235	1.95	2.88	32.11	6	1.42	1	2.84	35.27	32.11	36.55	400.11	390.77	22.949	26.738	28.80	33.55	299.9	1700	2	71.95	13.9	-0.0231	1.0	-0.22	2.74	1.00	0.00	0.16	111115
99	"16:53:16"	20180317	76	0	3.89	0.0471	236	1.95	2.88	32.11	6	1.42	1	2.84	35.27	32.11	36.55	400.06	390.75	22.948	26.739	28.80	33.55	299.9	1700	1	71.95	13.9	-0.0231	1.0	-0.22	2.74	1.00	0.00	0.16	111115
100	"16:53:17"	20180317	76	0	3.86	0.0471	237	1.95	2.88	32.11	6	1.42	1	2.84	35.27	32.11	36.55	400.02	390.76	22.947	26.741	28.79	33.56	299.9	1700	1	71.95	13.9	-0.0231	1.0	-0.22	2.74	1.00	0.00	0.16	111115
101	"16:53:17"	20180317	76	0	3.85	0.0471	237	1.95	2.88	32.11	6	1.42	1	2.84	35.27	32.11	36.55	399.97	390.75	22.947	26.742	28.79	33.55	299.9	1700	1	71.95	13.9	-0.0231	1.0	-0.22	2.74	1.00	0.00	0.16	111115
102	"16:53:18"	20180317	76	0	3.81	0.0471	238	1.95	2.88	32.11	6	1.42	1	2.84	35.27	32.11	36.55	399.91	390.76	22.950	26.741	28.80	33.55	299.9	1700	1	71.95	13.9	-0.0231	1.0	-0.22	2.74	1.00	0.00	0.16	111115
103	"16:53:18"	20180317	76	0	3.81	0.0471	238	1.95	2.88	32.11	6	1.42	1	2.84	35.27	32.11	36.55	399.86	390.71	22.950	26.742	28.79	33.55	299.9	1700	1	71.95	13.9	-0.0231	1.0	-0.22	2.74	1.00	0.00	0.16	111115
104	"16:53:19"	20180317	76	0	3.8	0.0471	239	1.95	2.88	32.12	6	1.42	1	2.84	35.28	32.12	36.55	399.83	390.71	22.950	26.745	28.79	33.55	299.9	1700	2	71.95	13.9	-0.0231	1.0	-0.22	2.74	1.00	0.00	0.16	111115
105	"16:53:19"	20180317	76	0	3.79	0.0471	239	1.95	2.88	32.12	6	1.42	1	2.84	35.28	32.12	36.54	399.78	390.69	22.951	26.743	28.79	33.55	299.9	1700	2	71.95	13.9	-0.0231	1.0	-0.22	2.74	1.00	0.00	0.16	111115
106	"16:53:20"	20180317	76	0	3.82	0.0471	238	1.95	2.88	32.12	6	1.42	1	2.84	35.28	32.12	36.54	399.79	390.62	22.953	26.745	28.79	33.55	299.9	1700	2	71.95	13.9	-0.0231	1.0	-0.22	2.74	1.00	0.00	0.16	111115
107	"16:53:20"	20180317	76	0	3.8	0.0471	239	1.95	2.88	32.11	6	1.42	1	2.84	35.28	32.11	36.54	399.78	390.66	22.954	26.747	28.79	33.55	299.9	1700	2	71.95	13.9	-0.0231	1.0	-0.22	2.74	1.00	0.00	0.16	111115
108	"16:53:21"	20180317	76	0	3.8	0.0471	239	1.95	2.88	32.11	6	1.42	1	2.84	35.28	32.11	36.54	399.78	390.66	22.956	26.745	28.79	33.55	299.9	1700	2	71.95	13.9	-0.0231	1.0	-0.22	2.74	1.00	0.00	0.16	111115
"16:53:30 Coolers: Tblock -> 41.50 C"
"16:57:15 Flow: Fixed -> 300 umol/s"
109	"16:57:40"	20180317	76	0	3.25	0.0453	246	2.52	3.84	35.67	6	1.42	1	2.84	39.65	35.67	41.55	399.44	390.96	23.154	28.051	22.89	27.73	299.9	1699	2	71.94	15.3	-0.0647	0.7	-0.22	2.74	1.00	0.00	0.16	111115
110	"16:57:40"	20180317	76	0	3.26	0.0453	246	2.52	3.84	35.67	6	1.42	1	2.84	39.65	35.67	41.55	399.44	390.95	23.154	28.053	22.89	27.74	299.9	1699	2	71.94	15.3	-0.0647	0.7	-0.22	2.74	1.00	0.00	0.16	111115
111	"16:57:40"	20180317	76	0	3.26	0.0453	246	2.52	3.84	35.67	6	1.42	1	2.84	39.65	35.67	41.55	399.44	390.95	23.154	28.053	22.89	27.74	299.9	1699	2	71.94	15.3	-0.0647	0.7	-0.22	2.74	1.00	0.00	0.16	111115
112	"16:57:41"	20180317	76	0	3.28	0.0453	245	2.52	3.84	35.67	6	1.42	1	2.84	39.65	35.67	41.55	399.43	390.89	23.155	28.055	22.89	27.73	299.9	1699	2	71.94	15.3	-0.0647	0.7	-0.22	2.74	1.00	0.00	0.16	111115
113	"16:57:41"	20180317	76	0	3.3	0.0453	244	2.52	3.84	35.67	6	1.42	1	2.84	39.65	35.67	41.55	399.42	390.86	23.155	28.054	22.89	27.73	299.9	1699	2	71.94	15.3	-0.0647	0.7	-0.22	2.74	1.00	0.00	0.16	111115
114	"16:57:42"	20180317	76	0	3.31	0.0453	244	2.52	3.84	35.66	6	1.42	1	2.84	39.66	35.66	41.55	399.44	390.85	23.155	28.053	22.89	27.73	299.9	1699	2	71.94	15.3	-0.0647	0.7	-0.22	2.74	1.00	0.00	0.16	111115
115	"16:57:42"	20180317	76	0	3.36	0.0453	242	2.52	3.84	35.67	6	1.42	1	2.84	39.66	35.67	41.55	399.47	390.78	23.155	28.055	22.89	27.73	299.9	1699	2	71.94	15.3	-0.0647	0.7	-0.22	2.74	1.00	0.00	0.16	111115
116	"16:57:43"	20180317	76	0	3.37	0.0453	242	2.52	3.84	35.66	6	1.42	1	2.84	39.66	35.66	41.55	399.44	390.74	23.156	28.056	22.88	27.73	299.9	1699	2	71.94	15.3	-0.0647	0.7	-0.22	2.74	1.00	0.00	0.16	111115
117	"16:57:43"	20180317	76	0	3.35	0.0453	242	2.52	3.84	35.66	6	1.42	1	2.84	39.66	35.66	41.55	399.41	390.74	23.157	28.056	22.88	27.72	299.9	1699	2	71.94	15.3	-0.0647	0.7	-0.22	2.74	1.00	0.00	0.16	111115
118	"16:57:44"	20180317	76	0	3.33	0.0453	243	2.52	3.84	35.66	6	1.42	1	2.84	39.66	35.66	41.55	399.39	390.74	23.158	28.056	22.88	27.72	299.9	1699	2	71.94	15.3	-0.0647	0.7	-0.22	2.74	1.00	0.00	0.16	111115
119	"16:57:45"	20180317	76	0	3.31	0.0453	243	2.52	3.84	35.67	6	1.42	1	2.84	39.66	35.67	41.55	399.36	390.76	23.158	28.055	22.88	27.72	299.9	1699	2	71.94	15.3	-0.0647	0.7	-0.22	2.74	1.00	0.00	0.16	111115
120	"16:57:45"	20180317	76	0	3.3	0.0452	244	2.52	3.84	35.67	6	1.42	1	2.84	39.66	35.67	41.55	399.37	390.80	23.159	28.052	22.88	27.71	299.9	1699	2	71.94	15.3	-0.0647	0.7	-0.22	2.74	1.00	0.00	0.16	111115
121	"16:57:46"	20180317	76	0	3.32	0.0452	243	2.52	3.85	35.68	6	1.42	1	2.84	39.66	35.68	41.55	399.40	390.78	23.158	28.050	22.88	27.71	299.9	1699	2	71.94	15.3	-0.0647	0.7	-0.22	2.74	1.00	0.00	0.16	111115
122	"16:57:46"	20180317	76	0	3.32	0.0451	243	2.52	3.85	35.69	6	1.42	1	2.84	39.67	35.69	41.55	399.38	390.77	23.158	28.049	22.88	27.71	299.9	1699	2	71.94	15.3	-0.0647	0.7	-0.22	2.74	1.00	0.00	0.16	111115
123	"16:57:47"	20180317	76	0	3.29	0.0451	244	2.51	3.85	35.69	6	1.42	1	2.84	39.67	35.69	41.55	399.35	390.80	23.159	28.048	22.88	27.71	299.9	1699	2	71.94	15.3	-0.0647	0.7	-0.22	2.74	1.00	0.00	0.16	111115
124	"16:57:47"	20180317	76	0	3.28	0.0451	244	2.51	3.85	35.69	6	1.42	1	2.84	39.67	35.69	41.55	399.34	390.81	23.159	28.047	22.88	27.71	299.9	1699	2	71.94	15.3	-0.0647	0.7	-0.22	2.74	1.00	0.00	0.16	111115
125	"16:57:48"	20180317	76	0	3.28	0.0451	244	2.51	3.85	35.69	6	1.42	1	2.84	39.67	35.69	41.55	399.36	390.82	23.160	28.048	22.88	27.70	299.9	1699	2	71.94	15.3	-0.0647	0.7	-0.22	2.74	1.00	0.00	0.16	111115
"16:57:56 Coolers: Tblock -> 46.50 C"
"17:00:25 Flow: Fixed -> 300 umol/s"
"17:02:01 Flow: Fixed -> 300 umol/s"
126	"17:02:38"	20180317	76	0	2.4	0.0434	266	3.01	4.75	38.55	6	1.42	1	2.84	44.14	38.55	46.54	400.10	392.94	23.385	29.237	18.25	22.81	300.0	1700	2	71.93	16.4	-0.0855	1.0	-0.22	2.74	1.00	0.00	0.16	111115
127	"17:02:38"	20180317	76	0	2.42	0.0434	266	3.01	4.76	38.55	6	1.42	1	2.84	44.14	38.55	46.54	400.11	392.91	23.387	29.240	18.25	22.81	299.9	1700	1	71.93	16.4	-0.0855	1.0	-0.22	2.74	1.00	0.00	0.16	111115
128	"17:02:39"	20180317	76	0	2.42	0.0434	266	3.01	4.76	38.55	6	1.42	1	2.84	44.14	38.55	46.54	400.11	392.91	23.387	29.240	18.25	22.81	299.9	1700	1	71.93	16.4	-0.0855	1.0	-0.22	2.74	1.00	0.00	0.16	111115
129	"17:02:39"	20180317	76	0	2.39	0.0434	266	3.02	4.76	38.55	6	1.42	1	2.84	44.14	38.55	46.54	400.06	392.91	23.387	29.244	18.25	22.81	299.9	1700	1	71.93	16.4	-0.0855	1.0	-0.22	2.74	1.00	0.00	0.16	111115
130	"17:02:40"	20180317	76	0	2.37	0.0434	267	3.02	4.76	38.55	6	1.42	1	2.84	44.14	38.55	46.54	400.04	392.93	23.389	29.246	18.25	22.81	299.9	1700	2	71.93	16.4	-0.0855	1.0	-0.22	2.74	1.00	0.00	0.16	111115
131	"17:02:40"	20180317	76	0	2.39	0.0434	267	3.02	4.76	38.55	6	1.42	1	2.84	44.14	38.55	46.54	400.06	392.91	23.389	29.248	18.24	22.82	299.9	1700	1	71.93	16.4	-0.0855	1.0	-0.22	2.74	1.00	0.00	0.16	111115
132	"17:02:41"	20180317	76	0	2.41	0.0435	266	3.02	4.76	38.55	6	1.42	1	2.84	44.14	38.55	46.54	400.07	392.89	23.390	29.249	18.24	22.82	299.9	1700	2	71.93	16.4	-0.0855	1.0	-0.22	2.74	1.00	0.00	0.16	111115
133	"17:02:41"	20180317	76	0	2.42	0.0435	266	3.02	4.75	38.55	6	1.42	1	2.84	44.15	38.55	46.54	400.10	392.89	23.390	29.247	18.24	22.81	300.0	1700	2	71.93	16.4	-0.0855	1.0	-0.22	2.74	1.00	0.00	0.16	111115
134	"17:02:42"	20180317	76	0	2.43	0.0435	265	3.02	4.75	38.54	6	1.42	1	2.84	44.15	38.54	46.54	400.12	392.89	23.391	29.248	18.24	22.81	300.0	1700	2	71.93	16.4	-0.0855	1.0	-0.22	2.74	1.00	0.00	0.16	111115
135	"17:02:43"	20180317	76	0	2.4	0.0435	266	3.01	4.75	38.53	6	1.42	1	2.84	44.15	38.53	46.54	400.07	392.89	23.392	29.247	18.24	22.81	299.9	1699	2	71.93	16.4	-0.0855	1.0	-0.22	2.74	1.00	0.00	0.16	111115
136	"17:02:43"	20180317	76	0	2.39	0.0435	267	3.02	4.75	38.54	6	1.42	1	2.84	44.15	38.54	46.54	400.05	392.91	23.391	29.248	18.24	22.81	299.9	1700	2	71.93	16.4	-0.0855	1.0	-0.22	2.74	1.00	0.00	0.16	111115
137	"17:02:44"	20180317	76	0	2.4	0.0434	266	3.02	4.76	38.55	6	1.42	1	2.84	44.15	38.55	46.54	400.05	392.87	23.393	29.249	18.24	22.81	300.0	1699	2	71.93	16.4	-0.0855	1.0	-0.22	2.74	1.00	0.00	0.16	111115
138	"17:02:44"	20180317	76	0	2.41	0.0434	266	3.02	4.76	38.56	6	1.42	1	2.84	44.15	38.56	46.54	400.05	392.86	23.394	29.251	18.24	22.81	300.0	1699	2	71.93	16.4	-0.0855	1.0	-0.22	2.74	1.00	0.00	0.16	111115
139	"17:02:45"	20180317	76	0	2.4	0.0434	266	3.02	4.76	38.56	6	1.42	1	2.84	44.15	38.56	46.54	400.05	392.87	23.395	29.252	18.24	22.81	299.9	1699	2	71.93	16.4	-0.0855	1.0	-0.22	2.74	1.00	0.00	0.16	111115
140	"17:02:45"	20180317	76	0	2.39	0.0434	266	3.02	4.76	38.57	6	1.42	1	2.84	44.15	38.57	46.53	400.05	392.89	23.397	29.257	18.24	22.81	300.0	1699	2	71.93	16.4	-0.0855	1.0	-0.22	2.74	1.00	0.00	0.16	111115
141	"17:02:46"	20180317	76	0	2.42	0.0434	265	3.02	4.76	38.57	6	1.42	1	2.84	44.15	38.57	46.53	400.06	392.84	23.397	29.261	18.24	22.81	300.0	1699	2	71.93	16.4	-0.0855	1.0	-0.22	2.74	1.00	0.00	0.16	111115
142	"17:02:46"	20180317	76	0	2.42	0.0434	265	3.02	4.77	38.59	6	1.42	1	2.84	44.16	38.59	46.53	400.07	392.85	23.398	29.263	18.24	22.81	300.0	1699	2	71.93	16.4	-0.0855	1.0	-0.22	2.74	1.00	0.00	0.16	111115
143	"17:02:47"	20180317	76	0	2.41	0.0434	265	3.02	4.77	38.60	6	1.42	1	2.84	44.16	38.60	46.53	400.07	392.87	23.399	29.265	18.24	22.81	300.0	1699	2	71.93	16.4	-0.0855	1.0	-0.22	2.74	1.00	0.00	0.16	111115
144	"17:02:47"	20180317	76	0	2.43	0.0434	265	3.02	4.77	38.59	6	1.42	1	2.84	44.16	38.59	46.53	400.10	392.87	23.398	29.270	18.24	22.82	300.0	1699	2	71.93	16.4	-0.0855	1.0	-0.22	2.74	1.00	0.00	0.16	111115
145	"17:02:48"	20180317	76	0	2.43	0.0435	265	3.02	4.77	38.59	6	1.42	1	2.84	44.16	38.59	46.53	400.09	392.85	23.397	29.270	18.24	22.82	300.0	1699	2	71.93	16.4	-0.0855	1.0	-0.22	2.74	1.00	0.00	0.16	111115
146	"17:02:49"	20180317	76	0	2.4	0.0435	266	3.02	4.77	38.59	6	1.42	1	2.84	44.16	38.59	46.53	400.08	392.89	23.398	29.272	18.24	22.82	299.9	1699	2	71.93	16.4	-0.0855	1.0	-0.22	2.74	1.00	0.00	0.16	111115
"17:02:58 Coolers: Tblock -> 50.00 C"
"17:06:23 Flow: Fixed -> 300 umol/s"
"17:07:26 Flow: Fixed -> 300 umol/s"
147	"17:07:49"	20180317	76	0	1.73	0.0507	295	3.96	5.33	40.41	6	1.42	1	2.84	47.16	40.41	49.74	400.29	393.71	23.647	31.313	15.80	20.92	300.0	1700	2	71.92	18.5	-0.115	1.0	-0.22	2.74	1.00	0.00	0.16	111115
148	"17:07:49"	20180317	76	0	1.73	0.0507	295	3.96	5.33	40.41	6	1.42	1	2.84	47.16	40.41	49.74	400.29	393.71	23.647	31.313	15.80	20.92	300.0	1700	2	71.92	18.5	-0.115	1.0	-0.22	2.74	1.00	0.00	0.16	111115
149	"17:07:50"	20180317	76	0	1.7	0.0506	295	3.96	5.33	40.42	6	1.42	1	2.84	47.16	40.42	49.74	400.28	393.76	23.647	31.313	15.80	20.92	300.0	1700	2	71.92	18.5	-0.115	1.0	-0.22	2.74	1.00	0.00	0.16	111115
150	"17:07:50"	20180317	76	0	1.72	0.0506	295	3.96	5.33	40.42	6	1.42	1	2.84	47.16	40.42	49.74	400.29	393.73	23.649	31.316	15.80	20.92	300.0	1700	2	71.92	18.5	-0.115	1.0	-0.22	2.74	1.00	0.00	0.16	111115
151	"17:07:51"	20180317	76	0	1.73	0.0507	295	3.96	5.32	40.41	6	1.42	1	2.84	47.16	40.41	49.74	400.27	393.69	23.647	31.320	15.80	20.92	300.0	1700	2	71.92	18.5	-0.115	1.0	-0.22	2.74	1.00	0.00	0.16	111115
152	"17:07:51"	20180317	76	0	1.71	0.0508	295	3.96	5.32	40.40	6	1.42	1	2.84	47.16	40.40	49.74	400.24	393.70	23.647	31.323	15.80	20.93	300.0	1700	2	71.92	18.5	-0.115	1.0	-0.22	2.74	1.00	0.00	0.16	111115
153	"17:07:52"	20180317	76	0	1.67	0.0509	297	3.97	5.32	40.39	6	1.42	1	2.84	47.16	40.39	49.74	400.17	393.71	23.647	31.329	15.80	20.93	300.0	1700	2	71.92	18.5	-0.115	1.0	-0.22	2.74	1.00	0.00	0.16	111115
154	"17:07:52"	20180317	76	0	1.68	0.0509	296	3.97	5.31	40.38	6	1.42	1	2.84	47.16	40.38	49.74	400.15	393.66	23.646	31.331	15.80	20.93	300.0	1700	2	71.92	18.5	-0.115	1.0	-0.22	2.74	1.00	0.00	0.16	111115
155	"17:07:53"	20180317	76	0	1.71	0.051	296	3.97	5.31	40.37	6	1.42	1	2.84	47.17	40.37	49.74	400.16	393.61	23.648	31.337	15.79	20.93	300.0	1700	2	71.92	18.5	-0.115	1.0	-0.22	2.74	1.00	0.00	0.16	111115
156	"17:07:53"	20180317	76	0	1.74	0.0511	295	3.97	5.31	40.37	6	1.42	1	2.84	47.17	40.37	49.74	400.17	393.56	23.648	31.342	15.79	20.93	300.0	1700	2	71.92	18.5	-0.115	1.0	-0.22	2.74	1.00	0.00	0.16	111115
157	"17:07:54"	20180317	76	0	1.73	0.051	295	3.97	5.31	40.38	6	1.42	1	2.84	47.17	40.38	49.74	400.14	393.55	23.648	31.346	15.79	20.93	300.0	1700	2	71.92	18.5	-0.115	1.0	-0.22	2.74	1.00	0.00	0.16	111115
158	"17:07:55"	20180317	76	0	1.73	0.051	295	3.97	5.32	40.39	6	1.42	1	2.84	47.17	40.39	49.74	400.14	393.55	23.650	31.346	15.79	20.93	300.0	1700	2	71.92	18.5	-0.115	1.0	-0.22	2.74	1.00	0.00	0.16	111115
159	"17:07:55"	20180317	76	0	1.73	0.0509	295	3.97	5.32	40.41	6	1.42	1	2.84	47.17	40.41	49.74	400.11	393.52	23.653	31.347	15.79	20.93	300.0	1700	2	71.92	18.5	-0.115	1.0	-0.22	2.74	1.00	0.00	0.16	111115
160	"17:07:56"	20180317	76	0	1.73	0.0509	295	3.97	5.32	40.41	6	1.42	1	2.84	47.17	40.41	49.74	400.11	393.52	23.653	31.347	15.79	20.93	300.0	1700	2	71.92	18.5	-0.115	1.0	-0.22	2.74	1.00	0.00	0.16	111115
161	"17:07:56"	20180317	76	0	1.74	0.0509	294	3.97	5.33	40.42	6	1.42	1	2.84	47.17	40.42	49.74	400.11	393.51	23.655	31.351	15.79	20.93	300.0	1700	2	71.92	18.5	-0.115	1.0	-0.22	2.74	1.00	0.00	0.16	111115
162	"17:07:57"	20180317	76	0	1.71	0.0509	295	3.98	5.33	40.43	6	1.42	1	2.84	47.17	40.43	49.74	400.06	393.52	23.654	31.355	15.79	20.93	300.0	1700	2	71.92	18.5	-0.115	1.0	-0.22	2.74	1.00	0.00	0.16	111115
163	"17:07:57"	20180317	76	0	1.69	0.0509	296	3.97	5.33	40.43	6	1.42	1	2.84	47.17	40.43	49.74	400.00	393.50	23.653	31.352	15.79	20.93	300.0	1700	2	71.92	18.5	-0.115	1.0	-0.22	2.74	1.00	0.00	0.16	111115
164	"17:07:58"	20180317	76	0	1.68	0.0509	296	3.98	5.33	40.44	6	1.42	1	2.84	47.17	40.44	49.74	399.98	393.49	23.652	31.355	15.79	20.93	300.0	1700	2	71.92	18.5	-0.115	1.0	-0.22	2.74	1.00	0.00	0.16	111115
