"OPEN 6.3.4"
"Sat Mar 17 2018 08:55:21"
<open><version>"6.3.4"</version></open>
<open><configfile>"/User/Configs/UserPrefs/LED2x3.xml"</configfile></open>
<open><light><source>"6400-02 or -02B LED Source"</source><par_in>1<sensor>"SI-2503"<cal>-0.86<actinity>1.00</actinity><transm>1.00</transm></cal></sensor><transm>1</transm></par_in><par_out>1<sensor>"Q40491"<cal>6.5</cal></sensor></par_out></light></open>
<open><comps><file>"/User/Configs/Comps/StdComps_6.1"<header>""</header><extras></extras></file><energybal>no<f_parIn>1</f_parIn><f_parOut>0</f_parOut><alphaK>0.16</alphaK></energybal><bc_total>2.840<stomatal_ratio>1</stomatal_ratio><bc_oneside>1.420<type>2</type><table>"/Sys/Lib/StdBLCTable"</table><area>6</area><slope>-0.219565</slope><offset>2.73739</offset><fan>5</fan></bc_oneside></bc_total></comps></open>
<open><prompts><onlog>off</onlog><items>"Default (none)"</items></prompts></open>
<open><constants><oxygen>21 %</oxygen><bb_vapor>1.5</bb_vapor><bb_oxy>0.9</bb_oxy></constants></open>
<open><stability><items>"Std Stability"<items[1]><id>-2</id><size>15</size><pcv><onoff>0</onoff><value>1</value></pcv><std><onoff>0</onoff><value>1</value></std><slp><onoff>1</onoff><value>1</value></slp></items[1]><items[2]><id>-5</id><size>15</size><pcv><onoff>0</onoff><value>1</value></pcv><std><onoff>0</onoff><value>1</value></std><slp><onoff>1</onoff><value>1</value></slp></items[2]><items[3]><id>-7</id><size>15</size><pcv><onoff>0</onoff><value>1</value></pcv><std><onoff>0</onoff><value>1</value></std><slp><onoff>1</onoff><value>1</value></slp></items[3]></items></stability></open>
<open><log><format>"StdLogFmt_6.0"<items>{ -35 -21 -70 -69 -76 30 23 36 21 25 221 -33 111 -34 11 -9 -10 -8 -1 -2 -4 -5 -14 -15 -7 -12 -13 -11 -65 -66 -72 -18 -19 -77 -78 -79 -23  }<hdr>{  }</hdr></items></format><options><beep>on</beep><match>"never"<time>30</time><co2>100</co2><delta>10</delta></match><hdr>normal</hdr><rem>normal</rem><stab>no</stab><stats>no<mean>no</mean><file>no</file><period>15</period></stats><excel>yes</excel><controls>yes</controls><comm>no</comm></options><datafile>"/User/031718-LH-EOV1633"</datafile><button><action>"Normal Log"<code>" LogOneObsManual "</code></action></button><autoprog>"/User/Configs/AutoProgs/AutoLog2"<active>no</active></autoprog></log></open>
<open><a2d><avgtime>4.0 secs</avgtime><userchans><ch20>"Off"</ch20><ch21>"Off"</ch21><ch22>"Off"</ch22><ch23>"Off"</ch23></userchans></a2d></open>
<open><matching><type>0</type><disp>'a'</disp><settings>><CO2Limit>10.0</CO2Limit><H2OLimit>1.0</H2OLimit><MaxAutoTime>60</MaxAutoTime><AverageTime>10</AverageTime></settings></matching></open>
<li6400><factory><unit>"PSC-2470"</unit><serviced>"5 Feb 2018"</serviced><fuseaware>0</fuseaware><co2mixer>yes</co2mixer><co2><coeffs>{ 0 0.214772 2.55802e-05 1.93228e-08 -3.02262e-12 2.75724e-16  }</coeffs><dvdt>-4</dvdt><xs>{ 9.11e-05 0.00178  }</xs></co2><h2o><coeffs>{ 0 0.00581526 2.16703e-06 7.69607e-12  }</coeffs><dvdt>-2.9</dvdt><xs>{ -0.000111 -0.00256  }</xs></h2o><flow>{ 0 0.3696  }</flow><press>{ 86.913 0.00551  }</press></factory></li6400>
<li6400><user><flow_zero>-42.6</flow_zero><irga_zero><co2>113.5 152.5<at>27.1329</at></co2><h2o>-3.5 -3.5<at>28.1091</at></h2o></irga_zero><irga_span><co2>{ 0.990134 0.992694  }</co2><h2o>{ 0.996743 0.99801  }</h2o></irga_span><irga_match><co2>{ 0.110267 9.11793  }</co2><h2o>{ -0.0816591 0.198039  }</h2o></irga_match><co2_mixer><pump_mv>4500</pump_mv><ppm>{ 2352.67 1117.67 439.284 266.3 121.188 70.6751 48.8233 48.8102  }</ppm><mv>{ 5000 3000 1500 1000 500 300 200 100  }</mv></co2_mixer><parin_offset>-0.211894</parin_offset><led_cal><unit>"SI-2503"</unit><mv>{ 10 25 50 100 1000 2000 3000 4000 5000  }</mv><qntm>{ 1.83047 9.20354 23.3042 57.5395 736.221 1467.2 2160.1 2821.48 3447.04  }</qntm></led_cal><lcf_cal><unit>"LCF-0981"</unit><red><mv>{ 50 100 200 400 800 1500  }</mv><qntm>{ 64.6036 145.758 312.409 661.73 1377.94 2641.23  }</qntm></red><blue><mv>{ 100 500 1000 2000 3000 4000 5000  }</mv><qntm>{ 11.107 44.4539 81.9578 145.168 203.372 256.093 300.56  }</qntm></blue></lcf_cal></user></li6400>
"08:55:24 "
$STARTOFDATA$
"Obs"	"HHMMSS"	"YYYYMMDD"	"DOY"	"EBal?"	"Photo"	"Cond"	"Ci"	"Trmmol"	"VpdL"	"CTleaf"	"Area"	"BLC_1"	"StmRat"	"BLCond"	"Tair"	"Tleaf"	"TBlk"	"CO2R"	"CO2S"	"H2OR"	"H2OS"	"RH_R"	"RH_S"	"Flow"	"PARi"	"PARo"	"Press"	"CsMch"	"HsMch"	"StableF"	"BLCslope"	"BLCoffst"	"f_parin"	"f_parout"	"alphaK"	"Status"
"08:55:40 Flow: Fixed -> 500 umol/s"
1	"08:55:59"	20180317	76	0	4.01	0.079	304	1	0.93	11.02	6	1.42	1	2.84	8.27	11.02	6.04	399.05	393.77	4.184	5.380	27.61	35.49	499.6	1700	22	72.34	9.12	0.198	0.7	-0.22	2.74	1.00	0.00	0.16	111115
2	"08:56:00"	20180317	76	0	4.01	0.079	304	1	0.93	11.02	6	1.42	1	2.84	8.27	11.02	6.04	399.05	393.77	4.184	5.380	27.61	35.49	499.6	1700	22	72.34	9.12	0.198	0.7	-0.22	2.74	1.00	0.00	0.16	111115
3	"08:56:00"	20180317	76	0	4.02	0.0792	303	1	0.93	11.02	6	1.42	1	2.84	8.27	11.02	6.04	399.03	393.72	4.185	5.381	27.61	35.50	499.6	1700	22	72.35	9.12	0.198	0.7	-0.22	2.74	1.00	0.00	0.16	111115
4	"08:56:01"	20180317	76	0	4.05	0.0793	303	1	0.929	11.01	6	1.42	1	2.84	8.27	11.01	6.04	399.00	393.65	4.185	5.383	27.61	35.51	499.6	1700	22	72.35	9.12	0.198	0.7	-0.22	2.74	1.00	0.00	0.16	111115
5	"08:56:01"	20180317	76	0	4.12	0.0793	301	1	0.929	11.01	6	1.42	1	2.84	8.27	11.01	6.04	398.99	393.57	4.185	5.383	27.61	35.51	499.6	1700	22	72.34	9.12	0.198	0.7	-0.22	2.74	1.00	0.00	0.16	111115
6	"08:56:02"	20180317	76	0	4.14	0.0793	301	1	0.929	11.01	6	1.42	1	2.84	8.27	11.01	6.04	398.96	393.52	4.185	5.382	27.61	35.51	499.6	1700	22	72.35	9.12	0.198	0.7	-0.22	2.74	1.00	0.00	0.16	111115
7	"08:56:02"	20180317	76	0	4.16	0.0793	300	1	0.929	11.01	6	1.42	1	2.84	8.27	11.01	6.04	398.95	393.49	4.186	5.383	27.61	35.52	499.6	1700	22	72.34	9.12	0.198	0.7	-0.22	2.74	1.00	0.00	0.16	111115
8	"08:56:03"	20180317	76	0	4.21	0.0792	299	1	0.929	11.01	6	1.42	1	2.84	8.27	11.01	6.04	398.97	393.44	4.186	5.382	27.62	35.51	499.6	1700	22	72.34	9.12	0.198	0.7	-0.22	2.74	1.00	0.00	0.16	111115
9	"08:56:03"	20180317	76	0	4.25	0.079	298	1	0.93	11.02	6	1.42	1	2.84	8.27	11.02	6.04	398.97	393.39	4.186	5.381	27.62	35.50	499.6	1700	22	72.34	9.12	0.198	0.7	-0.22	2.74	1.00	0.00	0.16	111115
10	"08:56:04"	20180317	76	0	4.3	0.0791	297	1	0.93	11.02	6	1.42	1	2.84	8.26	11.02	6.04	398.99	393.35	4.186	5.382	27.62	35.51	499.6	1700	22	72.34	9.12	0.198	0.7	-0.22	2.74	1.00	0.00	0.16	111115
11	"08:56:04"	20180317	76	0	4.34	0.0791	296	1	0.93	11.02	6	1.42	1	2.84	8.26	11.02	6.04	398.98	393.30	4.186	5.382	27.62	35.51	499.6	1700	22	72.34	9.12	0.198	0.7	-0.22	2.74	1.00	0.00	0.16	111115
12	"08:56:05"	20180317	76	0	4.4	0.0791	295	1	0.929	11.01	6	1.42	1	2.84	8.26	11.01	6.04	398.99	393.22	4.187	5.382	27.63	35.51	499.6	1700	22	72.35	9.12	0.198	0.7	-0.22	2.74	1.00	0.00	0.16	111115
13	"08:56:05"	20180317	76	0	4.34	0.0792	296	1	0.929	11.01	6	1.42	1	2.84	8.26	11.01	6.04	398.94	393.25	4.187	5.384	27.63	35.52	499.6	1700	22	72.35	9.12	0.198	0.7	-0.22	2.74	1.00	0.00	0.16	111115
14	"08:56:06"	20180317	76	0	4.39	0.0793	295	1	0.928	11.00	6	1.42	1	2.84	8.26	11.00	6.04	398.96	393.21	4.187	5.384	27.63	35.52	499.6	1700	22	72.35	9.12	0.198	0.7	-0.22	2.74	1.00	0.00	0.16	111115
15	"08:56:07"	20180317	76	0	4.4	0.0797	296	1	0.926	10.98	6	1.42	1	2.84	8.26	10.98	6.04	398.90	393.14	4.188	5.386	27.63	35.54	499.6	1700	22	72.35	9.12	0.198	0.7	-0.22	2.74	1.00	0.00	0.16	111115
"08:56:35 Coolers: Tblock -> 11.00 C"
"09:01:25 Flow: Fixed -> 500 umol/s"
"09:03:29 Flow: Fixed -> 500 umol/s"
16	"09:03:32"	20180317	76	0	4.88	0.0746	277	1.1	1.08	14.08	6	1.42	1	2.84	12.43	14.08	11.08	398.79	392.41	6.090	7.399	30.44	36.98	499.7	1700	19	72.35	9.12	0.161	1.0	-0.22	2.74	1.00	0.00	0.16	111115
17	"09:03:32"	20180317	76	0	5.06	0.0779	278	1.15	1.08	14.08	6	1.42	1	2.84	12.43	14.08	11.08	399.05	392.44	6.034	7.401	30.16	36.98	499.7	1700	20	72.35	9.12	0.161	1.0	-0.22	2.74	1.00	0.00	0.16	111115
18	"09:03:33"	20180317	76	0	5.2	0.08	278	1.18	1.08	14.09	6	1.42	1	2.84	12.43	14.09	11.08	399.25	392.46	5.998	7.400	29.97	36.98	499.7	1700	20	72.35	9.12	0.161	1.0	-0.22	2.74	1.00	0.00	0.16	111115
19	"09:03:33"	20180317	76	0	5.3	0.0815	278	1.2	1.08	14.09	6	1.42	1	2.84	12.43	14.09	11.08	399.38	392.46	5.972	7.401	29.84	36.99	499.7	1700	20	72.35	9.12	0.161	1.0	-0.22	2.74	1.00	0.00	0.16	111115
20	"09:03:34"	20180317	76	0	5.3	0.0815	278	1.2	1.08	14.09	6	1.42	1	2.84	12.43	14.09	11.08	399.38	392.46	5.972	7.401	29.84	36.99	499.7	1700	20	72.35	9.12	0.161	1.0	-0.22	2.74	1.00	0.00	0.16	111115
21	"09:03:34"	20180317	76	0	5.37	0.0828	278	1.22	1.08	14.09	6	1.42	1	2.84	12.43	14.09	11.08	399.49	392.47	5.951	7.402	29.74	36.99	499.7	1700	20	72.35	9.12	0.161	1.0	-0.22	2.74	1.00	0.00	0.16	111115
22	"09:03:34"	20180317	76	0	5.7	0.0892	279	1.31	1.08	14.08	6	1.42	1	2.84	12.43	14.08	11.08	399.97	392.50	5.845	7.404	29.21	37.00	499.7	1700	19	72.35	9.12	0.161	1.0	-0.22	2.74	1.00	0.00	0.16	111115
23	"09:03:35"	20180317	76	0	5.8	0.0909	280	1.33	1.08	14.09	6	1.42	1	2.84	12.43	14.09	11.08	400.09	392.51	5.818	7.405	29.07	37.00	499.7	1700	19	72.35	9.12	0.161	1.0	-0.22	2.74	1.00	0.00	0.16	111115
24	"09:03:35"	20180317	76	0	5.81	0.091	279	1.33	1.08	14.10	6	1.42	1	2.84	12.43	14.10	11.08	400.11	392.50	5.814	7.405	29.05	37.00	499.7	1700	19	72.35	9.12	0.161	1.0	-0.22	2.74	1.00	0.00	0.16	111115
25	"09:03:36"	20180317	76	0	5.78	0.0909	280	1.34	1.08	14.11	6	1.42	1	2.84	12.43	14.11	11.08	400.08	392.50	5.812	7.404	29.04	36.99	499.6	1699	19	72.35	9.12	0.161	1.0	-0.22	2.74	1.00	0.00	0.16	111115
26	"09:03:37"	20180317	76	0	5.81	0.0909	279	1.34	1.08	14.11	6	1.42	1	2.84	12.43	14.11	11.08	400.07	392.47	5.812	7.404	29.04	37.00	499.6	1699	19	72.35	9.12	0.161	1.0	-0.22	2.74	1.00	0.00	0.16	111115
27	"09:03:37"	20180317	76	0	5.82	0.0911	279	1.34	1.08	14.11	6	1.42	1	2.84	12.43	14.11	11.08	400.04	392.42	5.812	7.406	29.04	37.01	499.6	1699	19	72.35	9.12	0.161	1.0	-0.22	2.74	1.00	0.00	0.16	111115
28	"09:03:38"	20180317	76	0	5.81	0.0911	279	1.34	1.08	14.11	6	1.42	1	2.84	12.43	14.11	11.08	400.04	392.44	5.812	7.406	29.04	37.00	499.6	1699	19	72.35	9.12	0.161	1.0	-0.22	2.74	1.00	0.00	0.16	111115
29	"09:03:38"	20180317	76	0	5.82	0.0909	279	1.34	1.08	14.12	6	1.42	1	2.84	12.43	14.12	11.08	400.04	392.41	5.812	7.405	29.04	37.00	499.6	1700	19	72.35	9.12	0.161	1.0	-0.22	2.74	1.00	0.00	0.16	111115
30	"09:03:39"	20180317	76	0	5.87	0.0907	278	1.34	1.08	14.13	6	1.42	1	2.84	12.43	14.13	11.07	400.07	392.39	5.812	7.404	29.04	36.99	499.6	1700	19	72.35	9.12	0.161	1.0	-0.22	2.74	1.00	0.00	0.16	111115
"09:03:48 Coolers: Tblock -> 16.00 C"
"09:07:48 Flow: Fixed -> 500 umol/s"
31	"09:08:16"	20180317	76	0	6.8	0.099	269	1.64	1.22	17.03	6	1.42	1	2.84	16.53	17.03	16.08	400.10	391.15	8.111	10.066	31.09	38.58	499.6	1700	18	72.35	9.12	0.161	1.0	-0.22	2.74	1.00	0.00	0.16	111115
32	"09:08:16"	20180317	76	0	6.84	0.0991	268	1.65	1.22	17.04	6	1.42	1	2.84	16.53	17.04	16.08	400.12	391.14	8.112	10.068	31.09	38.59	499.6	1700	19	72.35	9.12	0.161	1.0	-0.22	2.74	1.00	0.00	0.16	111115
33	"09:08:17"	20180317	76	0	6.84	0.0993	269	1.65	1.22	17.04	6	1.42	1	2.84	16.53	17.04	16.08	400.15	391.16	8.113	10.073	31.09	38.60	499.5	1700	19	72.35	9.12	0.161	1.0	-0.22	2.74	1.00	0.00	0.16	111115
34	"09:08:17"	20180317	76	0	6.86	0.0993	268	1.65	1.22	17.04	6	1.42	1	2.84	16.53	17.04	16.08	400.16	391.14	8.114	10.074	31.09	38.61	499.6	1700	18	72.35	9.12	0.161	1.0	-0.22	2.74	1.00	0.00	0.16	111115
35	"09:08:18"	20180317	76	0	6.8	0.0991	269	1.65	1.22	17.05	6	1.42	1	2.84	16.54	17.05	16.08	400.12	391.18	8.114	10.073	31.09	38.60	499.6	1700	18	72.35	9.12	0.161	1.0	-0.22	2.74	1.00	0.00	0.16	111115
36	"09:08:18"	20180317	76	0	6.79	0.0992	269	1.65	1.22	17.05	6	1.42	1	2.84	16.54	17.05	16.08	400.10	391.17	8.114	10.074	31.09	38.60	499.6	1700	18	72.35	9.12	0.161	1.0	-0.22	2.74	1.00	0.00	0.16	111115
37	"09:08:19"	20180317	76	0	6.86	0.0992	268	1.65	1.22	17.04	6	1.42	1	2.84	16.54	17.04	16.08	400.15	391.15	8.117	10.076	31.10	38.61	499.6	1700	18	72.35	9.12	0.161	1.0	-0.22	2.74	1.00	0.00	0.16	111115
38	"09:08:19"	20180317	76	0	6.91	0.0992	267	1.65	1.22	17.04	6	1.42	1	2.84	16.54	17.04	16.08	400.15	391.08	8.116	10.075	31.10	38.60	499.6	1700	18	72.35	9.12	0.161	1.0	-0.22	2.74	1.00	0.00	0.16	111115
39	"09:08:20"	20180317	76	0	6.91	0.0991	267	1.65	1.22	17.04	6	1.42	1	2.84	16.54	17.04	16.08	400.13	391.06	8.117	10.074	31.10	38.60	499.6	1700	18	72.35	9.12	0.161	1.0	-0.22	2.74	1.00	0.00	0.16	111115
40	"09:08:20"	20180317	76	0	6.91	0.0991	267	1.65	1.22	17.04	6	1.42	1	2.84	16.54	17.04	16.08	400.13	391.06	8.117	10.074	31.10	38.60	499.6	1700	18	72.35	9.12	0.161	1.0	-0.22	2.74	1.00	0.00	0.16	111115
41	"09:08:21"	20180317	76	0	6.91	0.0992	267	1.65	1.22	17.04	6	1.42	1	2.84	16.54	17.04	16.08	400.15	391.07	8.116	10.076	31.10	38.61	499.6	1700	18	72.35	9.12	0.161	1.0	-0.22	2.74	1.00	0.00	0.16	111115
42	"09:08:22"	20180317	76	0	6.94	0.0992	267	1.65	1.22	17.04	6	1.42	1	2.84	16.54	17.04	16.08	400.19	391.08	8.117	10.076	31.10	38.60	499.6	1700	18	72.35	9.12	0.161	1.0	-0.22	2.74	1.00	0.00	0.16	111115
43	"09:08:22"	20180317	76	0	6.94	0.0993	267	1.65	1.22	17.04	6	1.42	1	2.84	16.54	17.04	16.08	400.19	391.08	8.117	10.077	31.10	38.61	499.6	1700	18	72.35	9.12	0.161	1.0	-0.22	2.74	1.00	0.00	0.16	111115
44	"09:08:23"	20180317	76	0	7.01	0.0994	266	1.65	1.22	17.04	6	1.42	1	2.84	16.54	17.04	16.08	400.21	391.02	8.116	10.077	31.10	38.61	499.6	1700	18	72.35	9.12	0.161	1.0	-0.22	2.74	1.00	0.00	0.16	111115
45	"09:08:23"	20180317	76	0	6.94	0.0996	267	1.65	1.22	17.04	6	1.42	1	2.84	16.54	17.04	16.08	400.16	391.05	8.116	10.081	31.09	38.62	499.6	1700	18	72.35	9.12	0.161	1.0	-0.22	2.74	1.00	0.00	0.16	111115
"09:08:43 Coolers: Tblock -> 21.00 C"
"09:10:53 Flow: Fixed -> 500 umol/s"
"09:13:08 Flow: Fixed -> 500 umol/s"
46	"09:13:21"	20180317	76	0	7.35	0.104	263	2.1	1.48	20.27	6	1.42	1	2.84	20.78	20.27	21.07	399.92	390.11	10.078	12.569	29.60	36.92	499.6	1700	19	72.35	9.75	0.122	1.0	-0.22	2.74	1.00	0.00	0.16	111115
47	"09:13:22"	20180317	76	0	7.36	0.104	263	2.1	1.48	20.28	6	1.42	1	2.84	20.79	20.28	21.07	399.91	390.08	10.077	12.567	29.60	36.91	499.6	1700	19	72.35	9.75	0.122	1.0	-0.22	2.74	1.00	0.00	0.16	111115
48	"09:13:22"	20180317	76	0	7.31	0.104	263	2.1	1.48	20.28	6	1.42	1	2.84	20.79	20.28	21.07	399.90	390.14	10.077	12.567	29.60	36.91	499.6	1700	19	72.35	9.75	0.122	1.0	-0.22	2.74	1.00	0.00	0.16	111115
49	"09:13:23"	20180317	76	0	7.3	0.104	263	2.1	1.48	20.28	6	1.42	1	2.84	20.79	20.28	21.07	399.91	390.15	10.078	12.569	29.60	36.91	499.6	1699	19	72.35	9.75	0.122	1.0	-0.22	2.74	1.00	0.00	0.16	111115
50	"09:13:23"	20180317	76	0	7.35	0.104	263	2.1	1.48	20.29	6	1.42	1	2.84	20.79	20.29	21.07	399.95	390.14	10.080	12.570	29.60	36.91	499.6	1699	19	72.35	9.75	0.122	1.0	-0.22	2.74	1.00	0.00	0.16	111115
51	"09:13:24"	20180317	76	0	7.34	0.104	263	2.1	1.48	20.29	6	1.42	1	2.84	20.79	20.29	21.07	399.99	390.19	10.081	12.569	29.60	36.91	499.6	1699	19	72.35	9.75	0.122	1.0	-0.22	2.74	1.00	0.00	0.16	111115
52	"09:13:24"	20180317	76	0	7.35	0.104	263	2.1	1.48	20.29	6	1.42	1	2.84	20.79	20.29	21.07	399.99	390.19	10.080	12.569	29.60	36.91	499.6	1699	19	72.35	9.75	0.122	1.0	-0.22	2.74	1.00	0.00	0.16	111115
53	"09:13:25"	20180317	76	0	7.36	0.104	262	2.1	1.48	20.29	6	1.42	1	2.84	20.79	20.29	21.07	400.03	390.20	10.081	12.570	29.60	36.91	499.6	1699	19	72.35	9.75	0.122	1.0	-0.22	2.74	1.00	0.00	0.16	111115
54	"09:13:25"	20180317	76	0	7.37	0.104	263	2.1	1.48	20.30	6	1.42	1	2.84	20.79	20.30	21.07	400.06	390.23	10.082	12.573	29.60	36.91	499.6	1699	19	72.35	9.75	0.122	1.0	-0.22	2.74	1.00	0.00	0.16	111115
55	"09:13:26"	20180317	76	0	7.35	0.104	263	2.1	1.48	20.30	6	1.42	1	2.84	20.79	20.30	21.07	400.06	390.25	10.081	12.574	29.60	36.91	499.6	1699	19	72.35	9.75	0.122	1.0	-0.22	2.74	1.00	0.00	0.16	111115
56	"09:13:26"	20180317	76	0	7.34	0.104	263	2.11	1.48	20.31	6	1.42	1	2.84	20.79	20.31	21.07	400.07	390.27	10.081	12.579	29.59	36.93	499.6	1699	19	72.35	9.75	0.122	1.0	-0.22	2.74	1.00	0.00	0.16	111115
57	"09:13:27"	20180317	76	0	7.31	0.104	264	2.11	1.48	20.31	6	1.42	1	2.84	20.80	20.31	21.07	400.06	390.30	10.080	12.578	29.59	36.92	499.6	1699	19	72.35	9.75	0.122	1.0	-0.22	2.74	1.00	0.00	0.16	111115
58	"09:13:27"	20180317	76	0	7.29	0.104	264	2.11	1.48	20.31	6	1.42	1	2.84	20.80	20.31	21.07	400.06	390.32	10.080	12.579	29.59	36.92	499.6	1699	19	72.35	9.75	0.122	1.0	-0.22	2.74	1.00	0.00	0.16	111115
59	"09:13:28"	20180317	76	0	7.32	0.104	263	2.11	1.48	20.32	6	1.42	1	2.84	20.80	20.32	21.07	400.06	390.28	10.080	12.581	29.59	36.93	499.6	1699	19	72.35	9.75	0.122	1.0	-0.22	2.74	1.00	0.00	0.16	111115
60	"09:13:29"	20180317	76	0	7.29	0.104	264	2.11	1.48	20.32	6	1.42	1	2.84	20.80	20.32	21.07	400.06	390.32	10.079	12.583	29.58	36.93	499.6	1700	19	72.35	9.75	0.122	1.0	-0.22	2.74	1.00	0.00	0.16	111115
"09:13:56 Coolers: Tblock -> 26.00 C"
"09:17:06 Flow: Fixed -> 500 umol/s"
"09:17:35 Flow: Fixed -> 500 umol/s"
61	"09:17:52"	20180317	76	0	8.08	0.0993	240	2.62	1.92	24.08	6	1.42	1	2.84	25.23	24.08	26.06	398.68	387.75	11.913	15.017	26.74	33.70	499.6	1700	20	72.35	9.75	0.122	1.0	-0.22	2.74	1.00	0.00	0.16	111115
62	"09:17:53"	20180317	76	0	8.14	0.0992	239	2.62	1.92	24.08	6	1.42	1	2.84	25.23	24.08	26.06	398.68	387.69	11.913	15.015	26.74	33.70	499.6	1700	20	72.35	9.75	0.122	1.0	-0.22	2.74	1.00	0.00	0.16	111115
63	"09:17:53"	20180317	76	0	8.18	0.0992	238	2.62	1.92	24.08	6	1.42	1	2.84	25.23	24.08	26.06	398.71	387.67	11.914	15.014	26.73	33.69	499.6	1700	20	72.35	9.75	0.122	1.0	-0.22	2.74	1.00	0.00	0.16	111115
64	"09:17:54"	20180317	76	0	8.25	0.099	237	2.62	1.92	24.08	6	1.42	1	2.84	25.23	24.08	26.06	398.73	387.60	11.914	15.011	26.73	33.68	499.6	1700	20	72.35	9.75	0.122	1.0	-0.22	2.74	1.00	0.00	0.16	111115
65	"09:17:54"	20180317	76	0	8.26	0.0991	237	2.62	1.92	24.08	6	1.42	1	2.84	25.24	24.08	26.06	398.70	387.57	11.914	15.013	26.73	33.68	499.6	1700	20	72.35	9.75	0.122	1.0	-0.22	2.74	1.00	0.00	0.16	111115
66	"09:17:55"	20180317	76	0	8.26	0.099	236	2.62	1.92	24.09	6	1.42	1	2.84	25.24	24.09	26.06	398.70	387.55	11.915	15.013	26.73	33.68	499.6	1700	20	72.35	9.75	0.122	1.0	-0.22	2.74	1.00	0.00	0.16	111115
67	"09:17:55"	20180317	76	0	8.3	0.099	236	2.62	1.93	24.09	6	1.42	1	2.84	25.24	24.09	26.06	398.68	387.50	11.914	15.014	26.73	33.68	499.6	1700	20	72.35	9.75	0.122	1.0	-0.22	2.74	1.00	0.00	0.16	111115
68	"09:17:56"	20180317	76	0	8.3	0.099	236	2.62	1.93	24.09	6	1.42	1	2.84	25.24	24.09	26.06	398.67	387.48	11.914	15.014	26.72	33.68	499.6	1700	20	72.35	9.75	0.122	1.0	-0.22	2.74	1.00	0.00	0.16	111115
69	"09:17:56"	20180317	76	0	8.39	0.0991	234	2.62	1.93	24.10	6	1.42	1	2.84	25.24	24.10	26.06	398.70	387.40	11.914	15.016	26.72	33.68	499.6	1700	20	72.35	9.75	0.122	0.7	-0.22	2.74	1.00	0.00	0.16	111115
70	"09:17:57"	20180317	76	0	8.33	0.0991	235	2.62	1.93	24.10	6	1.42	1	2.84	25.24	24.10	26.06	398.69	387.46	11.914	15.019	26.72	33.68	499.6	1700	20	72.35	9.75	0.122	0.7	-0.22	2.74	1.00	0.00	0.16	111115
71	"09:17:57"	20180317	76	0	8.3	0.0992	236	2.63	1.93	24.10	6	1.42	1	2.84	25.24	24.10	26.06	398.67	387.48	11.914	15.021	26.72	33.68	499.6	1700	20	72.35	9.75	0.122	0.7	-0.22	2.74	1.00	0.00	0.16	111115
72	"09:17:58"	20180317	76	0	8.23	0.0993	237	2.63	1.93	24.11	6	1.42	1	2.84	25.25	24.11	26.06	398.62	387.51	11.914	15.025	26.72	33.69	499.6	1700	20	72.35	9.75	0.122	0.7	-0.22	2.74	1.00	0.00	0.16	111115
73	"09:17:58"	20180317	76	0	8.19	0.0992	238	2.63	1.93	24.11	6	1.42	1	2.84	25.25	24.11	26.07	398.58	387.52	11.915	15.025	26.71	33.69	499.6	1700	20	72.35	9.75	0.122	0.7	-0.22	2.74	1.00	0.00	0.16	111115
74	"09:17:59"	20180317	76	0	8.2	0.0992	238	2.63	1.93	24.11	6	1.42	1	2.84	25.25	24.11	26.07	398.57	387.50	11.915	15.027	26.71	33.69	499.6	1700	20	72.35	9.75	0.122	0.7	-0.22	2.74	1.00	0.00	0.16	111115
75	"09:18:00"	20180317	76	0	8.2	0.0992	238	2.63	1.93	24.13	6	1.42	1	2.84	25.25	24.13	26.07	398.54	387.46	11.914	15.029	26.71	33.69	499.6	1700	20	72.35	9.75	0.122	0.7	-0.22	2.74	1.00	0.00	0.16	111115
"09:18:26 Coolers: Tblock -> 31.00 C"
"09:28:35 Flow: Fixed -> 500 umol/s"
76	"09:28:52"	20180317	76	0	5.2	0.0614	235	2.29	2.65	29.29	6	1.42	1	2.84	30.19	29.29	31.05	399.72	392.40	17.183	19.880	28.86	33.39	499.6	1699	24	72.35	12.5	0.104	1.0	-0.22	2.74	1.00	0.00	0.16	111115
77	"09:28:52"	20180317	76	0	5.15	0.0614	237	2.29	2.65	29.29	6	1.42	1	2.84	30.19	29.29	31.05	399.62	392.35	17.183	19.880	28.86	33.39	499.6	1699	24	72.35	12.5	0.104	1.0	-0.22	2.74	1.00	0.00	0.16	111115
78	"09:28:53"	20180317	76	0	5.1	0.0615	238	2.29	2.65	29.29	6	1.42	1	2.84	30.19	29.29	31.05	399.54	392.34	17.184	19.883	28.86	33.40	499.6	1699	24	72.35	12.5	0.104	1.0	-0.22	2.74	1.00	0.00	0.16	111115
79	"09:28:53"	20180317	76	0	5.02	0.0615	240	2.29	2.65	29.29	6	1.42	1	2.84	30.19	29.29	31.05	399.46	392.35	17.184	19.885	28.86	33.40	499.6	1699	24	72.35	12.5	0.104	0.7	-0.22	2.74	1.00	0.00	0.16	111115
80	"09:28:54"	20180317	76	0	5.01	0.0615	240	2.29	2.65	29.29	6	1.42	1	2.84	30.19	29.29	31.05	399.43	392.34	17.186	19.885	28.87	33.40	499.6	1699	24	72.35	12.5	0.104	0.7	-0.22	2.74	1.00	0.00	0.16	111115
81	"09:28:54"	20180317	76	0	5.05	0.0615	239	2.29	2.65	29.29	6	1.42	1	2.84	30.19	29.29	31.05	399.44	392.29	17.186	19.887	28.87	33.40	499.6	1699	24	72.35	12.5	0.104	0.7	-0.22	2.74	1.00	0.00	0.16	111115
82	"09:28:55"	20180317	76	0	5.03	0.0615	240	2.29	2.65	29.29	6	1.42	1	2.84	30.19	29.29	31.05	399.41	392.30	17.186	19.887	28.86	33.40	499.6	1699	24	72.35	12.5	0.104	0.7	-0.22	2.74	1.00	0.00	0.16	111115
83	"09:28:55"	20180317	76	0	5.04	0.0615	240	2.29	2.65	29.29	6	1.42	1	2.84	30.19	29.29	31.05	399.41	392.28	17.185	19.885	28.86	33.40	499.6	1699	24	72.35	12.5	0.104	0.7	-0.22	2.74	1.00	0.00	0.16	111115
84	"09:28:56"	20180317	76	0	5.02	0.0614	240	2.29	2.65	29.29	6	1.42	1	2.84	30.19	29.29	31.05	399.37	392.26	17.185	19.883	28.86	33.39	499.5	1699	24	72.35	12.5	0.104	0.7	-0.22	2.74	1.00	0.00	0.16	111115
85	"09:28:56"	20180317	76	0	5.04	0.0614	239	2.29	2.65	29.29	6	1.42	1	2.84	30.19	29.29	31.05	399.35	392.23	17.186	19.881	28.86	33.39	499.6	1699	24	72.35	12.5	0.104	0.7	-0.22	2.74	1.00	0.00	0.16	111115
86	"09:28:57"	20180317	76	0	5.05	0.0613	239	2.29	2.65	29.29	6	1.42	1	2.84	30.19	29.29	31.05	399.34	392.19	17.187	19.881	28.87	33.39	499.5	1699	24	72.35	12.5	0.104	0.7	-0.22	2.74	1.00	0.00	0.16	111115
87	"09:28:57"	20180317	76	0	5.08	0.0613	238	2.29	2.65	29.30	6	1.42	1	2.84	30.19	29.30	31.05	399.33	392.15	17.188	19.880	28.87	33.39	499.5	1699	24	72.35	12.5	0.104	0.7	-0.22	2.74	1.00	0.00	0.16	111115
88	"09:28:58"	20180317	76	0	5.09	0.0613	237	2.29	2.65	29.30	6	1.42	1	2.84	30.19	29.30	31.05	399.31	392.11	17.188	19.879	28.87	33.39	499.5	1699	24	72.35	12.5	0.104	0.7	-0.22	2.74	1.00	0.00	0.16	111115
89	"09:28:58"	20180317	76	0	5.06	0.0611	238	2.28	2.65	29.30	6	1.42	1	2.84	30.19	29.30	31.05	399.27	392.11	17.188	19.874	28.87	33.38	499.5	1699	24	72.35	12.5	0.104	0.7	-0.22	2.74	1.00	0.00	0.16	111115
90	"09:28:59"	20180317	76	0	5.08	0.0612	237	2.28	2.65	29.30	6	1.42	1	2.84	30.19	29.30	31.05	399.27	392.09	17.188	19.876	28.87	33.38	499.6	1699	24	72.35	12.5	0.104	0.7	-0.22	2.74	1.00	0.00	0.16	111115
"09:29:13 Coolers: Tblock -> 36.00 C"
"09:32:52 Flow: Fixed -> 500 umol/s"
91	"09:33:11"	20180317	76	0	4.64	0.0503	222	2.19	3.06	32.54	6	1.42	1	2.84	34.51	32.54	36.04	400.18	393.57	23.226	25.788	30.58	33.95	499.5	1699	24	72.35	13.2	-0.00478	1.0	-0.22	2.74	1.00	0.00	0.16	111115
92	"09:33:12"	20180317	76	0	4.61	0.0502	223	2.19	3.06	32.54	6	1.42	1	2.84	34.51	32.54	36.05	400.18	393.61	23.228	25.787	30.58	33.94	499.5	1699	24	72.35	13.2	-0.00478	1.0	-0.22	2.74	1.00	0.00	0.16	111115
93	"09:33:12"	20180317	76	0	4.61	0.0502	223	2.19	3.06	32.54	6	1.42	1	2.84	34.51	32.54	36.05	400.18	393.60	23.228	25.789	30.57	33.95	499.5	1699	24	72.35	13.2	-0.00478	1.0	-0.22	2.74	1.00	0.00	0.16	111115
94	"09:33:13"	20180317	76	0	4.63	0.0502	222	2.19	3.06	32.55	6	1.42	1	2.84	34.51	32.55	36.05	400.16	393.57	23.230	25.791	30.58	33.95	499.5	1699	24	72.35	13.2	-0.00478	1.0	-0.22	2.74	1.00	0.00	0.16	111115
95	"09:33:13"	20180317	76	0	4.55	0.0503	225	2.19	3.06	32.55	6	1.42	1	2.84	34.51	32.55	36.05	400.10	393.60	23.230	25.794	30.57	33.95	499.5	1699	24	72.35	13.2	-0.00478	1.0	-0.22	2.74	1.00	0.00	0.16	111115
96	"09:33:14"	20180317	76	0	4.52	0.0502	225	2.19	3.06	32.55	6	1.42	1	2.84	34.51	32.55	36.05	400.09	393.62	23.232	25.793	30.58	33.95	499.5	1699	24	72.35	13.2	-0.00478	1.0	-0.22	2.74	1.00	0.00	0.16	111115
97	"09:33:14"	20180317	76	0	4.49	0.0502	226	2.19	3.06	32.55	6	1.42	1	2.84	34.51	32.55	36.05	400.06	393.63	23.231	25.794	30.57	33.94	499.5	1699	24	72.35	13.2	-0.00478	1.0	-0.22	2.74	1.00	0.00	0.16	111115
98	"09:33:15"	20180317	76	0	4.49	0.0502	226	2.19	3.06	32.55	6	1.42	1	2.84	34.51	32.55	36.05	400.08	393.65	23.232	25.794	30.57	33.94	499.5	1699	24	72.35	13.2	-0.00478	1.0	-0.22	2.74	1.00	0.00	0.16	111115
99	"09:33:15"	20180317	76	0	4.5	0.0502	226	2.19	3.06	32.55	6	1.42	1	2.84	34.51	32.55	36.05	400.08	393.64	23.234	25.795	30.57	33.94	499.5	1699	24	72.35	13.2	-0.00478	1.0	-0.22	2.74	1.00	0.00	0.16	111115
100	"09:33:16"	20180317	76	0	4.53	0.0502	225	2.19	3.06	32.55	6	1.42	1	2.84	34.51	32.55	36.05	400.07	393.59	23.233	25.796	30.57	33.94	499.5	1699	24	72.35	13.2	-0.00478	1.0	-0.22	2.74	1.00	0.00	0.16	111115
101	"09:33:16"	20180317	76	0	4.59	0.0502	223	2.19	3.06	32.56	6	1.42	1	2.84	34.52	32.56	36.05	400.08	393.54	23.234	25.796	30.57	33.94	499.5	1699	24	72.35	13.2	-0.00478	1.0	-0.22	2.74	1.00	0.00	0.16	111115
102	"09:33:17"	20180317	76	0	4.59	0.0501	223	2.19	3.06	32.56	6	1.42	1	2.84	34.52	32.56	36.05	400.09	393.54	23.234	25.793	30.57	33.94	499.5	1699	24	72.35	13.2	-0.00478	1.0	-0.22	2.74	1.00	0.00	0.16	111115
103	"09:33:18"	20180317	76	0	4.65	0.0501	221	2.19	3.06	32.57	6	1.42	1	2.84	34.52	32.57	36.05	400.14	393.52	23.235	25.795	30.57	33.94	499.5	1699	24	72.35	13.2	-0.00478	1.0	-0.22	2.74	1.00	0.00	0.16	111115
104	"09:33:18"	20180317	76	0	4.63	0.05	221	2.19	3.07	32.57	6	1.42	1	2.84	34.52	32.57	36.05	400.14	393.54	23.236	25.795	30.57	33.93	499.5	1699	24	72.35	13.2	-0.00478	1.0	-0.22	2.74	1.00	0.00	0.16	111115
105	"09:33:19"	20180317	76	0	4.63	0.05	221	2.19	3.07	32.57	6	1.42	1	2.84	34.52	32.57	36.05	400.14	393.54	23.236	25.795	30.57	33.93	499.5	1699	24	72.35	13.2	-0.00478	1.0	-0.22	2.74	1.00	0.00	0.16	111115
"09:33:34 Coolers: Tblock -> 41.00 C"
"09:35:23 Flow: Fixed -> 500 umol/s"
106	"09:35:29"	20180317	76	0	3.81	0.0462	233	2.46	3.71	34.86	6	1.42	1	2.84	38.52	34.86	41.04	399.80	394.05	23.264	26.141	24.59	27.63	499.5	1699	24	72.35	14	-0.0513	0.7	-0.22	2.74	1.00	0.00	0.16	111115
107	"09:35:29"	20180317	76	0	3.83	0.0461	232	2.46	3.71	34.86	6	1.42	1	2.84	38.52	34.86	41.04	399.81	394.05	23.264	26.138	24.58	27.62	499.5	1699	24	72.35	14	-0.0513	0.7	-0.22	2.74	1.00	0.00	0.16	111115
108	"09:35:30"	20180317	76	0	3.82	0.0461	233	2.46	3.71	34.86	6	1.42	1	2.84	38.52	34.86	41.04	399.79	394.05	23.266	26.140	24.58	27.62	499.5	1699	24	72.35	14	-0.0513	0.7	-0.22	2.74	1.00	0.00	0.16	111115
109	"09:35:30"	20180317	76	0	3.84	0.0461	232	2.46	3.72	34.87	6	1.42	1	2.84	38.52	34.87	41.04	399.79	394.01	23.266	26.139	24.58	27.61	499.5	1699	24	72.35	14	-0.0513	0.7	-0.22	2.74	1.00	0.00	0.16	111115
110	"09:35:31"	20180317	76	0	3.86	0.0461	231	2.46	3.72	34.87	6	1.42	1	2.84	38.53	34.87	41.04	399.80	394.00	23.265	26.143	24.57	27.61	499.5	1699	24	72.35	14	-0.0513	0.7	-0.22	2.74	1.00	0.00	0.16	111115
111	"09:35:32"	20180317	76	0	3.86	0.0461	231	2.46	3.72	34.88	6	1.42	1	2.84	38.53	34.88	41.04	399.84	394.03	23.265	26.143	24.57	27.61	499.5	1699	24	72.35	14	-0.0513	0.7	-0.22	2.74	1.00	0.00	0.16	111115
112	"09:35:32"	20180317	76	0	3.92	0.046	229	2.46	3.72	34.88	6	1.42	1	2.84	38.53	34.88	41.04	399.88	394.00	23.265	26.139	24.57	27.60	499.5	1699	24	72.35	14	-0.0513	0.7	-0.22	2.74	1.00	0.00	0.16	111115
113	"09:35:33"	20180317	76	0	3.95	0.046	228	2.46	3.72	34.89	6	1.42	1	2.84	38.53	34.89	41.04	399.88	393.97	23.265	26.139	24.56	27.60	499.5	1699	24	72.35	14	-0.0513	0.7	-0.22	2.74	1.00	0.00	0.16	111115
114	"09:35:33"	20180317	76	0	3.91	0.046	229	2.46	3.73	34.90	6	1.42	1	2.84	38.54	34.90	41.04	399.83	393.98	23.265	26.139	24.56	27.59	499.5	1699	24	72.35	14	-0.0513	0.7	-0.22	2.74	1.00	0.00	0.16	111115
115	"09:35:34"	20180317	76	0	3.91	0.046	229	2.46	3.73	34.91	6	1.42	1	2.84	38.54	34.91	41.04	399.82	393.96	23.263	26.143	24.55	27.59	499.5	1699	24	72.35	14	-0.0513	0.7	-0.22	2.74	1.00	0.00	0.16	111115
116	"09:35:34"	20180317	76	0	3.93	0.0459	228	2.46	3.73	34.92	6	1.42	1	2.84	38.54	34.92	41.04	399.84	393.95	23.264	26.139	24.55	27.59	499.5	1699	24	72.35	14	-0.0513	0.7	-0.22	2.74	1.00	0.00	0.16	111115
117	"09:35:35"	20180317	76	0	3.9	0.0459	229	2.46	3.73	34.92	6	1.42	1	2.84	38.54	34.92	41.04	399.82	393.97	23.263	26.139	24.55	27.58	499.5	1699	24	72.35	14	-0.0513	0.7	-0.22	2.74	1.00	0.00	0.16	111115
118	"09:35:35"	20180317	76	0	3.91	0.0458	228	2.45	3.74	34.93	6	1.42	1	2.84	38.55	34.93	41.04	399.85	393.99	23.263	26.134	24.54	27.57	499.5	1699	24	72.35	14	-0.0513	0.7	-0.22	2.74	1.00	0.00	0.16	111115
119	"09:35:36"	20180317	76	0	3.97	0.0457	226	2.45	3.74	34.94	6	1.42	1	2.84	38.55	34.94	41.04	399.86	393.93	23.263	26.133	24.54	27.57	499.5	1699	24	72.35	14	-0.0513	0.7	-0.22	2.74	1.00	0.00	0.16	111115
120	"09:35:36"	20180317	76	0	3.95	0.0458	227	2.46	3.74	34.95	6	1.42	1	2.84	38.55	34.95	41.05	399.85	393.94	23.263	26.137	24.54	27.57	499.5	1699	24	72.35	14	-0.0513	0.7	-0.22	2.74	1.00	0.00	0.16	111115
"09:35:48 Coolers: Tblock -> 46.00 C"
"09:39:29 Flow: Fixed -> 500 umol/s"
121	"09:39:48"	20180317	76	0	2.3	0.0364	254	2.7	5.09	38.92	6	1.42	1	2.84	43.20	38.92	46.04	399.49	395.44	23.221	26.376	19.13	21.73	499.5	1699	21	72.35	15.8	-0.0415	1.0	-0.22	2.74	1.00	0.00	0.16	111115
122	"09:39:48"	20180317	76	0	2.26	0.0364	256	2.7	5.09	38.92	6	1.42	1	2.84	43.20	38.92	46.04	399.43	395.43	23.220	26.374	19.13	21.73	499.5	1699	21	72.35	15.8	-0.0415	0.7	-0.22	2.74	1.00	0.00	0.16	111115
123	"09:39:49"	20180317	76	0	2.22	0.0365	258	2.7	5.09	38.92	6	1.42	1	2.84	43.21	38.92	46.04	399.38	395.43	23.220	26.375	19.13	21.73	499.5	1699	21	72.35	15.8	-0.0415	0.7	-0.22	2.74	1.00	0.00	0.16	111115
124	"09:39:49"	20180317	76	0	2.21	0.0365	258	2.7	5.09	38.92	6	1.42	1	2.84	43.21	38.92	46.04	399.34	395.41	23.219	26.374	19.13	21.72	499.5	1699	21	72.35	15.8	-0.0415	0.7	-0.22	2.74	1.00	0.00	0.16	111115
125	"09:39:50"	20180317	76	0	2.21	0.0365	258	2.7	5.09	38.92	6	1.42	1	2.84	43.21	38.92	46.04	399.34	395.41	23.219	26.374	19.13	21.72	499.5	1699	21	72.35	15.8	-0.0415	0.7	-0.22	2.74	1.00	0.00	0.16	111115
126	"09:39:50"	20180317	76	0	2.22	0.0364	258	2.7	5.09	38.92	6	1.42	1	2.84	43.21	38.92	46.04	399.31	395.36	23.219	26.374	19.12	21.72	499.5	1699	21	72.35	15.8	-0.0415	0.7	-0.22	2.74	1.00	0.00	0.16	111115
127	"09:39:51"	20180317	76	0	2.32	0.0363	253	2.69	5.09	38.93	6	1.42	1	2.84	43.22	38.93	46.04	399.33	395.26	23.219	26.367	19.12	21.71	499.5	1699	21	72.35	15.8	-0.0415	0.7	-0.22	2.74	1.00	0.00	0.16	111115
128	"09:39:51"	20180317	76	0	2.36	0.0363	251	2.69	5.1	38.94	6	1.42	1	2.84	43.22	38.94	46.04	399.32	395.20	23.219	26.366	19.12	21.71	499.5	1699	21	72.35	15.8	-0.0415	0.7	-0.22	2.74	1.00	0.00	0.16	111115
129	"09:39:52"	20180317	76	0	2.38	0.0363	250	2.69	5.1	38.94	6	1.42	1	2.84	43.22	38.94	46.04	399.29	395.16	23.217	26.364	19.11	21.71	499.5	1699	21	72.35	15.8	-0.0415	0.7	-0.22	2.74	1.00	0.00	0.16	111115
130	"09:39:52"	20180317	76	0	2.41	0.0363	249	2.69	5.1	38.95	6	1.42	1	2.84	43.22	38.95	46.04	399.30	395.13	23.217	26.365	19.11	21.71	499.5	1699	21	72.35	15.8	-0.0415	0.7	-0.22	2.74	1.00	0.00	0.16	111115
131	"09:39:53"	20180317	76	0	2.47	0.0362	246	2.69	5.1	38.96	6	1.42	1	2.84	43.22	38.96	46.04	399.32	395.08	23.217	26.362	19.11	21.70	499.5	1699	21	72.35	15.8	-0.0415	0.7	-0.22	2.74	1.00	0.00	0.16	111115
132	"09:39:53"	20180317	76	0	2.5	0.0362	245	2.69	5.11	38.96	6	1.42	1	2.84	43.22	38.96	46.04	399.32	395.05	23.218	26.360	19.11	21.70	499.5	1699	21	72.35	15.8	-0.0415	0.7	-0.22	2.74	1.00	0.00	0.16	111115
133	"09:39:54"	20180317	76	0	2.5	0.0362	245	2.69	5.11	38.96	6	1.42	1	2.84	43.22	38.96	46.04	399.32	395.05	23.218	26.360	19.11	21.70	499.5	1699	21	72.35	15.8	-0.0415	0.7	-0.22	2.74	1.00	0.00	0.16	111115
134	"09:39:55"	20180317	76	0	2.42	0.0362	248	2.69	5.11	38.98	6	1.42	1	2.84	43.23	38.98	46.04	399.29	395.11	23.219	26.367	19.11	21.70	499.5	1699	21	72.35	15.8	-0.0415	0.7	-0.22	2.74	1.00	0.00	0.16	111115
135	"09:39:55"	20180317	76	0	2.45	0.0362	247	2.69	5.11	38.99	6	1.42	1	2.84	43.23	38.99	46.04	399.29	395.08	23.219	26.371	19.10	21.70	499.5	1699	21	72.35	15.8	-0.0415	0.7	-0.22	2.74	1.00	0.00	0.16	111115
"09:40:09 Coolers: Tblock -> 50.00 C"
"09:47:20 Flow: Fixed -> 500 umol/s"
136	"09:47:43"	20180317	76	0	0.783	0.039	312	3.58	6.26	42.01	6	1.42	1	2.84	46.91	42.01	49.74	399.53	396.88	23.286	27.469	15.85	18.69	499.6	1700	20	72.35	17.3	-0.0188	0.7	-0.22	2.74	1.00	0.00	0.16	111115
137	"09:47:43"	20180317	76	0	0.755	0.039	313	3.59	6.26	42.01	6	1.42	1	2.84	46.92	42.01	49.74	399.49	396.88	23.286	27.473	15.85	18.69	499.6	1700	20	72.35	17.3	-0.0188	0.7	-0.22	2.74	1.00	0.00	0.16	111115
138	"09:47:43"	20180317	76	0	0.755	0.039	313	3.59	6.26	42.01	6	1.42	1	2.84	46.92	42.01	49.74	399.49	396.88	23.286	27.473	15.85	18.69	499.6	1700	20	72.35	17.3	-0.0188	0.7	-0.22	2.74	1.00	0.00	0.16	111115
139	"09:47:44"	20180317	76	0	0.744	0.0391	313	3.59	6.26	42.02	6	1.42	1	2.84	46.92	42.02	49.74	399.46	396.86	23.285	27.479	15.84	18.70	499.6	1700	20	72.35	17.3	-0.0188	0.7	-0.22	2.74	1.00	0.00	0.16	111115
140	"09:47:45"	20180317	76	0	0.753	0.0391	313	3.59	6.27	42.02	6	1.42	1	2.84	46.92	42.02	49.74	399.43	396.81	23.285	27.484	15.84	18.70	499.6	1700	20	72.35	17.3	-0.0188	0.7	-0.22	2.74	1.00	0.00	0.16	111115
141	"09:47:45"	20180317	76	0	0.749	0.0391	313	3.6	6.27	42.03	6	1.42	1	2.84	46.92	42.03	49.74	399.38	396.77	23.286	27.485	15.84	18.70	499.6	1700	20	72.35	17.3	-0.0188	0.7	-0.22	2.74	1.00	0.00	0.16	111115
142	"09:47:46"	20180317	76	0	0.796	0.0391	311	3.6	6.27	42.02	6	1.42	1	2.84	46.92	42.02	49.74	399.40	396.73	23.287	27.486	15.84	18.70	499.6	1700	20	72.35	17.3	-0.0188	0.7	-0.22	2.74	1.00	0.00	0.16	111115
143	"09:47:46"	20180317	76	0	0.848	0.0391	309	3.6	6.27	42.03	6	1.42	1	2.84	46.92	42.03	49.74	399.45	396.72	23.287	27.488	15.84	18.70	499.6	1700	20	72.35	17.3	-0.0188	0.7	-0.22	2.74	1.00	0.00	0.16	111115
144	"09:47:47"	20180317	76	0	0.839	0.0391	309	3.6	6.27	42.03	6	1.42	1	2.84	46.92	42.03	49.74	399.45	396.72	23.287	27.490	15.84	18.70	499.6	1700	20	72.35	17.3	-0.0188	0.7	-0.22	2.74	1.00	0.00	0.16	111115
145	"09:47:47"	20180317	76	0	0.895	0.0392	307	3.6	6.27	42.03	6	1.42	1	2.84	46.92	42.03	49.74	399.48	396.69	23.288	27.493	15.84	18.70	499.6	1700	20	72.35	17.3	-0.0188	0.7	-0.22	2.74	1.00	0.00	0.16	111115
146	"09:47:48"	20180317	76	0	0.929	0.0391	306	3.6	6.27	42.04	6	1.42	1	2.84	46.93	42.04	49.74	399.49	396.66	23.287	27.491	15.84	18.70	499.6	1700	20	72.35	17.3	-0.0188	0.7	-0.22	2.74	1.00	0.00	0.16	111115
147	"09:47:48"	20180317	76	0	0.925	0.0391	306	3.6	6.27	42.05	6	1.42	1	2.84	46.93	42.05	49.74	399.51	396.68	23.286	27.489	15.84	18.70	499.6	1700	20	72.35	17.3	-0.0188	0.7	-0.22	2.74	1.00	0.00	0.16	111115
148	"09:47:49"	20180317	76	0	0.94	0.0391	305	3.6	6.28	42.05	6	1.42	1	2.84	46.93	42.05	49.74	399.54	396.70	23.286	27.494	15.84	18.70	499.6	1700	20	72.35	17.3	-0.0188	0.7	-0.22	2.74	1.00	0.00	0.16	111115
149	"09:47:49"	20180317	76	0	0.948	0.0391	305	3.61	6.28	42.06	6	1.42	1	2.84	46.93	42.06	49.74	399.53	396.67	23.284	27.496	15.83	18.70	499.6	1700	20	72.35	17.3	-0.0188	0.7	-0.22	2.74	1.00	0.00	0.16	111115
150	"09:47:50"	20180317	76	0	0.939	0.0391	305	3.61	6.28	42.06	6	1.42	1	2.84	46.93	42.06	49.74	399.50	396.65	23.285	27.496	15.83	18.70	499.6	1700	20	72.35	17.3	-0.0188	0.7	-0.22	2.74	1.00	0.00	0.16	111115
"09:48:17 Flow: Fixed -> 300 umol/s"
"09:49:44 Flow: Fixed -> 300 umol/s"
151	"09:49:48"	20180317	76	0	1.08	0.0407	301	3.7	6.17	42.35	6	1.42	1	2.84	47.05	42.35	49.74	399.96	394.88	23.529	30.699	15.90	20.75	300.0	1699	20	72.35	17.9	-0.0953	1.0	-0.22	2.74	1.00	0.00	0.16	111115
152	"09:49:49"	20180317	76	0	1.09	0.0418	302	3.79	6.17	42.34	6	1.42	1	2.84	47.05	42.34	49.74	400.07	394.90	23.350	30.698	15.78	20.75	300.0	1699	20	72.35	17.9	-0.0953	1.0	-0.22	2.74	1.00	0.00	0.16	111115
153	"09:49:49"	20180317	76	0	1.08	0.0418	302	3.79	6.17	42.33	6	1.42	1	2.84	47.05	42.33	49.74	400.05	394.89	23.343	30.698	15.78	20.75	300.0	1699	20	72.35	17.9	-0.0953	1.0	-0.22	2.74	1.00	0.00	0.16	111115
154	"09:49:50"	20180317	76	0	1.08	0.0418	302	3.79	6.17	42.33	6	1.42	1	2.84	47.05	42.33	49.74	400.03	394.88	23.343	30.694	15.78	20.74	300.0	1699	20	72.35	17.9	-0.0953	1.0	-0.22	2.74	1.00	0.00	0.16	111115
155	"09:49:50"	20180317	76	0	1.08	0.0418	302	3.79	6.17	42.33	6	1.42	1	2.84	47.05	42.33	49.74	400.03	394.88	23.343	30.694	15.78	20.74	300.0	1699	20	72.35	17.9	-0.0953	1.0	-0.22	2.74	1.00	0.00	0.16	111115
156	"09:49:51"	20180317	76	0	1.09	0.0418	301	3.79	6.17	42.33	6	1.42	1	2.84	47.05	42.33	49.74	400.06	394.88	23.344	30.696	15.78	20.74	300.0	1699	20	72.35	17.9	-0.0953	1.0	-0.22	2.74	1.00	0.00	0.16	111115
157	"09:49:51"	20180317	76	0	1.12	0.0418	300	3.79	6.17	42.33	6	1.42	1	2.84	47.05	42.33	49.74	400.09	394.85	23.346	30.697	15.78	20.74	300.0	1699	20	72.35	17.9	-0.0953	1.0	-0.22	2.74	1.00	0.00	0.16	111115
158	"09:49:52"	20180317	76	0	1.15	0.0418	299	3.79	6.17	42.34	6	1.42	1	2.84	47.05	42.34	49.74	400.12	394.83	23.344	30.697	15.78	20.75	300.0	1699	20	72.35	17.9	-0.0953	1.0	-0.22	2.74	1.00	0.00	0.16	111115
159	"09:49:52"	20180317	76	0	1.15	0.0418	299	3.79	6.17	42.34	6	1.42	1	2.84	47.05	42.34	49.74	400.13	394.85	23.345	30.696	15.78	20.74	300.0	1699	20	72.35	17.9	-0.0953	1.0	-0.22	2.74	1.00	0.00	0.16	111115
160	"09:49:53"	20180317	76	0	1.14	0.0418	300	3.79	6.17	42.34	6	1.42	1	2.84	47.05	42.34	49.73	400.15	394.88	23.345	30.698	15.78	20.75	300.0	1699	20	72.35	17.9	-0.0953	1.0	-0.22	2.74	1.00	0.00	0.16	111115
161	"09:49:53"	20180317	76	0	1.16	0.0418	299	3.79	6.17	42.35	6	1.42	1	2.84	47.05	42.35	49.73	400.20	394.87	23.344	30.697	15.78	20.74	300.0	1699	20	72.35	17.9	-0.0953	1.0	-0.22	2.74	1.00	0.00	0.16	111115
162	"09:49:54"	20180317	76	0	1.17	0.0418	299	3.79	6.17	42.35	6	1.42	1	2.84	47.05	42.35	49.73	400.20	394.86	23.344	30.698	15.78	20.75	300.0	1699	20	72.35	17.9	-0.0953	1.0	-0.22	2.74	1.00	0.00	0.16	111115
163	"09:49:54"	20180317	76	0	1.17	0.0418	299	3.79	6.17	42.35	6	1.42	1	2.84	47.05	42.35	49.73	400.20	394.86	23.344	30.698	15.78	20.75	300.0	1699	20	72.35	17.9	-0.0953	1.0	-0.22	2.74	1.00	0.00	0.16	111115
164	"09:49:55"	20180317	76	0	1.19	0.0418	298	3.79	6.17	42.34	6	1.42	1	2.84	47.05	42.34	49.73	400.21	394.83	23.345	30.699	15.78	20.75	300.0	1699	20	72.35	17.9	-0.0953	1.0	-0.22	2.74	1.00	0.00	0.16	111115
165	"09:49:55"	20180317	76	0	1.19	0.0418	298	3.79	6.17	42.34	6	1.42	1	2.84	47.05	42.34	49.74	400.19	394.82	23.344	30.697	15.78	20.75	300.0	1699	20	72.35	17.9	-0.0953	1.0	-0.22	2.74	1.00	0.00	0.16	111115
