"OPEN 6.3.4"
"Sun Mar 18 2018 12:48:30"
<open><version>"6.3.4"</version></open>
<open><configfile>"/User/Configs/UserPrefs/LED2x3.xml"</configfile></open>
<open><light><source>"6400-02 or -02B LED Source"</source><par_in>1<sensor>"SI-2503"<cal>-0.86<actinity>1.00</actinity><transm>1.00</transm></cal></sensor><transm>1</transm></par_in><par_out>1<sensor>"Q40491"<cal>6.5</cal></sensor></par_out></light></open>
<open><comps><file>"/User/Configs/Comps/StdComps_6.1"<header>""</header><extras></extras></file><energybal>no<f_parIn>1</f_parIn><f_parOut>0</f_parOut><alphaK>0.16</alphaK></energybal><bc_total>2.840<stomatal_ratio>1</stomatal_ratio><bc_oneside>1.420<type>2</type><table>"/Sys/Lib/StdBLCTable"</table><area>6</area><slope>-0.219565</slope><offset>2.73739</offset><fan>5</fan></bc_oneside></bc_total></comps></open>
<open><prompts><onlog>off</onlog><items>"Default (none)"</items></prompts></open>
<open><constants><oxygen>21 %</oxygen><bb_vapor>1.5</bb_vapor><bb_oxy>0.9</bb_oxy></constants></open>
<open><stability><items>"Std Stability"<items[1]><id>-2</id><size>15</size><pcv><onoff>0</onoff><value>1</value></pcv><std><onoff>0</onoff><value>1</value></std><slp><onoff>1</onoff><value>1</value></slp></items[1]><items[2]><id>-5</id><size>15</size><pcv><onoff>0</onoff><value>1</value></pcv><std><onoff>0</onoff><value>1</value></std><slp><onoff>1</onoff><value>1</value></slp></items[2]><items[3]><id>-7</id><size>15</size><pcv><onoff>0</onoff><value>1</value></pcv><std><onoff>0</onoff><value>1</value></std><slp><onoff>1</onoff><value>1</value></slp></items[3]></items></stability></open>
<open><log><format>"StdLogFmt_6.0"<items>{ -35 -21 -70 -69 -76 30 23 36 21 25 221 -33 111 -34 11 -9 -10 -8 -1 -2 -4 -5 -14 -15 -7 -12 -13 -11 -65 -66 -72 -18 -19 -77 -78 -79 -23  }<hdr>{  }</hdr></items></format><options><beep>on</beep><match>"never"<time>30</time><co2>100</co2><delta>10</delta></match><hdr>normal</hdr><rem>normal</rem><stab>no</stab><stats>no<mean>no</mean><file>no</file><period>15</period></stats><excel>yes</excel><controls>yes</controls><comm>no</comm></options><datafile>"/User/031818-LHAST-BTB2511"</datafile><button><action>"Normal Log"<code>" LogOneObsManual "</code></action></button><autoprog>"/User/Configs/AutoProgs/AutoLog2"<active>no</active></autoprog></log></open>
<open><a2d><avgtime>4.0 secs</avgtime><userchans><ch20>"Off"</ch20><ch21>"Off"</ch21><ch22>"Off"</ch22><ch23>"Off"</ch23></userchans></a2d></open>
<open><matching><type>0</type><disp>'a'</disp><settings>><CO2Limit>10.0</CO2Limit><H2OLimit>1.0</H2OLimit><MaxAutoTime>60</MaxAutoTime><AverageTime>10</AverageTime></settings></matching></open>
<li6400><factory><unit>"PSC-2470"</unit><serviced>"5 Feb 2018"</serviced><fuseaware>0</fuseaware><co2mixer>yes</co2mixer><co2><coeffs>{ 0 0.214772 2.55802e-05 1.93228e-08 -3.02262e-12 2.75724e-16  }</coeffs><dvdt>-4</dvdt><xs>{ 9.11e-05 0.00178  }</xs></co2><h2o><coeffs>{ 0 0.00581526 2.16703e-06 7.69607e-12  }</coeffs><dvdt>-2.9</dvdt><xs>{ -0.000111 -0.00256  }</xs></h2o><flow>{ 0 0.3696  }</flow><press>{ 86.913 0.00551  }</press></factory></li6400>
<li6400><user><flow_zero>-42.6</flow_zero><irga_zero><co2>113.5 152.5<at>27.1329</at></co2><h2o>-3.5 -3.5<at>28.1091</at></h2o></irga_zero><irga_span><co2>{ 0.990134 0.992694  }</co2><h2o>{ 0.996743 0.99801  }</h2o></irga_span><irga_match><co2>{ 0.110267 9.71343  }</co2><h2o>{ -0.0816591 0.153225  }</h2o></irga_match><co2_mixer><pump_mv>4500</pump_mv><ppm>{ 2352.67 1117.67 439.284 266.3 121.188 70.6751 48.8233 48.8102  }</ppm><mv>{ 5000 3000 1500 1000 500 300 200 100  }</mv></co2_mixer><parin_offset>-0.211894</parin_offset><led_cal><unit>"SI-2503"</unit><mv>{ 10 25 50 100 1000 2000 3000 4000 5000  }</mv><qntm>{ 1.83047 9.20354 23.3042 57.5395 736.221 1467.2 2160.1 2821.48 3447.04  }</qntm></led_cal><lcf_cal><unit>"LCF-0981"</unit><red><mv>{ 50 100 200 400 800 1500  }</mv><qntm>{ 64.6036 145.758 312.409 661.73 1377.94 2641.23  }</qntm></red><blue><mv>{ 100 500 1000 2000 3000 4000 5000  }</mv><qntm>{ 11.107 44.4539 81.9578 145.168 203.372 256.093 300.56  }</qntm></blue></lcf_cal></user></li6400>
"12:48:32 "
$STARTOFDATA$
"Obs"	"HHMMSS"	"YYYYMMDD"	"DOY"	"EBal?"	"Photo"	"Cond"	"Ci"	"Trmmol"	"VpdL"	"CTleaf"	"Area"	"BLC_1"	"StmRat"	"BLCond"	"Tair"	"Tleaf"	"TBlk"	"CO2R"	"CO2S"	"H2OR"	"H2OS"	"RH_R"	"RH_S"	"Flow"	"PARi"	"PARo"	"Press"	"CsMch"	"HsMch"	"StableF"	"BLCslope"	"BLCoffst"	"f_parin"	"f_parout"	"alphaK"	"Status"
"12:52:33 Flow: Fixed -> 500 umol/s"
"12:52:53 Coolers: Tblock -> 0.00 C"
"13:14:23 Flow: Fixed -> 500 umol/s"
"13:30:54 Flow: Fixed -> 500 umol/s"
"13:31:24 Coolers: Tblock -> 7.00 C"
1	"13:32:14"	20180318	77	0	5.6	0.0932	285	1.48	1.17	13.87	6	1.42	1	2.84	9.40	13.87	7.06	399.94	392.51	4.127	5.897	25.10	35.86	499.6	1700	30	72	7.62	0.141	1.0	-0.22	2.74	1.00	0.00	0.16	111115
2	"13:32:14"	20180318	77	0	5.63	0.093	284	1.48	1.17	13.88	6	1.42	1	2.84	9.40	13.88	7.06	399.97	392.50	4.128	5.897	25.11	35.86	499.6	1700	30	72	7.62	0.141	1.0	-0.22	2.74	1.00	0.00	0.16	111115
3	"13:32:15"	20180318	77	0	5.64	0.0927	284	1.48	1.17	13.90	6	1.42	1	2.84	9.40	13.90	7.06	399.93	392.46	4.128	5.895	25.11	35.85	499.6	1700	30	72	7.62	0.141	1.0	-0.22	2.74	1.00	0.00	0.16	111115
4	"13:32:15"	20180318	77	0	5.68	0.0927	283	1.48	1.17	13.91	6	1.42	1	2.84	9.40	13.91	7.06	399.94	392.42	4.127	5.895	25.10	35.85	499.6	1700	30	72	7.62	0.141	1.0	-0.22	2.74	1.00	0.00	0.16	111115
5	"13:32:16"	20180318	77	0	5.63	0.0925	284	1.48	1.17	13.92	6	1.42	1	2.84	9.40	13.92	7.06	399.91	392.45	4.128	5.894	25.10	35.85	499.6	1700	30	72	7.62	0.141	1.0	-0.22	2.74	1.00	0.00	0.16	111115
6	"13:32:16"	20180318	77	0	5.61	0.0926	284	1.48	1.17	13.93	6	1.42	1	2.84	9.40	13.93	7.06	399.91	392.48	4.127	5.895	25.10	35.86	499.6	1700	30	72	7.62	0.141	1.0	-0.22	2.74	1.00	0.00	0.16	111115
7	"13:32:17"	20180318	77	0	5.56	0.0926	285	1.48	1.17	13.92	6	1.42	1	2.84	9.40	13.92	7.05	399.88	392.51	4.127	5.894	25.10	35.85	499.6	1700	30	72	7.62	0.141	1.0	-0.22	2.74	1.00	0.00	0.16	111115
8	"13:32:17"	20180318	77	0	5.52	0.0927	286	1.48	1.17	13.91	6	1.42	1	2.84	9.40	13.91	7.05	399.86	392.53	4.127	5.895	25.10	35.85	499.6	1700	30	72	7.62	0.141	1.0	-0.22	2.74	1.00	0.00	0.16	111115
9	"13:32:18"	20180318	77	0	5.52	0.0927	286	1.48	1.17	13.91	6	1.42	1	2.84	9.40	13.91	7.05	399.86	392.53	4.127	5.895	25.10	35.85	499.6	1700	30	72	7.62	0.141	1.0	-0.22	2.74	1.00	0.00	0.16	111115
10	"13:32:18"	20180318	77	0	5.53	0.0931	286	1.48	1.17	13.88	6	1.42	1	2.84	9.40	13.88	7.05	399.86	392.52	4.126	5.895	25.09	35.85	499.6	1700	30	72	7.62	0.141	1.0	-0.22	2.74	1.00	0.00	0.16	111115
11	"13:32:19"	20180318	77	0	5.5	0.0932	287	1.48	1.17	13.87	6	1.42	1	2.84	9.40	13.87	7.05	399.82	392.52	4.126	5.896	25.09	35.86	499.6	1700	30	72	7.62	0.141	1.0	-0.22	2.74	1.00	0.00	0.16	111115
12	"13:32:20"	20180318	77	0	5.48	0.0934	287	1.48	1.16	13.84	6	1.42	1	2.84	9.40	13.84	7.05	399.78	392.50	4.127	5.896	25.10	35.86	499.6	1700	30	72	7.62	0.141	1.0	-0.22	2.74	1.00	0.00	0.16	111115
13	"13:32:20"	20180318	77	0	5.5	0.0934	287	1.48	1.16	13.85	6	1.42	1	2.84	9.40	13.85	7.05	399.79	392.49	4.127	5.896	25.10	35.86	499.6	1700	30	72	7.62	0.141	1.0	-0.22	2.74	1.00	0.00	0.16	111115
14	"13:32:21"	20180318	77	0	5.48	0.0933	287	1.48	1.16	13.86	6	1.42	1	2.84	9.40	13.86	7.05	399.78	392.51	4.127	5.896	25.10	35.86	499.6	1700	30	72	7.62	0.141	1.0	-0.22	2.74	1.00	0.00	0.16	111115
15	"13:32:22"	20180318	77	0	5.48	0.0933	287	1.48	1.16	13.86	6	1.42	1	2.84	9.40	13.86	7.05	399.78	392.50	4.127	5.898	25.10	35.87	499.6	1700	30	72	7.62	0.141	1.0	-0.22	2.74	1.00	0.00	0.16	111115
"13:32:36 Coolers: Tblock -> 12.00 C"
"13:37:14 Flow: Fixed -> 500 umol/s"
16	"13:38:20"	20180318	77	0	5.6	0.0858	276	1.54	1.31	16.48	6	1.42	1	2.84	13.50	16.48	12.05	400.10	392.65	6.101	7.938	28.28	36.80	499.6	1700	31	71.99	7.64	0.11	1.0	-0.22	2.74	1.00	0.00	0.16	111115
17	"13:38:21"	20180318	77	0	5.59	0.0859	276	1.54	1.31	16.47	6	1.42	1	2.84	13.50	16.47	12.05	400.08	392.64	6.101	7.939	28.29	36.81	499.6	1700	31	71.99	7.64	0.11	1.0	-0.22	2.74	1.00	0.00	0.16	111115
18	"13:38:21"	20180318	77	0	5.6	0.0859	276	1.54	1.31	16.47	6	1.42	1	2.84	13.50	16.47	12.05	400.08	392.63	6.102	7.939	28.29	36.81	499.6	1700	31	71.99	7.64	0.11	1.0	-0.22	2.74	1.00	0.00	0.16	111115
19	"13:38:22"	20180318	77	0	5.6	0.0859	276	1.54	1.31	16.47	6	1.42	1	2.84	13.50	16.47	12.05	400.08	392.63	6.102	7.939	28.29	36.81	499.6	1700	31	71.99	7.64	0.11	1.0	-0.22	2.74	1.00	0.00	0.16	111115
20	"13:38:22"	20180318	77	0	5.58	0.0857	276	1.54	1.31	16.48	6	1.42	1	2.84	13.50	16.48	12.05	400.07	392.64	6.102	7.937	28.29	36.80	499.6	1700	31	71.99	7.64	0.11	1.0	-0.22	2.74	1.00	0.00	0.16	111115
21	"13:38:23"	20180318	77	0	5.56	0.0857	276	1.54	1.31	16.48	6	1.42	1	2.84	13.50	16.48	12.05	400.06	392.66	6.102	7.937	28.29	36.80	499.6	1700	31	71.99	7.64	0.11	1.0	-0.22	2.74	1.00	0.00	0.16	111115
22	"13:38:23"	20180318	77	0	5.53	0.0857	277	1.54	1.31	16.49	6	1.42	1	2.84	13.50	16.49	12.05	400.05	392.68	6.101	7.937	28.28	36.79	499.6	1700	31	71.99	7.64	0.11	1.0	-0.22	2.74	1.00	0.00	0.16	111115
23	"13:38:24"	20180318	77	0	5.59	0.0857	276	1.54	1.31	16.49	6	1.42	1	2.84	13.50	16.49	12.05	400.07	392.62	6.100	7.936	28.28	36.79	499.6	1700	31	71.99	7.64	0.11	1.0	-0.22	2.74	1.00	0.00	0.16	111115
24	"13:38:24"	20180318	77	0	5.57	0.0857	276	1.54	1.31	16.49	6	1.42	1	2.84	13.50	16.49	12.05	400.07	392.66	6.101	7.937	28.28	36.79	499.6	1700	31	71.99	7.64	0.11	1.0	-0.22	2.74	1.00	0.00	0.16	111115
25	"13:38:25"	20180318	77	0	5.59	0.0858	276	1.54	1.31	16.48	6	1.42	1	2.84	13.50	16.48	12.05	400.08	392.64	6.100	7.938	28.28	36.80	499.6	1700	31	71.99	7.64	0.11	1.0	-0.22	2.74	1.00	0.00	0.16	111115
26	"13:38:25"	20180318	77	0	5.57	0.0858	276	1.54	1.31	16.49	6	1.42	1	2.84	13.50	16.49	12.05	400.10	392.68	6.100	7.939	28.27	36.80	499.6	1700	31	71.99	7.64	0.11	1.0	-0.22	2.74	1.00	0.00	0.16	111115
27	"13:38:26"	20180318	77	0	5.56	0.0858	276	1.54	1.31	16.50	6	1.42	1	2.84	13.50	16.50	12.05	400.12	392.71	6.099	7.939	28.27	36.80	499.6	1700	31	71.99	7.64	0.11	1.0	-0.22	2.74	1.00	0.00	0.16	111115
28	"13:38:26"	20180318	77	0	5.54	0.0857	277	1.54	1.31	16.50	6	1.42	1	2.84	13.50	16.50	12.05	400.13	392.75	6.100	7.938	28.28	36.80	499.6	1700	31	71.99	7.64	0.11	1.0	-0.22	2.74	1.00	0.00	0.16	111115
29	"13:38:27"	20180318	77	0	5.57	0.0857	276	1.54	1.31	16.49	6	1.42	1	2.84	13.50	16.49	12.05	400.14	392.73	6.101	7.939	28.28	36.80	499.6	1700	31	71.99	7.64	0.11	1.0	-0.22	2.74	1.00	0.00	0.16	111115
30	"13:38:27"	20180318	77	0	5.63	0.0858	275	1.54	1.31	16.49	6	1.42	1	2.84	13.50	16.49	12.05	400.20	392.71	6.102	7.939	28.28	36.80	499.6	1700	31	71.99	7.64	0.11	1.0	-0.22	2.74	1.00	0.00	0.16	111115
31	"13:38:28"	20180318	77	0	5.61	0.0858	276	1.54	1.31	16.48	6	1.42	1	2.84	13.50	16.48	12.05	400.20	392.74	6.102	7.940	28.29	36.80	499.6	1700	31	71.99	7.64	0.11	1.0	-0.22	2.74	1.00	0.00	0.16	111115
"13:39:22 Coolers: Tblock -> 17.00 C"
"13:42:14 Flow: Fixed -> 500 umol/s"
"13:46:08 Flow: Fixed -> 500 umol/s"
32	"13:47:16"	20180318	77	0	5.19	0.0719	263	1.58	1.59	19.50	6	1.42	1	2.84	17.73	19.50	17.05	400.02	393.04	7.594	9.478	26.84	33.50	499.6	1699	30	71.98	7.94	0.108	1.0	-0.22	2.74	1.00	0.00	0.16	111115
33	"13:47:17"	20180318	77	0	5.19	0.0719	263	1.58	1.59	19.50	6	1.42	1	2.84	17.73	19.50	17.05	400.02	393.04	7.594	9.478	26.84	33.50	499.6	1699	30	71.98	7.94	0.108	1.0	-0.22	2.74	1.00	0.00	0.16	111115
34	"13:47:17"	20180318	77	0	5.19	0.0719	263	1.58	1.59	19.50	6	1.42	1	2.84	17.73	19.50	17.05	400.02	393.04	7.594	9.478	26.84	33.50	499.6	1699	30	71.98	7.94	0.108	1.0	-0.22	2.74	1.00	0.00	0.16	111115
35	"13:47:17"	20180318	77	0	5.19	0.0718	263	1.58	1.59	19.50	6	1.42	1	2.84	17.73	19.50	17.05	400.04	393.06	7.594	9.476	26.84	33.49	499.6	1699	30	71.98	7.94	0.108	1.0	-0.22	2.74	1.00	0.00	0.16	111115
36	"13:47:18"	20180318	77	0	5.21	0.0717	263	1.58	1.59	19.50	6	1.42	1	2.84	17.73	19.50	17.05	400.04	393.04	7.594	9.475	26.84	33.48	499.6	1699	30	71.98	7.94	0.108	1.0	-0.22	2.74	1.00	0.00	0.16	111115
37	"13:47:18"	20180318	77	0	5.21	0.0717	263	1.58	1.59	19.49	6	1.42	1	2.84	17.73	19.49	17.05	400.02	393.02	7.595	9.475	26.84	33.48	499.6	1699	30	71.98	7.94	0.108	1.0	-0.22	2.74	1.00	0.00	0.16	111115
38	"13:47:19"	20180318	77	0	5.21	0.0717	262	1.58	1.59	19.49	6	1.42	1	2.84	17.73	19.49	17.05	400.02	393.02	7.596	9.475	26.84	33.48	499.6	1699	30	71.97	7.94	0.108	1.0	-0.22	2.74	1.00	0.00	0.16	111115
39	"13:47:19"	20180318	77	0	5.22	0.0717	262	1.58	1.59	19.49	6	1.42	1	2.84	17.73	19.49	17.05	400.01	392.99	7.595	9.472	26.84	33.47	499.6	1699	30	71.97	7.94	0.108	1.0	-0.22	2.74	1.00	0.00	0.16	111115
40	"13:47:20"	20180318	77	0	5.2	0.0716	263	1.58	1.59	19.49	6	1.42	1	2.84	17.73	19.49	17.05	400.00	393.01	7.595	9.471	26.84	33.47	499.6	1699	30	71.97	7.94	0.108	1.0	-0.22	2.74	1.00	0.00	0.16	111115
41	"13:47:20"	20180318	77	0	5.24	0.0716	261	1.58	1.59	19.50	6	1.42	1	2.84	17.73	19.50	17.05	400.01	392.97	7.595	9.471	26.84	33.47	499.6	1699	30	71.97	7.94	0.108	1.0	-0.22	2.74	1.00	0.00	0.16	111115
42	"13:47:21"	20180318	77	0	5.22	0.0716	262	1.58	1.59	19.50	6	1.42	1	2.84	17.73	19.50	17.04	400.00	392.99	7.595	9.471	26.84	33.47	499.6	1699	30	71.97	7.94	0.108	1.0	-0.22	2.74	1.00	0.00	0.16	111115
43	"13:47:21"	20180318	77	0	5.26	0.0716	261	1.58	1.59	19.49	6	1.42	1	2.84	17.73	19.49	17.04	400.04	392.97	7.596	9.472	26.84	33.47	499.6	1699	30	71.97	7.94	0.108	1.0	-0.22	2.74	1.00	0.00	0.16	111115
44	"13:47:22"	20180318	77	0	5.22	0.0715	262	1.58	1.59	19.50	6	1.42	1	2.84	17.73	19.50	17.04	400.03	393.02	7.597	9.473	26.84	33.47	499.6	1699	30	71.97	7.94	0.108	1.0	-0.22	2.74	1.00	0.00	0.16	111115
45	"13:47:22"	20180318	77	0	5.25	0.0715	261	1.58	1.59	19.50	6	1.42	1	2.84	17.73	19.50	17.04	400.08	393.02	7.596	9.472	26.84	33.47	499.6	1699	30	71.97	7.94	0.108	1.0	-0.22	2.74	1.00	0.00	0.16	111115
46	"13:47:23"	20180318	77	0	5.28	0.0714	261	1.58	1.59	19.50	6	1.42	1	2.84	17.73	19.50	17.04	400.12	393.03	7.595	9.470	26.84	33.46	499.6	1699	30	71.97	7.94	0.108	1.0	-0.22	2.74	1.00	0.00	0.16	111115
47	"13:47:24"	20180318	77	0	5.23	0.0715	262	1.58	1.59	19.50	6	1.42	1	2.84	17.73	19.50	17.04	400.11	393.08	7.596	9.471	26.84	33.47	499.6	1699	30	71.97	7.94	0.108	1.0	-0.22	2.74	1.00	0.00	0.16	111115
48	"13:47:24"	20180318	77	0	5.24	0.0714	261	1.58	1.59	19.50	6	1.42	1	2.84	17.73	19.50	17.04	400.11	393.07	7.596	9.470	26.84	33.47	499.6	1699	30	71.97	7.94	0.108	1.0	-0.22	2.74	1.00	0.00	0.16	111115
49	"13:47:25"	20180318	77	0	5.19	0.0715	263	1.58	1.59	19.49	6	1.42	1	2.84	17.73	19.49	17.04	400.11	393.14	7.597	9.472	26.85	33.47	499.6	1699	30	71.97	7.94	0.108	1.0	-0.22	2.74	1.00	0.00	0.16	111115
50	"13:47:25"	20180318	77	0	5.16	0.0715	263	1.58	1.59	19.49	6	1.42	1	2.84	17.73	19.49	17.04	400.13	393.19	7.596	9.471	26.84	33.47	499.6	1699	30	71.97	7.94	0.108	1.0	-0.22	2.74	1.00	0.00	0.16	111115
51	"13:47:26"	20180318	77	0	5.15	0.0715	264	1.58	1.59	19.49	6	1.42	1	2.84	17.73	19.49	17.04	400.10	393.17	7.596	9.470	26.84	33.47	499.6	1699	30	71.97	7.94	0.108	1.0	-0.22	2.74	1.00	0.00	0.16	111115
52	"13:47:26"	20180318	77	0	5.18	0.0715	263	1.58	1.59	19.49	6	1.42	1	2.84	17.73	19.49	17.04	400.11	393.14	7.596	9.470	26.84	33.47	499.6	1699	30	71.97	7.94	0.108	1.0	-0.22	2.74	1.00	0.00	0.16	111115
53	"13:47:27"	20180318	77	0	5.19	0.0716	263	1.58	1.59	19.48	6	1.42	1	2.84	17.73	19.48	17.04	400.12	393.14	7.595	9.471	26.84	33.47	499.6	1699	30	71.97	7.94	0.108	1.0	-0.22	2.74	1.00	0.00	0.16	111115
"13:47:44 Coolers: Tblock -> 22.00 C"
"13:51:00 Flow: Fixed -> 500 umol/s"
54	"13:51:31"	20180318	77	0	4.95	0.0664	259	1.6	1.73	21.92	6	1.42	1	2.84	21.80	21.92	22.04	400.44	393.74	10.781	12.678	29.60	34.81	499.6	1699	33	71.97	8.61	0.0731	0.7	-0.22	2.74	1.00	0.00	0.16	111115
55	"13:51:31"	20180318	77	0	4.95	0.0664	259	1.6	1.73	21.92	6	1.42	1	2.84	21.80	21.92	22.04	400.44	393.74	10.781	12.678	29.60	34.81	499.6	1699	33	71.97	8.61	0.0731	0.7	-0.22	2.74	1.00	0.00	0.16	111115
56	"13:51:32"	20180318	77	0	4.9	0.0665	261	1.6	1.73	21.92	6	1.42	1	2.84	21.80	21.92	22.04	400.39	393.75	10.781	12.677	29.60	34.81	499.5	1699	33	71.97	8.61	0.0731	0.7	-0.22	2.74	1.00	0.00	0.16	111115
57	"13:51:32"	20180318	77	0	4.89	0.0665	261	1.6	1.73	21.92	6	1.42	1	2.84	21.80	21.92	22.04	400.32	393.70	10.780	12.677	29.60	34.81	499.6	1699	33	71.97	8.61	0.0731	0.7	-0.22	2.74	1.00	0.00	0.16	111115
58	"13:51:33"	20180318	77	0	4.84	0.0665	262	1.6	1.73	21.92	6	1.42	1	2.84	21.80	21.92	22.04	400.29	393.72	10.779	12.676	29.59	34.80	499.6	1699	33	71.97	8.61	0.0731	0.7	-0.22	2.74	1.00	0.00	0.16	111115
59	"13:51:33"	20180318	77	0	4.89	0.0665	261	1.6	1.73	21.92	6	1.42	1	2.84	21.80	21.92	22.04	400.31	393.69	10.779	12.677	29.59	34.80	499.6	1699	33	71.97	8.61	0.0731	1.0	-0.22	2.74	1.00	0.00	0.16	111115
60	"13:51:34"	20180318	77	0	4.9	0.0665	261	1.6	1.73	21.92	6	1.42	1	2.84	21.80	21.92	22.04	400.34	393.70	10.780	12.677	29.59	34.80	499.6	1699	33	71.97	8.61	0.0731	1.0	-0.22	2.74	1.00	0.00	0.16	111115
61	"13:51:34"	20180318	77	0	4.93	0.0663	260	1.6	1.73	21.93	6	1.42	1	2.84	21.80	21.93	22.04	400.34	393.67	10.780	12.675	29.59	34.79	499.6	1699	33	71.97	8.61	0.0731	1.0	-0.22	2.74	1.00	0.00	0.16	111115
62	"13:51:35"	20180318	77	0	4.94	0.0664	259	1.6	1.73	21.93	6	1.42	1	2.84	21.80	21.93	22.04	400.35	393.66	10.780	12.676	29.59	34.79	499.6	1699	33	71.97	8.61	0.0731	1.0	-0.22	2.74	1.00	0.00	0.16	111115
63	"13:51:35"	20180318	77	0	4.94	0.0663	259	1.6	1.73	21.94	6	1.42	1	2.84	21.81	21.94	22.04	400.36	393.67	10.780	12.675	29.59	34.79	499.6	1699	33	71.97	8.61	0.0731	1.0	-0.22	2.74	1.00	0.00	0.16	111115
64	"13:51:36"	20180318	77	0	5.07	0.0662	256	1.6	1.73	21.94	6	1.42	1	2.84	21.81	21.94	22.04	400.44	393.60	10.781	12.674	29.59	34.78	499.6	1699	33	71.97	8.61	0.0731	1.0	-0.22	2.74	1.00	0.00	0.16	111115
65	"13:51:36"	20180318	77	0	5.08	0.0661	256	1.59	1.73	21.94	6	1.42	1	2.84	21.81	21.94	22.04	400.45	393.60	10.782	12.673	29.59	34.78	499.6	1699	33	71.97	8.61	0.0731	1.0	-0.22	2.74	1.00	0.00	0.16	111115
66	"13:51:37"	20180318	77	0	5.07	0.0661	256	1.59	1.73	21.94	6	1.42	1	2.84	21.81	21.94	22.04	400.43	393.59	10.783	12.672	29.59	34.78	499.6	1699	33	71.97	8.61	0.0731	1.0	-0.22	2.74	1.00	0.00	0.16	111115
67	"13:51:37"	20180318	77	0	5.03	0.0661	257	1.59	1.73	21.94	6	1.42	1	2.84	21.81	21.94	22.04	400.38	393.60	10.783	12.671	29.59	34.77	499.6	1699	33	71.97	8.61	0.0731	1.0	-0.22	2.74	1.00	0.00	0.16	111115
68	"13:51:38"	20180318	77	0	5.04	0.0661	256	1.59	1.73	21.94	6	1.42	1	2.84	21.81	21.94	22.04	400.33	393.53	10.783	12.673	29.59	34.78	499.6	1699	33	71.97	8.61	0.0731	1.0	-0.22	2.74	1.00	0.00	0.16	111115
"13:52:19 Coolers: Tblock -> 27.00 C"
"13:56:27 Flow: Fixed -> 500 umol/s"
69	"13:56:43"	20180318	77	0	4.32	0.0595	260	1.79	2.14	25.28	6	1.42	1	2.84	26.24	25.28	27.07	399.88	393.85	13.099	15.210	27.55	31.99	499.6	1699	29	71.97	9.54	0.06	1.0	-0.22	2.74	1.00	0.00	0.16	111115
70	"13:56:44"	20180318	77	0	4.32	0.0595	260	1.79	2.14	25.28	6	1.42	1	2.84	26.24	25.28	27.07	399.88	393.85	13.099	15.210	27.55	31.99	499.6	1699	29	71.97	9.54	0.06	1.0	-0.22	2.74	1.00	0.00	0.16	111115
71	"13:56:44"	20180318	77	0	4.3	0.0595	260	1.79	2.14	25.29	6	1.42	1	2.84	26.24	25.29	27.07	399.79	393.78	13.098	15.210	27.54	31.99	499.6	1699	29	71.97	9.54	0.06	1.0	-0.22	2.74	1.00	0.00	0.16	111115
72	"13:56:45"	20180318	77	0	4.22	0.0595	262	1.79	2.14	25.29	6	1.42	1	2.84	26.24	25.29	27.07	399.66	393.75	13.098	15.211	27.54	31.99	499.5	1699	29	71.97	9.54	0.06	1.0	-0.22	2.74	1.00	0.00	0.16	111115
73	"13:56:45"	20180318	77	0	4.14	0.0595	264	1.79	2.14	25.29	6	1.42	1	2.84	26.24	25.29	27.07	399.52	393.71	13.098	15.210	27.54	31.98	499.6	1699	29	71.97	9.54	0.06	1.0	-0.22	2.74	1.00	0.00	0.16	111115
74	"13:56:46"	20180318	77	0	4.11	0.0595	265	1.79	2.14	25.29	6	1.42	1	2.84	26.24	25.29	27.07	399.41	393.63	13.098	15.212	27.54	31.98	499.6	1699	29	71.97	9.54	0.06	1.0	-0.22	2.74	1.00	0.00	0.16	111115
75	"13:56:46"	20180318	77	0	4.1	0.0594	265	1.79	2.14	25.29	6	1.42	1	2.84	26.24	25.29	27.07	399.34	393.58	13.099	15.210	27.54	31.98	499.6	1699	29	71.97	9.54	0.06	0.7	-0.22	2.74	1.00	0.00	0.16	111115
76	"13:56:47"	20180318	77	0	4.03	0.0595	267	1.79	2.14	25.29	6	1.42	1	2.84	26.25	25.29	27.07	399.25	393.56	13.098	15.211	27.53	31.97	499.6	1699	29	71.97	9.54	0.06	0.7	-0.22	2.74	1.00	0.00	0.16	111115
77	"13:56:47"	20180318	77	0	4.1	0.0595	265	1.79	2.14	25.29	6	1.42	1	2.84	26.25	25.29	27.07	399.22	393.44	13.099	15.213	27.53	31.98	499.6	1699	29	71.97	9.54	0.06	0.7	-0.22	2.74	1.00	0.00	0.16	111115
78	"13:56:48"	20180318	77	0	4.11	0.0595	265	1.79	2.14	25.29	6	1.42	1	2.84	26.25	25.29	27.08	399.19	393.41	13.100	15.213	27.53	31.97	499.6	1699	29	71.97	9.54	0.06	0.7	-0.22	2.74	1.00	0.00	0.16	111115
79	"13:56:48"	20180318	77	0	4.18	0.0594	263	1.79	2.14	25.29	6	1.42	1	2.84	26.25	25.29	27.08	399.19	393.33	13.100	15.211	27.53	31.96	499.6	1699	29	71.97	9.54	0.06	0.7	-0.22	2.74	1.00	0.00	0.16	111115
80	"13:56:49"	20180318	77	0	4.24	0.0595	261	1.79	2.14	25.30	6	1.42	1	2.84	26.25	25.30	27.08	399.20	393.26	13.100	15.214	27.53	31.97	499.6	1699	29	71.97	9.54	0.06	0.7	-0.22	2.74	1.00	0.00	0.16	111115
81	"13:56:49"	20180318	77	0	4.27	0.0595	260	1.79	2.14	25.31	6	1.42	1	2.84	26.25	25.31	27.08	399.20	393.23	13.100	15.216	27.52	31.97	499.6	1699	29	71.97	9.54	0.06	0.7	-0.22	2.74	1.00	0.00	0.16	111115
82	"13:56:50"	20180318	77	0	4.3	0.0595	259	1.79	2.14	25.31	6	1.42	1	2.84	26.26	25.31	27.08	399.22	393.21	13.100	15.217	27.52	31.97	499.6	1699	29	71.97	9.54	0.06	0.7	-0.22	2.74	1.00	0.00	0.16	111115
83	"13:56:50"	20180318	77	0	4.32	0.0596	259	1.79	2.14	25.32	6	1.42	1	2.84	26.26	25.32	27.08	399.21	393.17	13.100	15.220	27.52	31.97	499.6	1699	29	71.97	9.54	0.06	0.7	-0.22	2.74	1.00	0.00	0.16	111115
"13:57:27 Coolers: Tblock -> 32.00 C"
"14:04:07 Flow: Fixed -> 500 umol/s"
84	"14:05:42"	20180318	77	0	4.16	0.0475	232	1.88	2.78	30.20	6	1.42	1	2.84	31.37	30.20	32.06	400.13	394.25	18.973	21.187	29.64	33.10	499.5	1699	33	71.96	10.2	0.00245	1.0	-0.22	2.74	1.00	0.00	0.16	111115
85	"14:05:42"	20180318	77	0	4.14	0.0475	232	1.88	2.78	30.20	6	1.42	1	2.84	31.37	30.20	32.06	400.13	394.26	18.973	21.187	29.64	33.10	499.5	1699	33	71.96	10.2	0.00245	1.0	-0.22	2.74	1.00	0.00	0.16	111115
86	"14:05:43"	20180318	77	0	4.14	0.0475	232	1.88	2.78	30.20	6	1.42	1	2.84	31.37	30.20	32.06	400.13	394.26	18.973	21.187	29.64	33.10	499.5	1699	33	71.96	10.2	0.00245	1.0	-0.22	2.74	1.00	0.00	0.16	111115
87	"14:05:43"	20180318	77	0	4.16	0.0474	232	1.88	2.78	30.19	6	1.42	1	2.84	31.37	30.19	32.06	400.13	394.25	18.975	21.186	29.64	33.09	499.5	1699	33	71.96	10.2	0.00245	1.0	-0.22	2.74	1.00	0.00	0.16	111115
88	"14:05:44"	20180318	77	0	4.18	0.0474	231	1.88	2.78	30.19	6	1.42	1	2.84	31.37	30.19	32.06	400.12	394.20	18.974	21.183	29.64	33.09	499.5	1699	33	71.96	10.2	0.00245	1.0	-0.22	2.74	1.00	0.00	0.16	111115
89	"14:05:44"	20180318	77	0	4.19	0.0474	231	1.88	2.78	30.19	6	1.42	1	2.84	31.37	30.19	32.06	400.14	394.22	18.976	21.184	29.64	33.09	499.5	1699	33	71.96	10.2	0.00245	1.0	-0.22	2.74	1.00	0.00	0.16	111115
90	"14:05:45"	20180318	77	0	4.19	0.0474	231	1.88	2.78	30.19	6	1.42	1	2.84	31.37	30.19	32.06	400.14	394.21	18.976	21.184	29.64	33.09	499.5	1699	33	71.96	10.2	0.00245	1.0	-0.22	2.74	1.00	0.00	0.16	111115
91	"14:05:45"	20180318	77	0	4.18	0.0474	231	1.88	2.78	30.19	6	1.42	1	2.84	31.37	30.19	32.06	400.12	394.21	18.976	21.183	29.64	33.08	499.5	1699	33	71.96	10.2	0.00245	1.0	-0.22	2.74	1.00	0.00	0.16	111115
92	"14:05:46"	20180318	77	0	4.14	0.0473	232	1.87	2.78	30.19	6	1.42	1	2.84	31.37	30.19	32.06	400.10	394.24	18.977	21.181	29.64	33.08	499.5	1699	33	71.96	10.2	0.00245	1.0	-0.22	2.74	1.00	0.00	0.16	111115
93	"14:05:46"	20180318	77	0	4.19	0.0472	230	1.87	2.78	30.19	6	1.42	1	2.84	31.37	30.19	32.06	400.16	394.24	18.977	21.179	29.64	33.08	499.5	1699	33	71.96	10.2	0.00245	1.0	-0.22	2.74	1.00	0.00	0.16	111115
94	"14:05:47"	20180318	77	0	4.27	0.0472	227	1.87	2.79	30.20	6	1.42	1	2.84	31.37	30.20	32.06	400.20	394.19	18.978	21.179	29.64	33.07	499.5	1699	33	71.96	10.2	0.00245	1.0	-0.22	2.74	1.00	0.00	0.16	111115
95	"14:05:47"	20180318	77	0	4.32	0.0471	226	1.87	2.79	30.21	6	1.42	1	2.84	31.37	30.21	32.06	400.23	394.16	18.978	21.178	29.64	33.07	499.5	1699	33	71.96	10.2	0.00245	1.0	-0.22	2.74	1.00	0.00	0.16	111115
96	"14:05:48"	20180318	77	0	4.32	0.0471	226	1.87	2.79	30.21	6	1.42	1	2.84	31.37	30.21	32.06	400.27	394.20	18.980	21.181	29.64	33.07	499.5	1699	33	71.96	10.2	0.00245	1.0	-0.22	2.74	1.00	0.00	0.16	111115
97	"14:05:48"	20180318	77	0	4.35	0.0471	224	1.87	2.79	30.21	6	1.42	1	2.84	31.37	30.21	32.06	400.29	394.18	18.979	21.179	29.64	33.07	499.5	1699	33	71.96	10.2	0.00245	1.0	-0.22	2.74	1.00	0.00	0.16	111115
98	"14:05:49"	20180318	77	0	4.38	0.0471	224	1.87	2.79	30.21	6	1.42	1	2.84	31.37	30.21	32.06	400.30	394.15	18.981	21.181	29.64	33.07	499.5	1699	33	71.96	10.2	0.00245	1.0	-0.22	2.74	1.00	0.00	0.16	111115
"14:06:01 Coolers: Tblock -> 37.00 C"
"14:09:48 Flow: Fixed -> 500 umol/s"
99	"14:10:24"	20180318	77	0	3.5	0.0406	232	1.81	3.09	33.23	6	1.42	1	2.84	35.74	33.23	37.06	399.55	394.48	26.123	28.231	31.94	34.52	499.5	1699	31	71.95	11.8	-0.116	1.0	-0.22	2.74	1.00	0.00	0.16	111115
100	"14:10:24"	20180318	77	0	3.52	0.0406	231	1.81	3.09	33.23	6	1.42	1	2.84	35.74	33.23	37.06	399.61	394.52	26.123	28.230	31.94	34.52	499.5	1699	31	71.95	11.8	-0.116	1.0	-0.22	2.74	1.00	0.00	0.16	111115
101	"14:10:25"	20180318	77	0	3.52	0.0406	231	1.81	3.09	33.23	6	1.42	1	2.84	35.74	33.23	37.06	399.61	394.52	26.123	28.230	31.94	34.52	499.5	1699	31	71.95	11.8	-0.116	1.0	-0.22	2.74	1.00	0.00	0.16	111115
102	"14:10:25"	20180318	77	0	3.53	0.0405	231	1.8	3.09	33.24	6	1.42	1	2.84	35.74	33.24	37.06	399.66	394.57	26.124	28.230	31.94	34.51	499.5	1699	31	71.95	11.8	-0.116	1.0	-0.22	2.74	1.00	0.00	0.16	111115
103	"14:10:26"	20180318	77	0	3.58	0.0405	229	1.8	3.09	33.24	6	1.42	1	2.84	35.74	33.24	37.06	399.77	394.61	26.124	28.230	31.94	34.51	499.5	1699	31	71.95	11.8	-0.116	1.0	-0.22	2.74	1.00	0.00	0.16	111115
104	"14:10:26"	20180318	77	0	3.69	0.0404	224	1.8	3.09	33.26	6	1.42	1	2.84	35.75	33.26	37.06	399.89	394.60	26.125	28.230	31.94	34.51	499.5	1699	31	71.95	11.8	-0.116	1.0	-0.22	2.74	1.00	0.00	0.16	111115
105	"14:10:27"	20180318	77	0	3.72	0.0403	223	1.8	3.1	33.27	6	1.42	1	2.84	35.75	33.27	37.06	399.98	394.65	26.125	28.228	31.94	34.51	499.5	1699	31	71.95	11.8	-0.116	0.7	-0.22	2.74	1.00	0.00	0.16	111115
106	"14:10:27"	20180318	77	0	3.72	0.0403	223	1.8	3.1	33.27	6	1.42	1	2.84	35.75	33.27	37.06	400.04	394.72	26.127	28.228	31.94	34.51	499.5	1699	31	71.95	11.8	-0.116	0.7	-0.22	2.74	1.00	0.00	0.16	111115
107	"14:10:28"	20180318	77	0	3.65	0.0402	225	1.8	3.1	33.27	6	1.42	1	2.84	35.75	33.27	37.06	400.02	394.78	26.127	28.225	31.94	34.50	499.5	1699	31	71.95	11.8	-0.116	0.7	-0.22	2.74	1.00	0.00	0.16	111115
108	"14:10:28"	20180318	77	0	3.67	0.0402	224	1.8	3.1	33.27	6	1.42	1	2.84	35.75	33.27	37.06	400.06	394.79	26.129	28.225	31.94	34.50	499.5	1699	31	71.95	11.8	-0.116	0.7	-0.22	2.74	1.00	0.00	0.16	111115
109	"14:10:29"	20180318	77	0	3.67	0.0402	225	1.8	3.1	33.27	6	1.42	1	2.84	35.75	33.27	37.06	400.09	394.83	26.130	28.226	31.94	34.50	499.5	1699	31	71.95	11.8	-0.116	0.7	-0.22	2.74	1.00	0.00	0.16	111115
110	"14:10:44"	20180318	77	0	3.51	0.0403	231	1.81	3.11	33.31	6	1.42	1	2.84	35.77	33.31	37.06	400.28	395.21	26.143	28.252	31.92	34.49	499.4	1699	30	71.95	11.8	-0.116	1.0	-0.22	2.74	1.00	0.00	0.16	111115
111	"14:10:44"	20180318	77	0	3.51	0.0403	231	1.81	3.11	33.32	6	1.42	1	2.84	35.77	33.32	37.06	400.27	395.20	26.145	28.253	31.92	34.49	499.4	1699	30	71.95	11.8	-0.116	1.0	-0.22	2.74	1.00	0.00	0.16	111115
112	"14:10:45"	20180318	77	0	3.51	0.0403	231	1.81	3.11	33.32	6	1.42	1	2.84	35.77	33.32	37.06	400.27	395.20	26.145	28.253	31.92	34.49	499.4	1699	30	71.95	11.8	-0.116	1.0	-0.22	2.74	1.00	0.00	0.16	111115
113	"14:10:45"	20180318	77	0	3.44	0.0403	234	1.81	3.11	33.31	6	1.42	1	2.84	35.77	33.31	37.06	400.25	395.26	26.142	28.253	31.91	34.49	499.4	1699	30	71.95	11.8	-0.116	1.0	-0.22	2.74	1.00	0.00	0.16	111115
114	"14:10:46"	20180318	77	0	3.42	0.0403	235	1.81	3.11	33.31	6	1.42	1	2.84	35.77	33.31	37.06	400.23	395.26	26.141	28.250	31.91	34.49	499.5	1699	30	71.95	11.8	-0.116	1.0	-0.22	2.74	1.00	0.00	0.16	111115
115	"14:10:46"	20180318	77	0	3.46	0.0403	233	1.81	3.11	33.30	6	1.42	1	2.84	35.77	33.30	37.06	400.24	395.23	26.140	28.247	31.91	34.48	499.5	1699	30	71.95	11.8	-0.116	1.0	-0.22	2.74	1.00	0.00	0.16	111115
116	"14:10:47"	20180318	77	0	3.5	0.0404	232	1.81	3.1	33.30	6	1.42	1	2.84	35.77	33.30	37.06	400.21	395.15	26.137	28.246	31.91	34.48	499.5	1699	30	71.95	11.8	-0.116	1.0	-0.22	2.74	1.00	0.00	0.16	111115
117	"14:10:47"	20180318	77	0	3.52	0.0403	231	1.8	3.1	33.30	6	1.42	1	2.84	35.77	33.30	37.06	400.18	395.09	26.134	28.240	31.90	34.47	499.5	1699	31	71.95	11.8	-0.116	1.0	-0.22	2.74	1.00	0.00	0.16	111115
118	"14:10:48"	20180318	77	0	3.55	0.0402	230	1.8	3.1	33.29	6	1.42	1	2.84	35.77	33.29	37.06	400.19	395.08	26.133	28.234	31.90	34.46	499.5	1699	30	71.95	11.8	-0.116	1.0	-0.22	2.74	1.00	0.00	0.16	111115
119	"14:10:48"	20180318	77	0	3.52	0.0402	230	1.8	3.1	33.29	6	1.42	1	2.84	35.77	33.29	37.06	400.19	395.11	26.135	28.234	31.90	34.46	499.5	1700	30	71.95	11.8	-0.116	1.0	-0.22	2.74	1.00	0.00	0.16	111115
120	"14:10:49"	20180318	77	0	3.52	0.0402	231	1.8	3.1	33.28	6	1.42	1	2.84	35.78	33.28	37.06	400.19	395.11	26.134	28.233	31.90	34.46	499.5	1699	31	71.95	11.8	-0.116	1.0	-0.22	2.74	1.00	0.00	0.16	111115
121	"14:10:50"	20180318	77	0	3.56	0.0402	229	1.8	3.1	33.28	6	1.42	1	2.84	35.78	33.28	37.06	400.20	395.07	26.135	28.234	31.90	34.46	499.5	1700	31	71.95	11.8	-0.116	1.0	-0.22	2.74	1.00	0.00	0.16	111115
122	"14:10:50"	20180318	77	0	3.58	0.0402	228	1.8	3.1	33.28	6	1.42	1	2.84	35.78	33.28	37.06	400.21	395.06	26.135	28.234	31.90	34.46	499.5	1699	30	71.95	11.8	-0.116	1.0	-0.22	2.74	1.00	0.00	0.16	111115
123	"14:10:51"	20180318	77	0	3.52	0.0402	231	1.8	3.1	33.28	6	1.42	1	2.84	35.78	33.28	37.06	400.17	395.09	26.136	28.237	31.90	34.46	499.5	1699	30	71.95	11.8	-0.116	1.0	-0.22	2.74	1.00	0.00	0.16	111115
124	"14:10:51"	20180318	77	0	3.52	0.0402	231	1.8	3.1	33.29	6	1.42	1	2.84	35.78	33.29	37.06	400.17	395.09	26.136	28.236	31.89	34.46	499.5	1699	30	71.95	11.8	-0.116	1.0	-0.22	2.74	1.00	0.00	0.16	111115
125	"14:10:52"	20180318	77	0	3.51	0.0402	231	1.8	3.11	33.30	6	1.42	1	2.84	35.78	33.30	37.06	400.16	395.09	26.136	28.240	31.89	34.46	499.5	1699	30	71.95	11.8	-0.116	1.0	-0.22	2.74	1.00	0.00	0.16	111115
"14:11:08 Coolers: Tblock -> 42.00 C"
"14:12:37 Flow: Fixed -> 500 umol/s"
126	"14:12:43"	20180318	77	0	3.08	0.0393	241	2.05	3.6	35.01	6	1.42	1	2.84	39.61	35.01	42.05	399.97	395.29	26.093	28.486	25.86	28.23	499.5	1699	28	71.95	12.3	-0.173	1.0	-0.22	2.74	1.00	0.00	0.16	111115
127	"14:12:44"	20180318	77	0	3.07	0.0393	242	2.05	3.6	35.01	6	1.42	1	2.84	39.61	35.01	42.05	399.95	395.29	26.092	28.483	25.85	28.22	499.5	1699	28	71.95	12.3	-0.173	1.0	-0.22	2.74	1.00	0.00	0.16	111115
128	"14:12:44"	20180318	77	0	3.07	0.0393	242	2.05	3.6	35.01	6	1.42	1	2.84	39.61	35.01	42.05	399.95	395.29	26.092	28.483	25.85	28.22	499.5	1699	28	71.95	12.3	-0.173	1.0	-0.22	2.74	1.00	0.00	0.16	111115
129	"14:12:44"	20180318	77	0	3.05	0.0393	243	2.05	3.6	35.00	6	1.42	1	2.84	39.62	35.00	42.05	399.93	395.29	26.092	28.481	25.85	28.22	499.5	1700	28	71.95	12.3	-0.173	1.0	-0.22	2.74	1.00	0.00	0.16	111115
130	"14:12:45"	20180318	77	0	3	0.0393	245	2.05	3.6	34.99	6	1.42	1	2.84	39.62	34.99	42.05	399.90	395.32	26.092	28.479	25.84	28.21	499.5	1700	28	71.95	12.3	-0.173	1.0	-0.22	2.74	1.00	0.00	0.16	111115
131	"14:12:46"	20180318	77	0	3.03	0.0393	244	2.05	3.59	34.98	6	1.42	1	2.84	39.62	34.98	42.05	399.90	395.29	26.092	28.479	25.84	28.20	499.5	1700	28	71.95	12.3	-0.173	1.0	-0.22	2.74	1.00	0.00	0.16	111115
132	"14:12:46"	20180318	77	0	3.03	0.0393	243	2.05	3.6	35.00	6	1.42	1	2.84	39.63	35.00	42.05	399.90	395.29	26.091	28.478	25.83	28.20	499.5	1700	28	71.95	12.3	-0.173	1.0	-0.22	2.74	1.00	0.00	0.16	111115
133	"14:12:47"	20180318	77	0	3.01	0.0392	244	2.04	3.6	35.01	6	1.42	1	2.84	39.63	35.01	42.05	399.89	395.30	26.094	28.480	25.83	28.20	499.5	1700	28	71.95	12.3	-0.173	1.0	-0.22	2.74	1.00	0.00	0.16	111115
134	"14:12:47"	20180318	77	0	3.05	0.0391	242	2.04	3.6	35.01	6	1.42	1	2.84	39.63	35.01	42.05	399.90	395.27	26.093	28.477	25.83	28.19	499.5	1700	28	71.95	12.3	-0.173	1.0	-0.22	2.74	1.00	0.00	0.16	111115
135	"14:12:48"	20180318	77	0	3.05	0.0391	242	2.04	3.61	35.02	6	1.42	1	2.84	39.63	35.02	42.05	399.92	395.28	26.093	28.478	25.82	28.18	499.5	1700	28	71.95	12.3	-0.173	1.0	-0.22	2.74	1.00	0.00	0.16	111115
136	"14:12:48"	20180318	77	0	3.03	0.0391	243	2.04	3.61	35.03	6	1.42	1	2.84	39.64	35.03	42.06	399.90	395.29	26.093	28.479	25.82	28.18	499.5	1700	28	71.95	12.3	-0.173	1.0	-0.22	2.74	1.00	0.00	0.16	111115
137	"14:12:49"	20180318	77	0	3.03	0.0391	243	2.04	3.61	35.04	6	1.42	1	2.84	39.64	35.04	42.06	399.89	395.28	26.092	28.478	25.81	28.18	499.5	1700	28	71.95	12.3	-0.173	1.0	-0.22	2.74	1.00	0.00	0.16	111115
138	"14:12:49"	20180318	77	0	3.06	0.039	241	2.04	3.62	35.05	6	1.42	1	2.84	39.64	35.05	42.06	399.90	395.25	26.093	28.478	25.81	28.17	499.5	1700	28	71.95	12.3	-0.173	1.0	-0.22	2.74	1.00	0.00	0.16	111115
139	"14:12:50"	20180318	77	0	3.06	0.0389	241	2.04	3.62	35.06	6	1.42	1	2.84	39.65	35.06	42.06	399.89	395.24	26.092	28.475	25.81	28.16	499.5	1700	28	71.95	12.3	-0.173	1.0	-0.22	2.74	1.00	0.00	0.16	111115
140	"14:12:51"	20180318	77	0	3.13	0.0389	238	2.04	3.63	35.10	6	1.42	1	2.84	39.66	35.10	42.07	399.93	395.20	26.091	28.477	25.79	28.15	499.5	1700	28	71.95	12.3	-0.173	1.0	-0.22	2.74	1.00	0.00	0.16	111115
"14:13:28 Coolers: Tblock -> 47.00 C"
"14:14:35 Flow: Fixed -> 500 umol/s"
141	"14:14:52"	20180318	77	0	2.42	0.037	258	2.26	4.19	36.84	6	1.42	1	2.84	43.39	36.84	47.08	399.95	395.97	26.013	28.650	21.11	23.25	499.5	1700	28	71.95	13.7	-0.182	1.0	-0.22	2.74	1.00	0.00	0.16	111115
142	"14:14:53"	20180318	77	0	2.42	0.037	258	2.26	4.19	36.84	6	1.42	1	2.84	43.39	36.84	47.08	399.95	395.97	26.013	28.650	21.11	23.25	499.5	1700	28	71.95	13.7	-0.182	1.0	-0.22	2.74	1.00	0.00	0.16	111115
143	"14:14:53"	20180318	77	0	2.33	0.0369	262	2.26	4.2	36.86	6	1.42	1	2.84	43.41	36.86	47.10	399.78	395.91	26.013	28.647	21.09	23.22	499.5	1700	28	71.95	13.7	-0.182	1.0	-0.22	2.74	1.00	0.00	0.16	111115
144	"14:14:54"	20180318	77	0	2.33	0.0369	262	2.26	4.2	36.86	6	1.42	1	2.84	43.41	36.86	47.10	399.78	395.91	26.013	28.647	21.09	23.22	499.5	1700	28	71.95	13.7	-0.182	1.0	-0.22	2.74	1.00	0.00	0.16	111115
145	"14:14:54"	20180318	77	0	2.27	0.0369	264	2.26	4.21	36.89	6	1.42	1	2.84	43.43	36.89	47.11	399.67	395.87	26.014	28.649	21.07	23.20	499.5	1700	28	71.95	13.7	-0.182	1.0	-0.22	2.74	1.00	0.00	0.16	111115
146	"14:14:55"	20180318	77	0	2.2	0.0368	267	2.26	4.21	36.91	6	1.42	1	2.84	43.44	36.91	47.12	399.55	395.83	26.012	28.648	21.05	23.18	499.5	1700	28	71.95	13.7	-0.182	1.0	-0.22	2.74	1.00	0.00	0.16	111115
147	"14:14:55"	20180318	77	0	2.23	0.0368	265	2.26	4.22	36.92	6	1.42	1	2.84	43.46	36.92	47.14	399.50	395.75	26.011	28.650	21.03	23.16	499.5	1700	28	71.95	13.7	-0.182	1.0	-0.22	2.74	1.00	0.00	0.16	111115
148	"14:14:56"	20180318	77	0	2.22	0.0367	265	2.26	4.22	36.94	6	1.42	1	2.84	43.48	36.94	47.15	399.45	395.70	26.013	28.650	21.01	23.14	499.5	1700	28	71.95	13.7	-0.182	0.7	-0.22	2.74	1.00	0.00	0.16	111115
149	"14:14:56"	20180318	77	0	2.23	0.0367	265	2.26	4.24	36.98	6	1.42	1	2.84	43.50	36.98	47.16	399.40	395.65	26.012	28.652	20.99	23.12	499.5	1700	28	71.95	13.7	-0.182	0.7	-0.22	2.74	1.00	0.00	0.16	111115
150	"14:14:58"	20180318	77	0	2.32	0.0366	260	2.27	4.26	37.03	6	1.42	1	2.84	43.56	37.03	47.18	399.37	395.50	26.009	28.653	20.92	23.05	499.5	1700	28	71.95	13.7	-0.182	0.7	-0.22	2.74	1.00	0.00	0.16	111115
151	"14:15:12"	20180318	77	0	2.47	0.0359	251	2.28	4.36	37.35	6	1.42	1	2.84	43.82	37.35	47.05	399.64	395.58	26.008	28.672	20.64	22.76	499.5	1700	27	71.95	13.7	-0.182	1.0	-0.22	2.74	1.00	0.00	0.16	111115
152	"14:15:13"	20180318	77	0	2.47	0.0359	251	2.28	4.36	37.35	6	1.42	1	2.84	43.82	37.35	47.05	399.64	395.58	26.008	28.672	20.64	22.76	499.5	1700	27	71.95	13.7	-0.182	1.0	-0.22	2.74	1.00	0.00	0.16	111115
153	"14:15:13"	20180318	77	0	2.53	0.0359	249	2.29	4.37	37.37	6	1.42	1	2.84	43.82	37.37	47.05	399.70	395.58	26.007	28.677	20.63	22.75	499.5	1700	27	71.95	13.7	-0.182	1.0	-0.22	2.74	1.00	0.00	0.16	111115
154	"14:15:14"	20180318	77	0	2.63	0.0358	244	2.29	4.37	37.38	6	1.42	1	2.84	43.83	37.38	47.05	399.79	395.54	26.006	28.673	20.63	22.74	499.5	1700	27	71.95	13.7	-0.182	1.0	-0.22	2.74	1.00	0.00	0.16	111115
155	"14:15:14"	20180318	77	0	2.62	0.0358	244	2.29	4.37	37.38	6	1.42	1	2.84	43.83	37.38	47.05	399.84	395.61	26.007	28.674	20.62	22.74	499.5	1700	27	71.95	13.7	-0.182	0.7	-0.22	2.74	1.00	0.00	0.16	111115
156	"14:15:15"	20180318	77	0	2.66	0.0358	243	2.29	4.38	37.39	6	1.42	1	2.84	43.84	37.39	47.05	399.92	395.64	26.008	28.674	20.62	22.73	499.5	1700	27	71.95	13.7	-0.182	0.7	-0.22	2.74	1.00	0.00	0.16	111115
157	"14:15:33"	20180318	77	0	2.54	0.0352	245	2.3	4.47	37.67	6	1.42	1	2.84	44.00	37.67	47.06	400.05	395.90	26.012	28.694	20.44	22.55	499.5	1700	27	71.95	13.7	-0.182	1.0	-0.22	2.74	1.00	0.00	0.16	111115
158	"14:15:33"	20180318	77	0	2.54	0.0352	245	2.3	4.47	37.67	6	1.42	1	2.84	44.00	37.67	47.06	400.05	395.90	26.012	28.694	20.44	22.55	499.5	1700	27	71.95	13.7	-0.182	1.0	-0.22	2.74	1.00	0.00	0.16	111115
159	"14:15:34"	20180318	77	0	2.54	0.0352	245	2.3	4.47	37.67	6	1.42	1	2.84	44.00	37.67	47.06	400.05	395.90	26.012	28.694	20.44	22.55	499.5	1700	27	71.95	13.7	-0.182	1.0	-0.22	2.74	1.00	0.00	0.16	111115
160	"14:15:34"	20180318	77	0	2.55	0.0352	245	2.3	4.48	37.68	6	1.42	1	2.84	44.01	37.68	47.06	400.05	395.90	26.012	28.694	20.44	22.55	499.5	1700	27	71.95	13.7	-0.182	1.0	-0.22	2.74	1.00	0.00	0.16	111115
161	"14:15:35"	20180318	77	0	2.51	0.0351	247	2.3	4.48	37.69	6	1.42	1	2.84	44.01	37.69	47.06	400.03	395.92	26.012	28.694	20.44	22.54	499.5	1700	27	71.95	13.7	-0.182	1.0	-0.22	2.74	1.00	0.00	0.16	111115
162	"14:15:35"	20180318	77	0	2.52	0.0352	246	2.3	4.48	37.69	6	1.42	1	2.84	44.02	37.69	47.06	400.01	395.90	26.011	28.695	20.43	22.54	499.5	1700	27	71.95	13.7	-0.182	1.0	-0.22	2.74	1.00	0.00	0.16	111115
163	"14:15:36"	20180318	77	0	2.51	0.0352	246	2.3	4.48	37.68	6	1.42	1	2.84	44.02	37.68	47.06	399.99	395.87	26.012	28.697	20.43	22.54	499.5	1700	27	71.95	13.7	-0.182	1.0	-0.22	2.74	1.00	0.00	0.16	111115
164	"14:15:36"	20180318	77	0	2.58	0.0352	243	2.3	4.48	37.68	6	1.42	1	2.84	44.02	37.68	47.06	400.01	395.81	26.013	28.699	20.43	22.53	499.5	1700	28	71.95	13.7	-0.182	1.0	-0.22	2.74	1.00	0.00	0.16	111115
165	"14:15:37"	20180318	77	0	2.61	0.0352	242	2.3	4.48	37.68	6	1.42	1	2.84	44.03	37.68	47.06	400.00	395.77	26.013	28.694	20.42	22.53	499.5	1700	27	71.95	13.7	-0.182	1.0	-0.22	2.74	1.00	0.00	0.16	111115
166	"14:15:37"	20180318	77	0	2.67	0.0351	239	2.3	4.48	37.69	6	1.42	1	2.84	44.03	37.69	47.07	400.02	395.72	26.014	28.694	20.42	22.52	499.5	1700	27	71.95	13.7	-0.182	1.0	-0.22	2.74	1.00	0.00	0.16	111115
167	"14:15:38"	20180318	77	0	2.67	0.0351	239	2.3	4.48	37.70	6	1.42	1	2.84	44.04	37.70	47.07	400.04	395.74	26.013	28.692	20.41	22.51	499.5	1700	27	71.95	13.7	-0.182	1.0	-0.22	2.74	1.00	0.00	0.16	111115
168	"14:15:38"	20180318	77	0	2.68	0.0351	238	2.3	4.49	37.70	6	1.42	1	2.84	44.04	37.70	47.08	400.03	395.72	26.013	28.694	20.41	22.51	499.5	1700	27	71.95	13.7	-0.182	1.0	-0.22	2.74	1.00	0.00	0.16	111115
169	"14:15:39"	20180318	77	0	2.71	0.0351	237	2.3	4.49	37.71	6	1.42	1	2.84	44.04	37.71	47.08	400.06	395.71	26.012	28.694	20.40	22.51	499.5	1700	27	71.95	13.7	-0.182	1.0	-0.22	2.74	1.00	0.00	0.16	111115
170	"14:15:40"	20180318	77	0	2.68	0.0351	238	2.3	4.5	37.73	6	1.42	1	2.84	44.05	37.73	47.08	400.05	395.73	26.010	28.696	20.40	22.50	499.5	1699	27	71.95	13.7	-0.182	1.0	-0.22	2.74	1.00	0.00	0.16	111115
171	"14:15:40"	20180318	77	0	2.65	0.035	240	2.3	4.5	37.74	6	1.42	1	2.84	44.05	37.74	47.08	400.04	395.76	26.009	28.694	20.39	22.50	499.5	1700	27	71.95	13.7	-0.182	1.0	-0.22	2.74	1.00	0.00	0.16	111115
"14:15:51 Coolers: Tblock -> 50.00 C"
"14:18:42 Flow: Fixed -> 500 umol/s"
172	"14:19:00"	20180318	77	0	1.64	0.0312	268	2.49	5.42	40.21	6	1.42	1	2.84	46.84	40.21	49.74	399.58	396.42	25.934	28.838	17.62	19.59	499.5	1700	24	71.95	14.6	-0.178	1.0	-0.22	2.74	1.00	0.00	0.16	111115
173	"14:19:00"	20180318	77	0	1.64	0.0312	268	2.49	5.42	40.21	6	1.42	1	2.84	46.84	40.21	49.74	399.58	396.42	25.934	28.838	17.62	19.59	499.5	1700	24	71.95	14.6	-0.178	1.0	-0.22	2.74	1.00	0.00	0.16	111115
174	"14:19:01"	20180318	77	0	1.67	0.0312	267	2.49	5.42	40.20	6	1.42	1	2.84	46.84	40.20	49.74	399.51	396.32	25.933	28.837	17.62	19.59	499.6	1700	24	71.95	14.6	-0.178	1.0	-0.22	2.74	1.00	0.00	0.16	111115
175	"14:19:01"	20180318	77	0	1.65	0.0312	268	2.49	5.42	40.20	6	1.42	1	2.84	46.84	40.20	49.74	399.46	396.29	25.933	28.836	17.61	19.59	499.5	1700	24	71.95	14.6	-0.178	1.0	-0.22	2.74	1.00	0.00	0.16	111115
176	"14:19:02"	20180318	77	0	1.59	0.0312	271	2.49	5.42	40.21	6	1.42	1	2.84	46.84	40.21	49.74	399.42	396.32	25.933	28.838	17.61	19.59	499.6	1700	24	71.95	14.6	-0.178	1.0	-0.22	2.74	1.00	0.00	0.16	111115
177	"14:19:03"	20180318	77	0	1.65	0.0312	268	2.49	5.42	40.22	6	1.42	1	2.84	46.85	40.22	49.74	399.43	396.27	25.933	28.838	17.61	19.58	499.6	1700	24	71.95	14.6	-0.178	1.0	-0.22	2.74	1.00	0.00	0.16	111115
178	"14:19:03"	20180318	77	0	1.69	0.0312	266	2.49	5.42	40.21	6	1.42	1	2.84	46.85	40.21	49.74	399.44	396.23	25.933	28.836	17.61	19.58	499.6	1700	24	71.95	14.6	-0.178	0.7	-0.22	2.74	1.00	0.00	0.16	111115
179	"14:19:04"	20180318	77	0	1.72	0.0312	265	2.49	5.42	40.21	6	1.42	1	2.84	46.85	40.21	49.74	399.45	396.20	25.934	28.837	17.61	19.58	499.6	1700	24	71.95	14.6	-0.178	0.7	-0.22	2.74	1.00	0.00	0.16	111115
180	"14:19:04"	20180318	77	0	1.66	0.0312	267	2.49	5.42	40.21	6	1.42	1	2.84	46.85	40.21	49.74	399.44	396.26	25.933	28.840	17.61	19.58	499.6	1700	24	71.95	14.6	-0.178	0.7	-0.22	2.74	1.00	0.00	0.16	111115
181	"14:19:05"	20180318	77	0	1.66	0.0312	267	2.49	5.43	40.22	6	1.42	1	2.84	46.85	40.22	49.74	399.43	396.25	25.932	28.839	17.60	19.58	499.6	1700	24	71.95	14.6	-0.178	0.7	-0.22	2.74	1.00	0.00	0.16	111115
182	"14:19:05"	20180318	77	0	1.63	0.0311	268	2.49	5.44	40.26	6	1.42	1	2.84	46.86	40.26	49.74	399.42	396.28	25.935	28.840	17.60	19.57	499.6	1700	24	71.95	14.6	-0.178	0.7	-0.22	2.74	1.00	0.00	0.16	111115
183	"14:19:18"	20180318	77	0	1.93	0.0308	252	2.49	5.49	40.37	6	1.42	1	2.84	46.90	40.37	49.74	399.69	396.18	25.931	28.833	17.56	19.53	499.6	1700	24	71.95	14.6	-0.178	1.0	-0.22	2.74	1.00	0.00	0.16	111115
184	"14:19:18"	20180318	77	0	1.93	0.0308	252	2.49	5.49	40.37	6	1.42	1	2.84	46.90	40.37	49.74	399.69	396.18	25.931	28.833	17.56	19.53	499.6	1700	24	71.95	14.6	-0.178	1.0	-0.22	2.74	1.00	0.00	0.16	111115
185	"14:19:19"	20180318	77	0	1.97	0.0308	251	2.49	5.49	40.37	6	1.42	1	2.84	46.90	40.37	49.74	399.79	396.23	25.931	28.834	17.56	19.53	499.6	1700	24	71.95	14.6	-0.178	1.0	-0.22	2.74	1.00	0.00	0.16	111115
186	"14:19:20"	20180318	77	0	2.08	0.0309	245	2.49	5.49	40.37	6	1.42	1	2.84	46.90	40.37	49.74	400.02	396.33	25.931	28.841	17.56	19.53	499.6	1700	24	71.95	14.6	-0.178	1.0	-0.22	2.74	1.00	0.00	0.16	111115
187	"14:19:20"	20180318	77	0	2.08	0.0309	245	2.49	5.49	40.37	6	1.42	1	2.84	46.90	40.37	49.74	400.02	396.33	25.931	28.841	17.56	19.53	499.6	1700	24	71.95	14.6	-0.178	1.0	-0.22	2.74	1.00	0.00	0.16	111115
188	"14:19:20"	20180318	77	0	2.17	0.0309	241	2.5	5.48	40.36	6	1.42	1	2.84	46.91	40.36	49.74	400.16	396.37	25.931	28.842	17.56	19.53	499.6	1700	24	71.95	14.6	-0.178	1.0	-0.22	2.74	1.00	0.00	0.16	111115
189	"14:19:21"	20180318	77	0	2.18	0.031	241	2.5	5.48	40.35	6	1.42	1	2.84	46.91	40.35	49.74	400.25	396.44	25.930	28.845	17.55	19.53	499.6	1700	24	71.95	14.6	-0.178	1.0	-0.22	2.74	1.00	0.00	0.16	111115
190	"14:19:22"	20180318	77	0	2.18	0.0309	241	2.5	5.48	40.36	6	1.42	1	2.84	46.91	40.36	49.74	400.33	396.53	25.930	28.843	17.55	19.52	499.6	1700	24	71.95	14.6	-0.178	1.0	-0.22	2.74	1.00	0.00	0.16	111115
191	"14:19:22"	20180318	77	0	2.17	0.031	242	2.5	5.48	40.35	6	1.42	1	2.84	46.91	40.35	49.74	400.38	396.59	25.929	28.845	17.55	19.52	499.6	1700	24	71.95	14.6	-0.178	0.7	-0.22	2.74	1.00	0.00	0.16	111115
192	"14:19:23"	20180318	77	0	2.15	0.0309	243	2.5	5.48	40.35	6	1.42	1	2.84	46.91	40.35	49.74	400.40	396.63	25.929	28.843	17.55	19.52	499.6	1700	24	71.95	14.6	-0.178	0.7	-0.22	2.74	1.00	0.00	0.16	111115
193	"14:19:40"	20180318	77	0	1.72	0.0307	263	2.5	5.53	40.49	6	1.42	1	2.84	46.96	40.49	49.74	400.11	396.85	25.924	28.845	17.50	19.47	499.6	1700	24	71.95	14.6	-0.178	1.0	-0.22	2.74	1.00	0.00	0.16	111115
194	"14:19:40"	20180318	77	0	1.72	0.0307	263	2.5	5.53	40.49	6	1.42	1	2.84	46.96	40.49	49.74	400.11	396.85	25.924	28.845	17.50	19.47	499.6	1700	24	71.95	14.6	-0.178	1.0	-0.22	2.74	1.00	0.00	0.16	111115
195	"14:19:40"	20180318	77	0	1.64	0.0307	267	2.51	5.54	40.49	6	1.42	1	2.84	46.96	40.49	49.74	400.04	396.87	25.923	28.846	17.50	19.47	499.6	1700	24	71.95	14.6	-0.178	1.0	-0.22	2.74	1.00	0.00	0.16	111115
196	"14:19:41"	20180318	77	0	1.67	0.0307	265	2.5	5.54	40.49	6	1.42	1	2.84	46.96	40.49	49.74	400.03	396.83	25.924	28.846	17.50	19.47	499.6	1700	24	71.95	14.6	-0.178	1.0	-0.22	2.74	1.00	0.00	0.16	111115
197	"14:19:41"	20180318	77	0	1.59	0.0306	269	2.5	5.54	40.51	6	1.42	1	2.84	46.96	40.51	49.74	399.96	396.86	25.924	28.841	17.50	19.47	499.6	1700	24	71.95	14.6	-0.178	1.0	-0.22	2.74	1.00	0.00	0.16	111115
198	"14:19:42"	20180318	77	0	1.6	0.0305	268	2.5	5.55	40.53	6	1.42	1	2.84	46.97	40.53	49.74	399.94	396.83	25.924	28.840	17.50	19.47	499.6	1700	24	71.95	14.6	-0.178	1.0	-0.22	2.74	1.00	0.00	0.16	111115
199	"14:19:43"	20180318	77	0	1.64	0.0305	266	2.5	5.55	40.53	6	1.42	1	2.84	46.97	40.53	49.74	399.91	396.76	25.925	28.840	17.50	19.46	499.6	1700	24	71.95	14.6	-0.178	0.7	-0.22	2.74	1.00	0.00	0.16	111115
200	"14:19:43"	20180318	77	0	1.68	0.0305	264	2.5	5.56	40.54	6	1.42	1	2.84	46.97	40.54	49.74	399.93	396.71	25.925	28.842	17.50	19.47	499.6	1700	24	71.95	14.6	-0.178	0.7	-0.22	2.74	1.00	0.00	0.16	111115
201	"14:20:11"	20180318	77	0	2.17	0.03	237	2.5	5.65	40.77	6	1.42	1	2.84	47.03	40.77	49.74	400.00	396.21	25.923	28.835	17.44	19.40	499.6	1700	23	71.95	14.6	-0.178	1.0	-0.22	2.74	1.00	0.00	0.16	111115
202	"14:20:12"	20180318	77	0	2.11	0.0301	240	2.5	5.64	40.74	6	1.42	1	2.84	47.03	40.74	49.74	400.00	396.27	25.919	28.839	17.44	19.40	499.6	1700	23	71.95	14.6	-0.178	0.7	-0.22	2.74	1.00	0.00	0.16	111115
203	"14:20:15"	20180318	77	0	2.12	0.0301	240	2.51	5.65	40.77	6	1.42	1	2.84	47.03	40.77	49.74	399.98	396.24	25.919	28.842	17.43	19.40	499.6	1700	23	71.95	14.6	-0.178	1.0	-0.22	2.74	1.00	0.00	0.16	111115
204	"14:20:15"	20180318	77	0	2.14	0.03	239	2.5	5.65	40.78	6	1.42	1	2.84	47.04	40.78	49.74	399.97	396.21	25.918	28.840	17.43	19.40	499.6	1700	23	71.95	14.6	-0.178	1.0	-0.22	2.74	1.00	0.00	0.16	111115
205	"14:20:16"	20180318	77	0	2.11	0.03	240	2.5	5.66	40.78	6	1.42	1	2.84	47.04	40.78	49.74	399.98	396.25	25.918	28.839	17.43	19.39	499.6	1700	23	71.95	14.6	-0.178	1.0	-0.22	2.74	1.00	0.00	0.16	111115
206	"14:20:17"	20180318	77	0	2.13	0.03	239	2.5	5.65	40.77	6	1.42	1	2.84	47.04	40.77	49.74	400.00	396.24	25.920	28.839	17.43	19.39	499.6	1700	23	71.95	14.6	-0.178	1.0	-0.22	2.74	1.00	0.00	0.16	111115
207	"14:20:18"	20180318	77	0	2.1	0.03	240	2.5	5.65	40.76	6	1.42	1	2.84	47.04	40.76	49.74	400.01	396.30	25.920	28.839	17.43	19.39	499.6	1700	23	71.95	14.6	-0.178	1.0	-0.22	2.74	1.00	0.00	0.16	111115
208	"14:20:18"	20180318	77	0	2.12	0.03	240	2.5	5.64	40.75	6	1.42	1	2.84	47.04	40.75	49.74	400.04	396.31	25.920	28.837	17.43	19.39	499.5	1700	23	71.95	14.6	-0.178	1.0	-0.22	2.74	1.00	0.00	0.16	111115
209	"14:20:19"	20180318	77	0	2.08	0.0301	242	2.5	5.63	40.73	6	1.42	1	2.84	47.04	40.73	49.74	400.01	396.32	25.919	28.838	17.42	19.39	499.5	1700	23	71.95	14.6	-0.178	1.0	-0.22	2.74	1.00	0.00	0.16	111115
210	"14:20:19"	20180318	77	0	2.08	0.0301	242	2.5	5.63	40.73	6	1.42	1	2.84	47.04	40.73	49.74	400.01	396.32	25.919	28.838	17.42	19.39	499.5	1700	23	71.95	14.6	-0.178	1.0	-0.22	2.74	1.00	0.00	0.16	111115
211	"14:20:20"	20180318	77	0	2.03	0.0301	244	2.5	5.64	40.74	6	1.42	1	2.84	47.05	40.74	49.74	399.99	396.35	25.920	28.839	17.42	19.39	499.5	1700	23	71.95	14.6	-0.178	1.0	-0.22	2.74	1.00	0.00	0.16	111115
212	"14:20:20"	20180318	77	0	2.06	0.03	242	2.5	5.64	40.76	6	1.42	1	2.84	47.05	40.76	49.74	399.99	396.32	25.922	28.836	17.42	19.38	499.5	1700	23	71.95	14.6	-0.178	1.0	-0.22	2.74	1.00	0.00	0.16	111115
213	"14:20:21"	20180318	77	0	2.01	0.03	245	2.5	5.65	40.78	6	1.42	1	2.84	47.05	40.78	49.74	399.95	396.35	25.922	28.836	17.42	19.38	499.5	1700	23	71.95	14.6	-0.178	1.0	-0.22	2.74	1.00	0.00	0.16	111115
214	"14:20:21"	20180318	77	0	2.01	0.0299	245	2.5	5.66	40.80	6	1.42	1	2.84	47.05	40.80	49.74	399.95	396.35	25.921	28.834	17.42	19.38	499.5	1700	23	71.95	14.6	-0.178	1.0	-0.22	2.74	1.00	0.00	0.16	111115
215	"14:20:22"	20180318	77	0	1.99	0.0299	245	2.5	5.67	40.82	6	1.42	1	2.84	47.05	40.82	49.74	399.95	396.37	25.922	28.836	17.42	19.38	499.5	1700	23	71.95	14.6	-0.178	1.0	-0.22	2.74	1.00	0.00	0.16	111115
216	"14:20:22"	20180318	77	0	2.02	0.0298	244	2.5	5.68	40.84	6	1.42	1	2.84	47.05	40.84	49.74	399.95	396.34	25.921	28.839	17.42	19.38	499.5	1700	23	71.95	14.6	-0.178	1.0	-0.22	2.74	1.00	0.00	0.16	111115
217	"14:20:23"	20180318	77	0	2	0.0298	245	2.5	5.68	40.84	6	1.42	1	2.84	47.05	40.84	49.74	399.92	396.33	25.922	28.839	17.42	19.38	499.5	1700	23	71.95	14.6	-0.178	1.0	-0.22	2.74	1.00	0.00	0.16	111115
218	"14:20:25"	20180318	77	0	2.16	0.03	237	2.51	5.67	40.82	6	1.42	1	2.84	47.06	40.82	49.74	400.02	396.24	25.915	28.844	17.41	19.38	499.6	1700	23	71.95	14.6	-0.178	1.0	-0.22	2.74	1.00	0.00	0.16	111115
