"OPEN 6.3.4"
"Sun Mar 18 2018 18:08:57"
<open><version>"6.3.4"</version></open>
<open><configfile>"/User/Configs/UserPrefs/LED2x3.xml"</configfile></open>
<open><light><source>"6400-02 or -02B LED Source"</source><par_in>1<sensor>"SI-2503"<cal>-0.86<actinity>1.00</actinity><transm>1.00</transm></cal></sensor><transm>1</transm></par_in><par_out>1<sensor>"Q40491"<cal>6.5</cal></sensor></par_out></light></open>
<open><comps><file>"/User/Configs/Comps/StdComps_6.1"<header>""</header><extras></extras></file><energybal>no<f_parIn>1</f_parIn><f_parOut>0</f_parOut><alphaK>0.16</alphaK></energybal><bc_total>2.840<stomatal_ratio>1</stomatal_ratio><bc_oneside>1.420<type>2</type><table>"/Sys/Lib/StdBLCTable"</table><area>6</area><slope>-0.219565</slope><offset>2.73739</offset><fan>5</fan></bc_oneside></bc_total></comps></open>
<open><prompts><onlog>off</onlog><items>"Default (none)"</items></prompts></open>
<open><constants><oxygen>21 %</oxygen><bb_vapor>1.5</bb_vapor><bb_oxy>0.9</bb_oxy></constants></open>
<open><stability><items>"Std Stability"<items[1]><id>-2</id><size>15</size><pcv><onoff>0</onoff><value>1</value></pcv><std><onoff>0</onoff><value>1</value></std><slp><onoff>1</onoff><value>1</value></slp></items[1]><items[2]><id>-5</id><size>15</size><pcv><onoff>0</onoff><value>1</value></pcv><std><onoff>0</onoff><value>1</value></std><slp><onoff>1</onoff><value>1</value></slp></items[2]><items[3]><id>-7</id><size>15</size><pcv><onoff>0</onoff><value>1</value></pcv><std><onoff>0</onoff><value>1</value></std><slp><onoff>1</onoff><value>1</value></slp></items[3]></items></stability></open>
<open><log><format>"StdLogFmt_6.0"<items>{ -35 -21 -70 -69 -76 30 23 36 21 25 221 -33 111 -34 11 -9 -10 -8 -1 -2 -4 -5 -14 -15 -7 -12 -13 -11 -65 -66 -72 -18 -19 -77 -78 -79 -23  }<hdr>{  }</hdr></items></format><options><beep>on</beep><match>"never"<time>30</time><co2>100</co2><delta>10</delta></match><hdr>normal</hdr><rem>normal</rem><stab>no</stab><stats>no<mean>no</mean><file>no</file><period>15</period></stats><excel>yes</excel><controls>yes</controls><comm>no</comm></options><datafile>"/User/031818-LHAST-AWO1307"</datafile><button><action>"Normal Log"<code>" LogOneObsManual "</code></action></button><autoprog>"/User/Configs/AutoProgs/AutoLog2"<active>no</active></autoprog></log></open>
<open><a2d><avgtime>4.0 secs</avgtime><userchans><ch20>"Off"</ch20><ch21>"Off"</ch21><ch22>"Off"</ch22><ch23>"Off"</ch23></userchans></a2d></open>
<open><matching><type>0</type><disp>'a'</disp><settings>><CO2Limit>10.0</CO2Limit><H2OLimit>1.0</H2OLimit><MaxAutoTime>60</MaxAutoTime><AverageTime>10</AverageTime></settings></matching></open>
<li6400><factory><unit>"PSC-2470"</unit><serviced>"5 Feb 2018"</serviced><fuseaware>0</fuseaware><co2mixer>yes</co2mixer><co2><coeffs>{ 0 0.214772 2.55802e-05 1.93228e-08 -3.02262e-12 2.75724e-16  }</coeffs><dvdt>-4</dvdt><xs>{ 9.11e-05 0.00178  }</xs></co2><h2o><coeffs>{ 0 0.00581526 2.16703e-06 7.69607e-12  }</coeffs><dvdt>-2.9</dvdt><xs>{ -0.000111 -0.00256  }</xs></h2o><flow>{ 0 0.3696  }</flow><press>{ 86.913 0.00551  }</press></factory></li6400>
<li6400><user><flow_zero>-42.6</flow_zero><irga_zero><co2>113.5 152.5<at>27.1329</at></co2><h2o>-3.5 -3.5<at>28.1091</at></h2o></irga_zero><irga_span><co2>{ 0.990134 0.992694  }</co2><h2o>{ 0.996743 0.99801  }</h2o></irga_span><irga_match><co2>{ 0.110267 10.2718  }</co2><h2o>{ -0.0816591 0.227114  }</h2o></irga_match><co2_mixer><pump_mv>4500</pump_mv><ppm>{ 2352.67 1117.67 439.284 266.3 121.188 70.6751 48.8233 48.8102  }</ppm><mv>{ 5000 3000 1500 1000 500 300 200 100  }</mv></co2_mixer><parin_offset>-0.211894</parin_offset><led_cal><unit>"SI-2503"</unit><mv>{ 10 25 50 100 1000 2000 3000 4000 5000  }</mv><qntm>{ 1.83047 9.20354 23.3042 57.5395 736.221 1467.2 2160.1 2821.48 3447.04  }</qntm></led_cal><lcf_cal><unit>"LCF-0981"</unit><red><mv>{ 50 100 200 400 800 1500  }</mv><qntm>{ 64.6036 145.758 312.409 661.73 1377.94 2641.23  }</qntm></red><blue><mv>{ 100 500 1000 2000 3000 4000 5000  }</mv><qntm>{ 11.107 44.4539 81.9578 145.168 203.372 256.093 300.56  }</qntm></blue></lcf_cal></user></li6400>
"18:08:59 "
$STARTOFDATA$
"Obs"	"HHMMSS"	"YYYYMMDD"	"DOY"	"EBal?"	"Photo"	"Cond"	"Ci"	"Trmmol"	"VpdL"	"CTleaf"	"Area"	"BLC_1"	"StmRat"	"BLCond"	"Tair"	"Tleaf"	"TBlk"	"CO2R"	"CO2S"	"H2OR"	"H2OS"	"RH_R"	"RH_S"	"Flow"	"PARi"	"PARo"	"Press"	"CsMch"	"HsMch"	"StableF"	"BLCslope"	"BLCoffst"	"f_parin"	"f_parout"	"alphaK"	"Status"
"18:11:19 Flow: Fixed -> 500 umol/s"
"18:23:47 Coolers: Tblock -> 6.50 C"
"18:24:09 Flow: Fixed -> 300 umol/s"
"18:30:44 Flow: Fixed -> 300 umol/s"
1	"18:31:01"	20180318	77	0	6.05	0.0683	231	1.44	1.53	17.00	6	1.42	1	2.84	8.80	17.00	6.56	399.40	386.19	2.904	5.772	18.37	36.52	300.0	1701	0	71.92	7.39	0.108	1.0	-0.22	2.74	1.00	0.00	0.16	111115
2	"18:31:02"	20180318	77	0	6.05	0.0683	231	1.44	1.53	17.00	6	1.42	1	2.84	8.80	17.00	6.56	399.34	386.13	2.904	5.771	18.37	36.51	300.0	1701	0	71.92	7.39	0.108	1.0	-0.22	2.74	1.00	0.00	0.16	111115
3	"18:31:02"	20180318	77	0	6.05	0.0683	231	1.44	1.53	17.00	6	1.42	1	2.84	8.80	17.00	6.56	399.34	386.13	2.904	5.771	18.37	36.51	300.0	1701	0	71.92	7.39	0.108	1.0	-0.22	2.74	1.00	0.00	0.16	111115
4	"18:31:03"	20180318	77	0	6.03	0.0684	231	1.44	1.53	16.99	6	1.42	1	2.84	8.80	16.99	6.56	399.28	386.10	2.905	5.773	18.38	36.53	300.0	1701	0	71.92	7.39	0.108	1.0	-0.22	2.74	1.00	0.00	0.16	111115
5	"18:31:03"	20180318	77	0	6.03	0.0684	232	1.44	1.53	16.99	6	1.42	1	2.84	8.80	16.99	6.56	399.22	386.06	2.905	5.772	18.38	36.52	300.0	1701	0	71.92	7.39	0.108	1.0	-0.22	2.74	1.00	0.00	0.16	111115
6	"18:31:03"	20180318	77	0	6.04	0.0683	231	1.44	1.53	16.99	6	1.42	1	2.84	8.80	16.99	6.56	399.19	385.99	2.905	5.771	18.38	36.52	300.0	1701	0	71.92	7.39	0.108	1.0	-0.22	2.74	1.00	0.00	0.16	111115
7	"18:31:04"	20180318	77	0	6.04	0.0684	231	1.44	1.53	16.97	6	1.42	1	2.84	8.80	16.97	6.56	399.14	385.94	2.905	5.770	18.38	36.51	300.0	1701	0	71.92	7.39	0.108	1.0	-0.22	2.74	1.00	0.00	0.16	111115
8	"18:31:04"	20180318	77	0	6.07	0.0684	230	1.44	1.53	16.97	6	1.42	1	2.84	8.80	16.97	6.56	399.12	385.87	2.906	5.772	18.39	36.52	300.0	1701	0	71.92	7.39	0.108	1.0	-0.22	2.74	1.00	0.00	0.16	111115
9	"18:31:05"	20180318	77	0	6.06	0.0685	231	1.44	1.53	16.97	6	1.42	1	2.84	8.80	16.97	6.56	399.06	385.84	2.906	5.773	18.39	36.53	300.0	1701	0	71.92	7.39	0.108	1.0	-0.22	2.74	1.00	0.00	0.16	111115
10	"18:31:05"	20180318	77	0	6.05	0.0685	231	1.44	1.52	16.96	6	1.42	1	2.84	8.80	16.96	6.56	399.03	385.81	2.905	5.772	18.38	36.52	300.0	1701	0	71.92	7.39	0.108	1.0	-0.22	2.74	1.00	0.00	0.16	111115
11	"18:31:06"	20180318	77	0	6.08	0.0684	230	1.44	1.53	16.97	6	1.42	1	2.84	8.80	16.97	6.55	399.02	385.76	2.905	5.769	18.38	36.50	300.0	1701	0	71.92	7.39	0.108	0.7	-0.22	2.74	1.00	0.00	0.16	111115
12	"18:31:07"	20180318	77	0	6.08	0.0684	230	1.44	1.53	16.97	6	1.42	1	2.84	8.80	16.97	6.55	399.02	385.76	2.905	5.769	18.38	36.50	300.0	1701	0	71.92	7.39	0.108	0.7	-0.22	2.74	1.00	0.00	0.16	111115
13	"18:31:07"	20180318	77	0	6.08	0.0684	230	1.44	1.53	16.97	6	1.42	1	2.84	8.80	16.97	6.55	399.00	385.74	2.905	5.770	18.38	36.51	300.0	1701	0	71.92	7.39	0.108	0.7	-0.22	2.74	1.00	0.00	0.16	111115
14	"18:31:08"	20180318	77	0	6.09	0.0683	230	1.44	1.53	16.98	6	1.42	1	2.84	8.80	16.98	6.55	398.99	385.70	2.905	5.770	18.38	36.51	300.0	1701	0	71.92	7.39	0.108	0.7	-0.22	2.74	1.00	0.00	0.16	111115
15	"18:31:08"	20180318	77	0	6.1	0.0683	229	1.44	1.53	16.99	6	1.42	1	2.84	8.80	16.99	6.55	398.98	385.68	2.905	5.768	18.38	36.50	300.0	1701	0	71.92	7.39	0.108	0.7	-0.22	2.74	1.00	0.00	0.16	111115
"18:31:23 Coolers: Tblock -> 11.50 C"
"18:34:16 Flow: Fixed -> 300 umol/s"
16	"18:34:25"	20180318	77	0	6.65	0.0681	215	1.54	1.64	18.73	6	1.42	1	2.84	12.70	18.73	11.55	400.22	385.74	4.326	7.387	21.10	36.04	300.0	1700	0	71.92	7.39	0.108	1.0	-0.22	2.74	1.00	0.00	0.16	111115
17	"18:34:26"	20180318	77	0	6.65	0.0681	215	1.54	1.64	18.73	6	1.42	1	2.84	12.70	18.73	11.55	400.22	385.74	4.326	7.387	21.10	36.04	300.0	1700	0	71.92	7.39	0.108	1.0	-0.22	2.74	1.00	0.00	0.16	111115
18	"18:34:26"	20180318	77	0	6.65	0.068	215	1.54	1.64	18.74	6	1.42	1	2.84	12.70	18.74	11.55	400.23	385.75	4.326	7.388	21.10	36.04	300.0	1700	0	71.92	7.39	0.108	1.0	-0.22	2.74	1.00	0.00	0.16	111115
19	"18:34:27"	20180318	77	0	6.64	0.068	215	1.54	1.64	18.74	6	1.42	1	2.84	12.70	18.74	11.55	400.25	385.79	4.325	7.387	21.10	36.03	300.0	1700	0	71.92	7.39	0.108	1.0	-0.22	2.74	1.00	0.00	0.16	111115
20	"18:34:27"	20180318	77	0	6.64	0.068	215	1.54	1.64	18.74	6	1.42	1	2.84	12.71	18.74	11.55	400.25	385.79	4.325	7.389	21.10	36.04	300.0	1700	0	71.92	7.39	0.108	1.0	-0.22	2.74	1.00	0.00	0.16	111115
21	"18:34:28"	20180318	77	0	6.62	0.068	216	1.54	1.64	18.75	6	1.42	1	2.84	12.71	18.75	11.55	400.23	385.79	4.325	7.389	21.09	36.04	300.0	1700	0	71.92	7.39	0.108	1.0	-0.22	2.74	1.00	0.00	0.16	111115
22	"18:34:28"	20180318	77	0	6.6	0.0681	216	1.54	1.64	18.75	6	1.42	1	2.84	12.71	18.75	11.55	400.21	385.82	4.324	7.389	21.09	36.03	300.0	1700	0	71.92	7.39	0.108	1.0	-0.22	2.74	1.00	0.00	0.16	111115
23	"18:34:29"	20180318	77	0	6.6	0.068	216	1.54	1.64	18.75	6	1.42	1	2.84	12.71	18.75	11.55	400.22	385.84	4.325	7.389	21.09	36.03	300.0	1700	0	71.92	7.39	0.108	0.7	-0.22	2.74	1.00	0.00	0.16	111115
24	"18:34:29"	20180318	77	0	6.58	0.0681	217	1.54	1.64	18.74	6	1.42	1	2.84	12.71	18.74	11.55	400.23	385.87	4.326	7.388	21.09	36.02	300.0	1700	0	71.92	7.39	0.108	0.7	-0.22	2.74	1.00	0.00	0.16	111115
25	"18:34:30"	20180318	77	0	6.59	0.0681	217	1.54	1.64	18.73	6	1.42	1	2.84	12.71	18.73	11.55	400.20	385.83	4.325	7.387	21.09	36.02	300.0	1700	0	71.92	7.39	0.108	0.7	-0.22	2.74	1.00	0.00	0.16	111115
26	"18:34:30"	20180318	77	0	6.58	0.0681	217	1.54	1.64	18.73	6	1.42	1	2.84	12.71	18.73	11.55	400.18	385.83	4.325	7.388	21.08	36.02	300.0	1700	0	71.92	7.39	0.108	0.7	-0.22	2.74	1.00	0.00	0.16	111115
27	"18:34:31"	20180318	77	0	6.58	0.0682	217	1.54	1.64	18.74	6	1.42	1	2.84	12.71	18.74	11.55	400.14	385.79	4.325	7.391	21.08	36.03	300.0	1700	0	71.92	7.39	0.108	0.7	-0.22	2.74	1.00	0.00	0.16	111115
28	"18:34:31"	20180318	77	0	6.55	0.0681	218	1.54	1.64	18.74	6	1.42	1	2.84	12.72	18.74	11.55	400.08	385.79	4.325	7.392	21.08	36.03	300.0	1700	0	71.92	7.39	0.108	0.7	-0.22	2.74	1.00	0.00	0.16	111115
29	"18:34:32"	20180318	77	0	6.49	0.0681	219	1.54	1.64	18.74	6	1.42	1	2.84	12.72	18.74	11.55	400.02	385.84	4.326	7.392	21.08	36.03	300.0	1700	0	71.92	7.39	0.108	0.7	-0.22	2.74	1.00	0.00	0.16	111115
30	"18:34:32"	20180318	77	0	6.48	0.0681	219	1.54	1.64	18.74	6	1.42	1	2.84	12.72	18.74	11.55	399.96	385.80	4.326	7.392	21.09	36.03	300.0	1700	0	71.92	7.39	0.108	0.7	-0.22	2.74	1.00	0.00	0.16	111115
"18:34:49 Coolers: Tblock -> 16.50 C"
"18:36:51 Flow: Fixed -> 300 umol/s"
31	"18:37:01"	20180318	77	0	6.88	0.0705	214	1.59	1.63	19.63	6	1.42	1	2.84	16.67	19.63	16.54	400.00	385.01	6.039	9.197	22.80	34.73	300.0	1700	0	71.92	7.39	0.108	1.0	-0.22	2.74	1.00	0.00	0.16	111115
32	"18:37:02"	20180318	77	0	6.88	0.0705	214	1.59	1.63	19.63	6	1.42	1	2.84	16.67	19.63	16.54	400.00	385.01	6.039	9.197	22.80	34.73	300.0	1700	0	71.92	7.39	0.108	1.0	-0.22	2.74	1.00	0.00	0.16	111115
33	"18:37:02"	20180318	77	0	6.9	0.0705	214	1.59	1.63	19.64	6	1.42	1	2.84	16.67	19.64	16.54	400.01	384.99	6.039	9.198	22.80	34.73	300.0	1700	0	71.92	7.39	0.108	1.0	-0.22	2.74	1.00	0.00	0.16	111115
34	"18:37:03"	20180318	77	0	6.87	0.0705	215	1.6	1.64	19.66	6	1.42	1	2.84	16.68	19.66	16.54	400.02	385.05	6.039	9.201	22.80	34.74	300.0	1700	0	71.92	7.39	0.108	1.0	-0.22	2.74	1.00	0.00	0.16	111115
35	"18:37:03"	20180318	77	0	6.87	0.0704	215	1.6	1.64	19.67	6	1.42	1	2.84	16.68	19.67	16.54	400.02	385.05	6.039	9.203	22.80	34.74	300.0	1700	0	71.92	7.39	0.108	1.0	-0.22	2.74	1.00	0.00	0.16	111115
36	"18:37:03"	20180318	77	0	6.87	0.0704	215	1.6	1.64	19.67	6	1.42	1	2.84	16.68	19.67	16.54	400.02	385.05	6.039	9.203	22.80	34.74	300.0	1700	0	71.92	7.39	0.108	1.0	-0.22	2.74	1.00	0.00	0.16	111115
37	"18:37:04"	20180318	77	0	6.87	0.0704	214	1.6	1.64	19.68	6	1.42	1	2.84	16.68	19.68	16.54	400.04	385.07	6.039	9.204	22.79	34.74	300.0	1700	0	71.92	7.39	0.108	1.0	-0.22	2.74	1.00	0.00	0.16	111115
38	"18:37:04"	20180318	77	0	6.86	0.0703	215	1.6	1.64	19.69	6	1.42	1	2.84	16.68	19.69	16.54	400.04	385.09	6.039	9.205	22.79	34.74	300.0	1700	0	71.92	7.39	0.108	1.0	-0.22	2.74	1.00	0.00	0.16	111115
39	"18:37:05"	20180318	77	0	6.89	0.0702	214	1.6	1.64	19.69	6	1.42	1	2.84	16.68	19.69	16.55	400.04	385.04	6.039	9.203	22.79	34.73	300.0	1700	0	71.92	7.39	0.108	1.0	-0.22	2.74	1.00	0.00	0.16	111115
40	"18:37:05"	20180318	77	0	6.89	0.0703	214	1.6	1.64	19.69	6	1.42	1	2.84	16.69	19.69	16.55	400.04	385.04	6.039	9.204	22.79	34.72	300.0	1700	0	71.92	7.39	0.108	1.0	-0.22	2.74	1.00	0.00	0.16	111115
41	"18:37:06"	20180318	77	0	6.9	0.0703	214	1.6	1.64	19.69	6	1.42	1	2.84	16.69	19.69	16.55	400.03	385.01	6.039	9.205	22.78	34.72	300.0	1700	0	71.92	7.39	0.108	1.0	-0.22	2.74	1.00	0.00	0.16	111115
42	"18:37:06"	20180318	77	0	6.89	0.0703	214	1.6	1.64	19.69	6	1.42	1	2.84	16.69	19.69	16.55	400.03	385.03	6.039	9.205	22.78	34.72	300.0	1700	0	71.92	7.39	0.108	1.0	-0.22	2.74	1.00	0.00	0.16	111115
43	"18:37:07"	20180318	77	0	6.9	0.0703	214	1.6	1.64	19.69	6	1.42	1	2.84	16.69	19.69	16.55	400.02	384.99	6.039	9.207	22.78	34.72	300.0	1700	0	71.92	7.39	0.108	1.0	-0.22	2.74	1.00	0.00	0.16	111115
44	"18:37:07"	20180318	77	0	6.89	0.0703	214	1.6	1.64	19.70	6	1.42	1	2.84	16.69	19.70	16.55	400.02	385.01	6.040	9.207	22.77	34.72	300.0	1700	0	71.92	7.39	0.108	1.0	-0.22	2.74	1.00	0.00	0.16	111115
45	"18:37:08"	20180318	77	0	6.86	0.0703	214	1.6	1.64	19.70	6	1.42	1	2.84	16.70	19.70	16.55	399.95	384.99	6.040	9.209	22.77	34.72	300.0	1700	0	71.92	7.39	0.108	1.0	-0.22	2.74	1.00	0.00	0.16	111115
"18:37:22 Coolers: Tblock -> 21.50 C"
"18:40:13 Flow: Fixed -> 300 umol/s"
46	"18:40:30"	20180318	77	0	7.18	0.0722	209	1.85	1.85	22.34	6	1.42	1	2.84	21.03	22.34	21.58	399.35	383.58	8.353	12.013	24.03	34.56	300.0	1700	0	71.92	7.39	0.108	1.0	-0.22	2.74	1.00	0.00	0.16	111115
47	"18:40:30"	20180318	77	0	7.16	0.0722	209	1.85	1.84	22.34	6	1.42	1	2.84	21.03	22.34	21.58	399.28	383.54	8.353	12.012	24.03	34.56	300.0	1700	0	71.92	7.39	0.108	1.0	-0.22	2.74	1.00	0.00	0.16	111115
48	"18:40:31"	20180318	77	0	7.15	0.0722	209	1.85	1.84	22.34	6	1.42	1	2.84	21.03	22.34	21.58	399.18	383.46	8.354	12.014	24.03	34.55	300.0	1700	0	71.92	7.39	0.108	1.0	-0.22	2.74	1.00	0.00	0.16	111115
49	"18:40:31"	20180318	77	0	7.15	0.0722	209	1.85	1.84	22.34	6	1.42	1	2.84	21.03	22.34	21.58	399.18	383.46	8.354	12.014	24.03	34.55	300.0	1700	0	71.92	7.39	0.108	1.0	-0.22	2.74	1.00	0.00	0.16	111115
50	"18:40:32"	20180318	77	0	7.1	0.0724	211	1.85	1.84	22.33	6	1.42	1	2.84	21.03	22.33	21.58	399.06	383.45	8.353	12.016	24.02	34.55	300.0	1700	0	71.92	7.39	0.108	1.0	-0.22	2.74	1.00	0.00	0.16	111115
51	"18:40:33"	20180318	77	0	7.13	0.0724	210	1.86	1.84	22.33	6	1.42	1	2.84	21.03	22.33	21.58	399.07	383.38	8.354	12.019	24.02	34.56	300.0	1700	0	71.92	7.39	0.108	1.0	-0.22	2.74	1.00	0.00	0.16	111115
52	"18:40:33"	20180318	77	0	7.16	0.0725	209	1.86	1.84	22.33	6	1.42	1	2.84	21.04	22.33	21.58	399.09	383.34	8.353	12.023	24.02	34.57	300.0	1700	0	71.92	7.39	0.108	1.0	-0.22	2.74	1.00	0.00	0.16	111115
53	"18:40:34"	20180318	77	0	7.15	0.0725	210	1.86	1.84	22.33	6	1.42	1	2.84	21.04	22.33	21.58	399.09	383.36	8.353	12.022	24.01	34.56	300.0	1700	0	71.92	7.39	0.108	1.0	-0.22	2.74	1.00	0.00	0.16	111115
54	"18:40:35"	20180318	77	0	7.15	0.0725	210	1.86	1.84	22.34	6	1.42	1	2.84	21.04	22.34	21.59	399.04	383.31	8.352	12.024	24.01	34.56	300.0	1700	0	71.92	7.39	0.108	1.0	-0.22	2.74	1.00	0.00	0.16	111115
55	"18:40:35"	20180318	77	0	7.18	0.0724	209	1.86	1.85	22.35	6	1.42	1	2.84	21.04	22.35	21.60	399.05	383.27	8.352	12.024	24.00	34.56	300.0	1700	0	71.92	7.39	0.108	1.0	-0.22	2.74	1.00	0.00	0.16	111115
56	"18:40:36"	20180318	77	0	7.21	0.0723	208	1.86	1.85	22.36	6	1.42	1	2.84	21.04	22.36	21.60	399.07	383.23	8.352	12.022	24.00	34.55	300.0	1700	0	71.92	7.39	0.108	1.0	-0.22	2.74	1.00	0.00	0.16	111115
57	"18:40:37"	20180318	77	0	7.27	0.0722	206	1.86	1.85	22.38	6	1.42	1	2.84	21.05	22.38	21.61	399.08	383.13	8.353	12.022	24.00	34.54	300.0	1699	0	71.92	7.39	0.108	0.7	-0.22	2.74	1.00	0.00	0.16	111115
58	"18:40:37"	20180318	77	0	7.26	0.0721	206	1.86	1.85	22.39	6	1.42	1	2.84	21.05	22.39	21.61	399.07	383.12	8.353	12.023	23.99	34.53	300.0	1700	0	71.92	7.39	0.108	0.7	-0.22	2.74	1.00	0.00	0.16	111115
59	"18:40:38"	20180318	77	0	7.34	0.0721	204	1.86	1.85	22.40	6	1.42	1	2.84	21.06	22.40	21.61	399.12	383.02	8.353	12.026	23.99	34.54	300.0	1699	0	71.92	7.39	0.108	0.7	-0.22	2.74	1.00	0.00	0.16	111115
60	"18:40:40"	20180318	77	0	7.4	0.0721	203	1.86	1.86	22.42	6	1.42	1	2.84	21.06	22.42	21.61	399.17	382.94	8.353	12.032	23.97	34.53	300.0	1700	0	71.92	7.39	0.108	0.7	-0.22	2.74	1.00	0.00	0.16	111115
"18:40:53 Coolers: Tblock -> 26.50 C"
"18:45:02 Flow: Fixed -> 300 umol/s"
61	"18:45:13"	20180318	77	0	7.47	0.0695	192	2.21	2.27	25.98	6	1.42	1	2.84	25.69	25.98	26.57	399.55	382.92	10.947	15.299	23.77	33.22	300.0	1699	0	71.93	8.84	-0.00103	1.0	-0.22	2.74	1.00	0.00	0.16	111115
62	"18:45:13"	20180318	77	0	7.47	0.0695	192	2.21	2.27	25.98	6	1.42	1	2.84	25.69	25.98	26.57	399.55	382.92	10.947	15.299	23.77	33.22	300.0	1699	0	71.93	8.84	-0.00103	1.0	-0.22	2.74	1.00	0.00	0.16	111115
63	"18:45:14"	20180318	77	0	7.43	0.0694	193	2.21	2.27	25.99	6	1.42	1	2.84	25.69	25.99	26.57	399.52	382.96	10.948	15.300	23.77	33.22	300.0	1699	0	71.93	8.84	-0.00103	1.0	-0.22	2.74	1.00	0.00	0.16	111115
64	"18:45:14"	20180318	77	0	7.44	0.0695	193	2.21	2.27	25.99	6	1.42	1	2.84	25.69	25.99	26.57	399.51	382.95	10.948	15.302	23.77	33.22	300.0	1699	0	71.93	8.84	-0.00103	1.0	-0.22	2.74	1.00	0.00	0.16	111115
65	"18:45:15"	20180318	77	0	7.39	0.0695	194	2.21	2.27	25.99	6	1.42	1	2.84	25.69	25.99	26.57	399.48	382.99	10.949	15.305	23.77	33.23	300.0	1699	0	71.93	8.84	-0.00103	1.0	-0.22	2.74	1.00	0.00	0.16	111115
66	"18:45:15"	20180318	77	0	7.36	0.0695	195	2.21	2.27	25.99	6	1.42	1	2.84	25.69	25.99	26.57	399.43	383.02	10.950	15.305	23.77	33.22	300.0	1699	0	71.93	8.84	-0.00103	1.0	-0.22	2.74	1.00	0.00	0.16	111115
67	"18:45:16"	20180318	77	0	7.34	0.0695	196	2.21	2.27	25.99	6	1.42	1	2.84	25.70	25.99	26.57	399.40	383.03	10.949	15.306	23.76	33.22	300.0	1699	0	71.93	8.84	-0.00103	1.0	-0.22	2.74	1.00	0.00	0.16	111115
68	"18:45:16"	20180318	77	0	7.32	0.0696	196	2.21	2.27	25.99	6	1.42	1	2.84	25.70	25.99	26.57	399.35	383.02	10.948	15.307	23.76	33.22	300.0	1699	0	71.93	8.84	-0.00103	1.0	-0.22	2.74	1.00	0.00	0.16	111115
69	"18:45:17"	20180318	77	0	7.32	0.0696	196	2.22	2.27	26.00	6	1.42	1	2.84	25.70	26.00	26.58	399.34	383.00	10.948	15.310	23.76	33.22	300.0	1699	0	71.93	8.84	-0.00103	1.0	-0.22	2.74	1.00	0.00	0.16	111115
70	"18:45:17"	20180318	77	0	7.34	0.0697	196	2.22	2.27	26.00	6	1.42	1	2.84	25.70	26.00	26.58	399.34	382.97	10.948	15.315	23.75	33.23	300.0	1699	0	71.93	8.84	-0.00103	1.0	-0.22	2.74	1.00	0.00	0.16	111115
71	"18:45:18"	20180318	77	0	7.31	0.0697	197	2.22	2.27	26.00	6	1.42	1	2.84	25.70	26.00	26.58	399.29	382.97	10.947	15.317	23.75	33.23	300.0	1699	0	71.93	8.84	-0.00103	1.0	-0.22	2.74	1.00	0.00	0.16	111115
72	"18:45:19"	20180318	77	0	7.34	0.0697	196	2.22	2.28	26.02	6	1.42	1	2.84	25.71	26.02	26.59	399.26	382.87	10.945	15.320	23.74	33.23	300.0	1699	0	71.93	8.84	-0.00103	1.0	-0.22	2.74	1.00	0.00	0.16	111115
73	"18:45:19"	20180318	77	0	7.35	0.0697	195	2.22	2.28	26.03	6	1.42	1	2.84	25.71	26.03	26.60	399.25	382.84	10.946	15.324	23.74	33.23	300.0	1699	0	71.93	8.84	-0.00103	1.0	-0.22	2.74	1.00	0.00	0.16	111115
74	"18:45:20"	20180318	77	0	7.33	0.0696	196	2.22	2.28	26.04	6	1.42	1	2.84	25.71	26.04	26.60	399.23	382.86	10.947	15.325	23.74	33.23	300.0	1699	0	71.93	8.84	-0.00103	1.0	-0.22	2.74	1.00	0.00	0.16	111115
75	"18:45:20"	20180318	77	0	7.33	0.0696	196	2.22	2.28	26.05	6	1.42	1	2.84	25.71	26.05	26.60	399.23	382.86	10.949	15.326	23.74	33.23	300.0	1699	0	71.93	8.84	-0.00103	1.0	-0.22	2.74	1.00	0.00	0.16	111115
"18:45:35 Coolers: Tblock -> 31.50 C"
"18:52:12 Flow: Fixed -> 300 umol/s"
76	"18:52:22"	20180318	77	0	7.2	0.0647	185	2.41	2.63	29.36	6	1.42	1	2.84	30.44	29.36	31.56	399.72	383.47	15.807	20.524	26.02	33.79	300.0	1699	0	71.92	10.2	-0.0463	1.0	-0.22	2.74	1.00	0.00	0.16	111115
77	"18:52:22"	20180318	77	0	7.2	0.0647	185	2.41	2.63	29.36	6	1.42	1	2.84	30.44	29.36	31.56	399.75	383.50	15.807	20.523	26.02	33.78	300.0	1699	0	71.92	10.2	-0.0463	0.7	-0.22	2.74	1.00	0.00	0.16	111115
78	"18:52:23"	20180318	77	0	7.2	0.0647	185	2.41	2.63	29.36	6	1.42	1	2.84	30.44	29.36	31.56	399.75	383.50	15.807	20.523	26.02	33.78	300.0	1699	0	71.92	10.2	-0.0463	0.7	-0.22	2.74	1.00	0.00	0.16	111115
79	"18:52:23"	20180318	77	0	7.21	0.0648	185	2.41	2.63	29.36	6	1.42	1	2.84	30.44	29.36	31.56	399.77	383.49	15.806	20.525	26.02	33.78	300.0	1699	0	71.92	10.2	-0.0463	0.7	-0.22	2.74	1.00	0.00	0.16	111115
80	"18:52:24"	20180318	77	0	7.24	0.0647	184	2.41	2.63	29.36	6	1.42	1	2.84	30.44	29.36	31.56	399.79	383.46	15.806	20.524	26.02	33.78	300.0	1699	0	71.92	10.2	-0.0463	0.7	-0.22	2.74	1.00	0.00	0.16	111115
81	"18:52:24"	20180318	77	0	7.22	0.0647	184	2.41	2.63	29.36	6	1.42	1	2.84	30.44	29.36	31.56	399.78	383.50	15.806	20.523	26.01	33.78	300.0	1699	0	71.92	10.2	-0.0463	0.7	-0.22	2.74	1.00	0.00	0.16	111115
82	"18:52:25"	20180318	77	0	7.21	0.0647	184	2.41	2.63	29.37	6	1.42	1	2.84	30.44	29.37	31.56	399.78	383.51	15.805	20.522	26.01	33.78	300.0	1699	0	71.92	10.2	-0.0463	0.7	-0.22	2.74	1.00	0.00	0.16	111115
83	"18:52:25"	20180318	77	0	7.2	0.0647	185	2.41	2.63	29.37	6	1.42	1	2.84	30.44	29.37	31.56	399.76	383.51	15.805	20.522	26.01	33.78	300.0	1699	0	71.92	10.2	-0.0463	0.7	-0.22	2.74	1.00	0.00	0.16	111115
84	"18:52:26"	20180318	77	0	7.17	0.0647	186	2.41	2.63	29.37	6	1.42	1	2.84	30.44	29.37	31.56	399.73	383.55	15.804	20.523	26.01	33.77	300.0	1699	0	71.92	10.2	-0.0463	0.7	-0.22	2.74	1.00	0.00	0.16	111115
85	"18:52:26"	20180318	77	0	7.15	0.0647	186	2.41	2.63	29.37	6	1.42	1	2.84	30.44	29.37	31.55	399.72	383.58	15.804	20.525	26.01	33.78	300.0	1699	0	71.92	10.2	-0.0463	0.7	-0.22	2.74	1.00	0.00	0.16	111115
86	"18:52:27"	20180318	77	0	7.15	0.0648	186	2.41	2.63	29.37	6	1.42	1	2.84	30.45	29.37	31.55	399.74	383.59	15.804	20.526	26.01	33.78	300.0	1699	0	71.92	10.2	-0.0463	0.7	-0.22	2.74	1.00	0.00	0.16	111115
87	"18:52:27"	20180318	77	0	7.19	0.0647	185	2.41	2.63	29.36	6	1.42	1	2.84	30.45	29.36	31.55	399.80	383.58	15.805	20.523	26.01	33.77	300.0	1699	0	71.92	10.2	-0.0463	0.7	-0.22	2.74	1.00	0.00	0.16	111115
88	"18:52:28"	20180318	77	0	7.23	0.0647	184	2.41	2.63	29.36	6	1.42	1	2.84	30.45	29.36	31.55	399.89	383.58	15.806	20.524	26.01	33.77	300.0	1699	0	71.92	10.2	-0.0463	0.7	-0.22	2.74	1.00	0.00	0.16	111115
89	"18:52:28"	20180318	77	0	7.25	0.0647	184	2.41	2.63	29.36	6	1.42	1	2.84	30.45	29.36	31.55	399.94	383.59	15.808	20.526	26.01	33.78	300.0	1699	0	71.92	10.2	-0.0463	1.0	-0.22	2.74	1.00	0.00	0.16	111115
90	"18:52:29"	20180318	77	0	7.26	0.0648	184	2.41	2.63	29.36	6	1.42	1	2.84	30.45	29.36	31.55	400.00	383.64	15.808	20.529	26.01	33.78	300.0	1699	0	71.92	10.2	-0.0463	1.0	-0.22	2.74	1.00	0.00	0.16	111115
"18:52:55 Coolers: Tblock -> 36.50 C"
"18:57:52 Flow: Fixed -> 300 umol/s"
91	"18:58:13"	20180318	77	0	7.47	0.0671	182	2.73	2.85	32.13	6	1.42	1	2.84	34.96	32.13	36.55	399.16	382.13	21.887	27.201	27.94	34.72	299.9	1699	0	71.93	10.2	-0.0463	1.0	-0.22	2.74	1.00	0.00	0.16	111115
92	"18:58:13"	20180318	77	0	7.47	0.0671	182	2.73	2.85	32.13	6	1.42	1	2.84	34.96	32.13	36.55	399.16	382.13	21.887	27.201	27.94	34.72	299.9	1699	0	71.93	10.2	-0.0463	1.0	-0.22	2.74	1.00	0.00	0.16	111115
93	"18:58:14"	20180318	77	0	7.51	0.0671	181	2.73	2.85	32.13	6	1.42	1	2.84	34.96	32.13	36.55	399.17	382.06	21.886	27.202	27.93	34.72	299.9	1699	0	71.93	10.2	-0.0463	0.7	-0.22	2.74	1.00	0.00	0.16	111115
94	"18:58:14"	20180318	77	0	7.54	0.0671	180	2.73	2.86	32.14	6	1.42	1	2.84	34.96	32.14	36.55	399.20	382.03	21.886	27.202	27.93	34.71	299.9	1699	0	71.92	10.2	-0.0463	0.7	-0.22	2.74	1.00	0.00	0.16	111115
95	"18:58:15"	20180318	77	0	7.54	0.0671	180	2.73	2.86	32.14	6	1.42	1	2.84	34.96	32.14	36.55	399.21	382.03	21.887	27.202	27.93	34.71	299.9	1699	0	71.92	10.2	-0.0463	0.7	-0.22	2.74	1.00	0.00	0.16	111115
96	"18:58:15"	20180318	77	0	7.58	0.0671	179	2.73	2.86	32.14	6	1.42	1	2.84	34.96	32.14	36.55	399.23	381.98	21.886	27.204	27.93	34.71	299.9	1699	0	71.92	10.2	-0.0463	0.7	-0.22	2.74	1.00	0.00	0.16	111115
97	"18:58:16"	20180318	77	0	7.6	0.0671	179	2.73	2.86	32.14	6	1.42	1	2.84	34.96	32.14	36.55	399.22	381.93	21.888	27.207	27.93	34.71	299.9	1699	0	71.92	10.2	-0.0463	0.7	-0.22	2.74	1.00	0.00	0.16	111115
98	"18:58:16"	20180318	77	0	7.61	0.0671	178	2.73	2.85	32.13	6	1.42	1	2.84	34.96	32.13	36.55	399.22	381.92	21.889	27.205	27.93	34.71	299.9	1699	0	71.92	10.2	-0.0463	0.7	-0.22	2.74	1.00	0.00	0.16	111115
99	"18:58:17"	20180318	77	0	7.61	0.0672	178	2.73	2.85	32.13	6	1.42	1	2.84	34.97	32.13	36.55	399.22	381.92	21.889	27.204	27.93	34.71	300.0	1699	0	71.92	10.2	-0.0463	0.7	-0.22	2.74	1.00	0.00	0.16	111115
100	"18:58:17"	20180318	77	0	7.65	0.0672	177	2.73	2.85	32.13	6	1.42	1	2.84	34.97	32.13	36.55	399.25	381.86	21.889	27.206	27.93	34.71	300.0	1699	0	71.93	10.2	-0.0463	0.7	-0.22	2.74	1.00	0.00	0.16	111115
101	"18:58:18"	20180318	77	0	7.62	0.0672	178	2.73	2.86	32.14	6	1.42	1	2.84	34.97	32.14	36.55	399.22	381.90	21.890	27.209	27.92	34.71	299.9	1699	0	71.93	10.2	-0.0463	0.7	-0.22	2.74	1.00	0.00	0.16	111115
102	"18:58:18"	20180318	77	0	7.65	0.0672	177	2.73	2.86	32.14	6	1.42	1	2.84	34.97	32.14	36.55	399.23	381.83	21.891	27.212	27.92	34.71	299.9	1699	0	71.93	10.2	-0.0463	0.7	-0.22	2.74	1.00	0.00	0.16	111115
103	"18:58:19"	20180318	77	0	7.64	0.0672	177	2.74	2.86	32.14	6	1.42	1	2.84	34.97	32.14	36.55	399.22	381.84	21.892	27.214	27.92	34.71	299.9	1699	0	71.93	10.2	-0.0463	0.7	-0.22	2.74	1.00	0.00	0.16	111115
104	"18:58:19"	20180318	77	0	7.6	0.0672	179	2.74	2.86	32.15	6	1.42	1	2.84	34.97	32.15	36.55	399.17	381.88	21.892	27.217	27.92	34.71	299.9	1699	0	71.93	10.2	-0.0463	0.7	-0.22	2.74	1.00	0.00	0.16	111115
105	"18:58:20"	20180318	77	0	7.62	0.0671	178	2.74	2.86	32.16	6	1.42	1	2.84	34.97	32.16	36.55	399.19	381.85	21.893	27.216	27.92	34.71	299.9	1699	0	71.93	10.2	-0.0463	0.7	-0.22	2.74	1.00	0.00	0.16	111115
"18:58:51 Coolers: Tblock -> 41.50 C"
"19:00:18 Flow: Fixed -> 300 umol/s"
106	"19:00:57"	20180318	77	0	7.51	0.0628	166	3.04	3.38	34.13	6	1.42	1	2.84	39.12	34.13	41.55	400.00	382.64	21.930	27.847	22.30	28.32	299.9	1699	0	71.93	11.5	-0.254	1.0	-0.22	2.74	1.00	0.00	0.16	111115
107	"19:00:57"	20180318	77	0	7.51	0.0628	166	3.04	3.38	34.13	6	1.42	1	2.84	39.12	34.13	41.55	400.00	382.64	21.930	27.847	22.30	28.32	299.9	1699	0	71.93	11.5	-0.254	1.0	-0.22	2.74	1.00	0.00	0.16	111115
108	"19:00:58"	20180318	77	0	7.5	0.0627	166	3.04	3.38	34.15	6	1.42	1	2.84	39.13	34.15	41.55	400.01	382.68	21.930	27.847	22.30	28.31	299.9	1699	0	71.93	11.5	-0.254	1.0	-0.22	2.74	1.00	0.00	0.16	111115
109	"19:00:58"	20180318	77	0	7.49	0.0627	166	3.04	3.39	34.16	6	1.42	1	2.84	39.13	34.16	41.55	400.05	382.73	21.930	27.851	22.29	28.31	299.9	1699	0	71.93	11.5	-0.254	1.0	-0.22	2.74	1.00	0.00	0.16	111115
110	"19:00:59"	20180318	77	0	7.49	0.0627	166	3.04	3.39	34.16	6	1.42	1	2.84	39.13	34.16	41.55	400.05	382.73	21.930	27.851	22.29	28.31	299.9	1699	0	71.93	11.5	-0.254	1.0	-0.22	2.74	1.00	0.00	0.16	111115
111	"19:00:59"	20180318	77	0	7.52	0.0627	166	3.04	3.39	34.16	6	1.42	1	2.84	39.13	34.16	41.55	400.10	382.73	21.932	27.852	22.29	28.31	299.9	1699	0	71.93	11.5	-0.254	1.0	-0.22	2.74	1.00	0.00	0.16	111115
112	"19:01:00"	20180318	77	0	7.53	0.0626	165	3.04	3.39	34.16	6	1.42	1	2.84	39.13	34.16	41.55	400.12	382.73	21.933	27.851	22.29	28.31	299.9	1699	0	71.93	11.5	-0.254	1.0	-0.22	2.74	1.00	0.00	0.16	111115
113	"19:01:00"	20180318	77	0	7.52	0.0626	165	3.04	3.39	34.17	6	1.42	1	2.84	39.14	34.17	41.55	400.14	382.76	21.932	27.851	22.29	28.30	299.9	1699	0	71.93	11.5	-0.254	1.0	-0.22	2.74	1.00	0.00	0.16	111115
114	"19:01:01"	20180318	77	0	7.53	0.0626	165	3.04	3.39	34.17	6	1.42	1	2.84	39.14	34.17	41.55	400.18	382.79	21.933	27.854	22.28	28.30	299.9	1699	0	71.93	11.5	-0.254	0.7	-0.22	2.74	1.00	0.00	0.16	111115
115	"19:01:01"	20180318	77	0	7.52	0.0625	165	3.04	3.39	34.18	6	1.42	1	2.84	39.14	34.18	41.55	400.24	382.87	21.935	27.853	22.28	28.29	299.9	1699	0	71.93	11.5	-0.254	0.7	-0.22	2.74	1.00	0.00	0.16	111115
116	"19:01:02"	20180318	77	0	7.53	0.0626	165	3.04	3.39	34.18	6	1.42	1	2.84	39.15	34.18	41.55	400.30	382.90	21.935	27.856	22.28	28.29	299.9	1699	0	71.93	11.5	-0.254	0.7	-0.22	2.74	1.00	0.00	0.16	111115
117	"19:01:02"	20180318	77	0	7.52	0.0625	165	3.04	3.39	34.18	6	1.42	1	2.84	39.15	34.18	41.55	400.31	382.93	21.936	27.853	22.27	28.28	299.9	1699	0	71.93	11.5	-0.254	0.7	-0.22	2.74	1.00	0.00	0.16	111115
118	"19:01:03"	20180318	77	0	7.52	0.0626	165	3.04	3.39	34.18	6	1.42	1	2.84	39.15	34.18	41.55	400.34	382.97	21.936	27.856	22.27	28.28	299.9	1699	0	71.93	11.5	-0.254	0.7	-0.22	2.74	1.00	0.00	0.16	111115
119	"19:01:03"	20180318	77	0	7.51	0.0626	166	3.04	3.39	34.18	6	1.42	1	2.84	39.16	34.18	41.55	400.35	383.00	21.938	27.859	22.27	28.28	299.9	1699	0	71.93	11.5	-0.254	0.7	-0.22	2.74	1.00	0.00	0.16	111115
120	"19:01:04"	20180318	77	0	7.51	0.0626	166	3.05	3.39	34.18	6	1.42	1	2.84	39.16	34.18	41.55	400.37	383.02	21.939	27.863	22.27	28.28	299.9	1699	0	71.93	11.5	-0.254	0.7	-0.22	2.74	1.00	0.00	0.16	111115
"19:01:17 Coolers: Tblock -> 46.50 C"
"19:02:46 Flow: Fixed -> 300 umol/s"
121	"19:03:03"	20180318	77	0	6.48	0.0634	194	3.22	3.53	34.71	6	1.42	1	2.84	43.21	34.71	46.59	399.71	384.27	21.902	28.156	17.93	23.05	299.9	1699	0	71.93	12.6	-0.292	1.0	-0.22	2.74	1.00	0.00	0.16	111115
122	"19:03:03"	20180318	77	0	6.48	0.0634	194	3.22	3.53	34.71	6	1.42	1	2.84	43.21	34.71	46.59	399.71	384.27	21.902	28.156	17.93	23.05	299.9	1699	0	71.93	12.6	-0.292	1.0	-0.22	2.74	1.00	0.00	0.16	111115
123	"19:03:03"	20180318	77	0	6.45	0.0633	194	3.21	3.54	34.72	6	1.42	1	2.84	43.22	34.72	46.59	399.63	384.26	21.903	28.150	17.93	23.04	299.9	1699	0	71.93	12.6	-0.292	1.0	-0.22	2.74	1.00	0.00	0.16	111115
124	"19:03:04"	20180318	77	0	6.44	0.0633	194	3.21	3.54	34.72	6	1.42	1	2.84	43.23	34.72	46.59	399.56	384.21	21.904	28.147	17.92	23.03	299.9	1699	0	71.93	12.6	-0.292	1.0	-0.22	2.74	1.00	0.00	0.16	111115
125	"19:03:04"	20180318	77	0	6.42	0.0632	195	3.21	3.54	34.72	6	1.42	1	2.84	43.23	34.72	46.59	399.50	384.19	21.905	28.146	17.92	23.02	299.9	1699	0	71.93	12.6	-0.292	1.0	-0.22	2.74	1.00	0.00	0.16	111115
126	"19:03:05"	20180318	77	0	6.42	0.0631	194	3.21	3.54	34.73	6	1.42	1	2.84	43.24	34.73	46.59	399.46	384.15	21.906	28.142	17.91	23.01	299.9	1699	0	71.93	12.6	-0.292	1.0	-0.22	2.74	1.00	0.00	0.16	111115
127	"19:03:05"	20180318	77	0	6.39	0.063	195	3.21	3.54	34.74	6	1.42	1	2.84	43.24	34.74	46.59	399.38	384.13	21.906	28.141	17.91	23.01	299.9	1699	0	71.93	12.6	-0.292	1.0	-0.22	2.74	1.00	0.00	0.16	111115
128	"19:03:06"	20180318	77	0	6.42	0.0629	194	3.2	3.54	34.74	6	1.42	1	2.84	43.25	34.74	46.59	399.34	384.04	21.907	28.136	17.90	22.99	299.9	1699	0	71.93	12.6	-0.292	1.0	-0.22	2.74	1.00	0.00	0.16	111115
129	"19:03:06"	20180318	77	0	6.4	0.0629	194	3.2	3.54	34.74	6	1.42	1	2.84	43.25	34.74	46.59	399.29	384.02	21.909	28.136	17.90	22.99	299.9	1699	0	71.93	12.6	-0.292	1.0	-0.22	2.74	1.00	0.00	0.16	111115
130	"19:03:07"	20180318	77	0	6.37	0.0629	195	3.2	3.55	34.75	6	1.42	1	2.84	43.26	34.75	46.58	399.23	384.02	21.909	28.134	17.90	22.98	299.9	1699	0	71.93	12.6	-0.292	1.0	-0.22	2.74	1.00	0.00	0.16	111115
131	"19:03:08"	20180318	77	0	6.38	0.0628	194	3.2	3.55	34.76	6	1.42	1	2.84	43.26	34.76	46.58	399.20	383.98	21.909	28.133	17.89	22.97	299.9	1699	0	71.93	12.6	-0.292	0.7	-0.22	2.74	1.00	0.00	0.16	111115
132	"19:03:08"	20180318	77	0	6.41	0.0627	193	3.2	3.55	34.76	6	1.42	1	2.84	43.27	34.76	46.58	399.21	383.94	21.909	28.131	17.89	22.97	299.9	1699	0	71.93	12.6	-0.292	0.7	-0.22	2.74	1.00	0.00	0.16	111115
133	"19:03:09"	20180318	77	0	6.42	0.0626	193	3.2	3.56	34.77	6	1.42	1	2.84	43.27	34.77	46.58	399.20	383.90	21.909	28.125	17.88	22.96	299.9	1699	0	71.93	12.6	-0.292	0.7	-0.22	2.74	1.00	0.00	0.16	111115
134	"19:03:09"	20180318	77	0	6.43	0.0626	192	3.2	3.56	34.78	6	1.42	1	2.84	43.28	34.78	46.58	399.19	383.87	21.908	28.124	17.88	22.95	299.9	1699	0	71.93	12.6	-0.292	0.7	-0.22	2.74	1.00	0.00	0.16	111115
135	"19:03:10"	20180318	77	0	6.48	0.0625	191	3.2	3.56	34.79	6	1.42	1	2.84	43.28	34.79	46.58	399.23	383.81	21.908	28.123	17.87	22.94	299.9	1700	0	71.93	12.6	-0.292	0.7	-0.22	2.74	1.00	0.00	0.16	111115
"19:03:22 Coolers: Tblock -> 50.00 C"
"19:05:26 Flow: Fixed -> 300 umol/s"
"19:06:42 Flow: Fixed -> 300 umol/s"
136	"19:06:46"	20180318	77	0	5.92	0.0525	174	3.21	4.23	36.89	6	1.42	1	2.84	46.68	36.89	49.74	399.34	385.04	22.153	28.397	15.16	19.44	300.0	1699	0	71.93	14.1	-0.288	1.0	-0.22	2.74	1.00	0.00	0.16	111115
137	"19:06:46"	20180318	77	0	5.92	0.0525	174	3.21	4.23	36.89	6	1.42	1	2.84	46.68	36.89	49.74	399.34	385.04	22.153	28.397	15.16	19.44	300.0	1699	0	71.93	14.1	-0.288	1.0	-0.22	2.74	1.00	0.00	0.16	111115
138	"19:06:47"	20180318	77	0	5.92	0.0525	174	3.21	4.23	36.89	6	1.42	1	2.84	46.68	36.89	49.74	399.34	385.04	22.153	28.397	15.16	19.44	300.0	1699	0	71.93	14.1	-0.288	1.0	-0.22	2.74	1.00	0.00	0.16	111115
139	"19:06:47"	20180318	77	0	5.91	0.0527	175	3.23	4.23	36.89	6	1.42	1	2.84	46.68	36.89	49.74	399.37	385.07	22.121	28.395	15.14	19.44	300.0	1699	0	71.93	14.1	-0.288	1.0	-0.22	2.74	1.00	0.00	0.16	111115
140	"19:06:48"	20180318	77	0	6.09	0.0546	176	3.34	4.23	36.90	6	1.42	1	2.84	46.68	36.90	49.74	399.81	385.06	21.904	28.394	14.99	19.44	300.0	1699	0	71.93	14.1	-0.288	1.0	-0.22	2.74	1.00	0.00	0.16	111115
141	"19:06:48"	20180318	77	0	6.12	0.0545	175	3.34	4.23	36.91	6	1.42	1	2.84	46.69	36.91	49.74	399.85	385.04	21.896	28.391	14.99	19.43	300.0	1699	0	71.93	14.1	-0.288	1.0	-0.22	2.74	1.00	0.00	0.16	111115
142	"19:06:49"	20180318	77	0	6.14	0.0545	174	3.34	4.23	36.91	6	1.42	1	2.84	46.69	36.91	49.74	399.87	385.02	21.896	28.390	14.99	19.43	300.0	1699	0	71.93	14.1	-0.288	1.0	-0.22	2.74	1.00	0.00	0.16	111115
143	"19:06:49"	20180318	77	0	6.12	0.0545	174	3.34	4.24	36.92	6	1.42	1	2.84	46.69	36.92	49.74	399.86	385.05	21.897	28.388	14.98	19.43	300.0	1699	0	71.93	14.1	-0.288	1.0	-0.22	2.74	1.00	0.00	0.16	111115
144	"19:06:50"	20180318	77	0	6.11	0.0544	175	3.34	4.24	36.92	6	1.42	1	2.84	46.69	36.92	49.73	399.86	385.05	21.896	28.385	14.98	19.42	300.0	1699	0	71.93	14.1	-0.288	1.0	-0.22	2.74	1.00	0.00	0.16	111115
145	"19:06:50"	20180318	77	0	6.11	0.0545	175	3.34	4.24	36.92	6	1.42	1	2.84	46.69	36.92	49.73	399.86	385.06	21.896	28.387	14.98	19.42	300.0	1699	0	71.93	14.1	-0.288	1.0	-0.22	2.74	1.00	0.00	0.16	111115
146	"19:06:51"	20180318	77	0	6.09	0.0545	175	3.34	4.24	36.93	6	1.42	1	2.84	46.70	36.93	49.74	399.82	385.07	21.895	28.389	14.98	19.42	300.0	1699	0	71.93	14.1	-0.288	1.0	-0.22	2.74	1.00	0.00	0.16	111115
147	"19:06:51"	20180318	77	0	6.08	0.0544	175	3.34	4.24	36.93	6	1.42	1	2.84	46.70	36.93	49.73	399.80	385.06	21.895	28.387	14.98	19.42	300.0	1699	0	71.93	14.1	-0.288	1.0	-0.22	2.74	1.00	0.00	0.16	111115
148	"19:06:52"	20180318	77	0	6.09	0.0544	175	3.34	4.24	36.94	6	1.42	1	2.84	46.70	36.94	49.74	399.80	385.04	21.896	28.384	14.98	19.41	300.0	1699	0	71.93	14.1	-0.288	1.0	-0.22	2.74	1.00	0.00	0.16	111115
149	"19:06:52"	20180318	77	0	6.09	0.0544	175	3.34	4.24	36.93	6	1.42	1	2.84	46.70	36.93	49.73	399.79	385.04	21.895	28.383	14.98	19.41	300.0	1699	0	71.93	14.1	-0.288	1.0	-0.22	2.74	1.00	0.00	0.16	111115
150	"19:06:53"	20180318	77	0	6.06	0.0544	176	3.34	4.24	36.93	6	1.42	1	2.84	46.70	36.93	49.73	399.76	385.07	21.894	28.381	14.97	19.41	300.0	1699	0	71.93	14.1	-0.288	1.0	-0.22	2.74	1.00	0.00	0.16	111115
