"OPEN 6.3.4"
"Sun Mar 18 2018 15:35:34"
<open><version>"6.3.4"</version></open>
<open><configfile>"/User/Configs/UserPrefs/LED2x3.xml"</configfile></open>
<open><light><source>"6400-02 or -02B LED Source"</source><par_in>1<sensor>"SI-2503"<cal>-0.86<actinity>1.00</actinity><transm>1.00</transm></cal></sensor><transm>1</transm></par_in><par_out>1<sensor>"Q40491"<cal>6.5</cal></sensor></par_out></light></open>
<open><comps><file>"/User/Configs/Comps/StdComps_6.1"<header>""</header><extras></extras></file><energybal>no<f_parIn>1</f_parIn><f_parOut>0</f_parOut><alphaK>0.16</alphaK></energybal><bc_total>2.840<stomatal_ratio>1</stomatal_ratio><bc_oneside>1.420<type>2</type><table>"/Sys/Lib/StdBLCTable"</table><area>6</area><slope>-0.219565</slope><offset>2.73739</offset><fan>5</fan></bc_oneside></bc_total></comps></open>
<open><prompts><onlog>off</onlog><items>"Default (none)"</items></prompts></open>
<open><constants><oxygen>21 %</oxygen><bb_vapor>1.5</bb_vapor><bb_oxy>0.9</bb_oxy></constants></open>
<open><stability><items>"Std Stability"<items[1]><id>-2</id><size>15</size><pcv><onoff>0</onoff><value>1</value></pcv><std><onoff>0</onoff><value>1</value></std><slp><onoff>1</onoff><value>1</value></slp></items[1]><items[2]><id>-5</id><size>15</size><pcv><onoff>0</onoff><value>1</value></pcv><std><onoff>0</onoff><value>1</value></std><slp><onoff>1</onoff><value>1</value></slp></items[2]><items[3]><id>-7</id><size>15</size><pcv><onoff>0</onoff><value>1</value></pcv><std><onoff>0</onoff><value>1</value></std><slp><onoff>1</onoff><value>1</value></slp></items[3]></items></stability></open>
<open><log><format>"StdLogFmt_6.0"<items>{ -35 -21 -70 -69 -76 30 23 36 21 25 221 -33 111 -34 11 -9 -10 -8 -1 -2 -4 -5 -14 -15 -7 -12 -13 -11 -65 -66 -72 -18 -19 -77 -78 -79 -23  }<hdr>{  }</hdr></items></format><options><beep>on</beep><match>"never"<time>30</time><co2>100</co2><delta>10</delta></match><hdr>normal</hdr><rem>normal</rem><stab>no</stab><stats>no<mean>no</mean><file>no</file><period>15</period></stats><excel>yes</excel><controls>yes</controls><comm>no</comm></options><datafile>"/User/031818-LHAST-AWD8931"</datafile><button><action>"Normal Log"<code>" LogOneObsManual "</code></action></button><autoprog>"/User/Configs/AutoProgs/AutoLog2"<active>no</active></autoprog></log></open>
<open><a2d><avgtime>4.0 secs</avgtime><userchans><ch20>"Off"</ch20><ch21>"Off"</ch21><ch22>"Off"</ch22><ch23>"Off"</ch23></userchans></a2d></open>
<open><matching><type>0</type><disp>'a'</disp><settings>><CO2Limit>10.0</CO2Limit><H2OLimit>1.0</H2OLimit><MaxAutoTime>60</MaxAutoTime><AverageTime>10</AverageTime></settings></matching></open>
<li6400><factory><unit>"PSC-2470"</unit><serviced>"5 Feb 2018"</serviced><fuseaware>0</fuseaware><co2mixer>yes</co2mixer><co2><coeffs>{ 0 0.214772 2.55802e-05 1.93228e-08 -3.02262e-12 2.75724e-16  }</coeffs><dvdt>-4</dvdt><xs>{ 9.11e-05 0.00178  }</xs></co2><h2o><coeffs>{ 0 0.00581526 2.16703e-06 7.69607e-12  }</coeffs><dvdt>-2.9</dvdt><xs>{ -0.000111 -0.00256  }</xs></h2o><flow>{ 0 0.3696  }</flow><press>{ 86.913 0.00551  }</press></factory></li6400>
<li6400><user><flow_zero>-42.6</flow_zero><irga_zero><co2>113.5 152.5<at>27.1329</at></co2><h2o>-3.5 -3.5<at>28.1091</at></h2o></irga_zero><irga_span><co2>{ 0.990134 0.992694  }</co2><h2o>{ 0.996743 0.99801  }</h2o></irga_span><irga_match><co2>{ 0.110267 7.35861  }</co2><h2o>{ -0.0816591 0.133813  }</h2o></irga_match><co2_mixer><pump_mv>4500</pump_mv><ppm>{ 2352.67 1117.67 439.284 266.3 121.188 70.6751 48.8233 48.8102  }</ppm><mv>{ 5000 3000 1500 1000 500 300 200 100  }</mv></co2_mixer><parin_offset>-0.211894</parin_offset><led_cal><unit>"SI-2503"</unit><mv>{ 10 25 50 100 1000 2000 3000 4000 5000  }</mv><qntm>{ 1.83047 9.20354 23.3042 57.5395 736.221 1467.2 2160.1 2821.48 3447.04  }</qntm></led_cal><lcf_cal><unit>"LCF-0981"</unit><red><mv>{ 50 100 200 400 800 1500  }</mv><qntm>{ 64.6036 145.758 312.409 661.73 1377.94 2641.23  }</qntm></red><blue><mv>{ 100 500 1000 2000 3000 4000 5000  }</mv><qntm>{ 11.107 44.4539 81.9578 145.168 203.372 256.093 300.56  }</qntm></blue></lcf_cal></user></li6400>
"15:35:36 "
$STARTOFDATA$
"Obs"	"HHMMSS"	"YYYYMMDD"	"DOY"	"EBal?"	"Photo"	"Cond"	"Ci"	"Trmmol"	"VpdL"	"CTleaf"	"Area"	"BLC_1"	"StmRat"	"BLCond"	"Tair"	"Tleaf"	"TBlk"	"CO2R"	"CO2S"	"H2OR"	"H2OS"	"RH_R"	"RH_S"	"Flow"	"PARi"	"PARo"	"Press"	"CsMch"	"HsMch"	"StableF"	"BLCslope"	"BLCoffst"	"f_parin"	"f_parout"	"alphaK"	"Status"
1	"15:36:24"	20180318	77	0	2.76	0.0339	253	0.635	1.34	15.59	6	1.42	1	2.84	9.21	15.59	6.86	400.21	394.19	4.774	6.037	29.34	37.11	300.0	1701	19	71.86	7.36	0.134	1.0	-0.22	2.74	1.00	0.00	0.16	111115
2	"15:36:24"	20180318	77	0	2.76	0.0338	253	0.635	1.34	15.59	6	1.42	1	2.84	9.21	15.59	6.86	400.22	394.20	4.774	6.037	29.35	37.11	300.0	1701	19	71.86	7.36	0.134	1.0	-0.22	2.74	1.00	0.00	0.16	111115
3	"15:36:24"	20180318	77	0	2.76	0.0338	253	0.635	1.34	15.59	6	1.42	1	2.84	9.21	15.59	6.86	400.22	394.20	4.774	6.037	29.35	37.11	300.0	1701	19	71.86	7.36	0.134	1.0	-0.22	2.74	1.00	0.00	0.16	111115
4	"15:36:25"	20180318	77	0	2.69	0.0339	256	0.636	1.34	15.59	6	1.42	1	2.84	9.21	15.59	6.86	400.18	394.29	4.774	6.038	29.34	37.11	300.0	1701	19	71.86	7.36	0.134	1.0	-0.22	2.74	1.00	0.00	0.16	111115
5	"15:36:25"	20180318	77	0	2.69	0.0339	256	0.636	1.34	15.59	6	1.42	1	2.84	9.21	15.59	6.86	400.18	394.29	4.774	6.038	29.34	37.11	300.0	1701	19	71.86	7.36	0.134	1.0	-0.22	2.74	1.00	0.00	0.16	111115
6	"15:36:26"	20180318	77	0	2.65	0.0338	258	0.634	1.34	15.59	6	1.42	1	2.84	9.21	15.59	6.86	400.15	394.36	4.774	6.035	29.35	37.10	300.0	1701	19	71.86	7.36	0.134	1.0	-0.22	2.74	1.00	0.00	0.16	111115
7	"15:36:26"	20180318	77	0	2.64	0.0338	258	0.635	1.34	15.58	6	1.42	1	2.84	9.21	15.58	6.86	400.18	394.39	4.775	6.036	29.35	37.10	300.0	1701	19	71.86	7.36	0.134	1.0	-0.22	2.74	1.00	0.00	0.16	111115
8	"15:36:27"	20180318	77	0	2.67	0.0339	257	0.635	1.34	15.57	6	1.42	1	2.84	9.21	15.57	6.86	400.21	394.36	4.775	6.038	29.35	37.11	300.0	1701	19	71.86	7.36	0.134	0.7	-0.22	2.74	1.00	0.00	0.16	111115
9	"15:36:27"	20180318	77	0	2.65	0.034	259	0.637	1.34	15.56	6	1.42	1	2.84	9.21	15.56	6.86	400.19	394.39	4.774	6.040	29.35	37.13	300.0	1701	19	71.86	7.36	0.134	0.7	-0.22	2.74	1.00	0.00	0.16	111115
10	"15:36:28"	20180318	77	0	2.61	0.0341	261	0.637	1.34	15.54	6	1.42	1	2.84	9.21	15.54	6.86	400.16	394.44	4.774	6.040	29.35	37.13	300.0	1701	19	71.86	7.36	0.134	0.7	-0.22	2.74	1.00	0.00	0.16	111115
11	"15:36:28"	20180318	77	0	2.58	0.0342	262	0.637	1.34	15.52	6	1.42	1	2.84	9.21	15.52	6.86	400.13	394.46	4.774	6.040	29.34	37.13	300.0	1701	19	71.86	7.36	0.134	0.7	-0.22	2.74	1.00	0.00	0.16	111115
12	"15:36:29"	20180318	77	0	2.6	0.0342	262	0.638	1.33	15.51	6	1.42	1	2.84	9.21	15.51	6.86	400.16	394.46	4.773	6.041	29.34	37.13	300.0	1701	19	71.86	7.36	0.134	0.7	-0.22	2.74	1.00	0.00	0.16	111115
13	"15:36:29"	20180318	77	0	2.64	0.0342	260	0.638	1.33	15.51	6	1.42	1	2.84	9.21	15.51	6.86	400.19	394.41	4.773	6.041	29.34	37.14	300.0	1701	19	71.86	7.36	0.134	0.7	-0.22	2.74	1.00	0.00	0.16	111115
14	"15:36:30"	20180318	77	0	2.68	0.0342	258	0.638	1.34	15.52	6	1.42	1	2.84	9.21	15.52	6.86	400.24	394.38	4.773	6.041	29.34	37.14	300.1	1701	19	71.86	7.36	0.134	0.7	-0.22	2.74	1.00	0.00	0.16	111115
15	"15:36:30"	20180318	77	0	2.69	0.0342	257	0.638	1.34	15.53	6	1.42	1	2.84	9.21	15.53	6.86	400.24	394.37	4.773	6.041	29.34	37.13	300.0	1701	19	71.86	7.36	0.134	0.7	-0.22	2.74	1.00	0.00	0.16	111115
"15:36:49 Coolers: Tblock -> 11.80 C"
"15:38:08 Flow: Fixed -> 300 umol/s"
16	"15:40:01"	20180318	77	0	2.63	0.0342	260	0.682	1.42	17.45	6	1.42	1	2.84	13.14	17.45	11.86	400.04	394.25	6.667	8.021	31.58	38.00	300.0	1700	16	71.87	7.36	0.134	1.0	-0.22	2.74	1.00	0.00	0.16	111115
17	"15:40:01"	20180318	77	0	2.63	0.0342	260	0.682	1.42	17.45	6	1.42	1	2.84	13.14	17.45	11.86	400.04	394.25	6.667	8.021	31.58	38.00	300.0	1700	16	71.87	7.36	0.134	1.0	-0.22	2.74	1.00	0.00	0.16	111115
18	"15:40:02"	20180318	77	0	2.63	0.0342	260	0.682	1.42	17.45	6	1.42	1	2.84	13.14	17.45	11.86	400.04	394.25	6.667	8.021	31.58	38.00	300.0	1700	16	71.87	7.36	0.134	1.0	-0.22	2.74	1.00	0.00	0.16	111115
19	"15:40:02"	20180318	77	0	2.62	0.0343	260	0.684	1.42	17.45	6	1.42	1	2.84	13.14	17.45	11.86	400.04	394.26	6.666	8.022	31.58	38.00	300.1	1700	16	71.87	7.36	0.134	1.0	-0.22	2.74	1.00	0.00	0.16	111115
20	"15:40:03"	20180318	77	0	2.61	0.0343	260	0.682	1.42	17.44	6	1.42	1	2.84	13.14	17.44	11.86	400.01	394.25	6.667	8.021	31.58	37.99	300.1	1700	16	71.87	7.36	0.134	1.0	-0.22	2.74	1.00	0.00	0.16	111115
21	"15:40:03"	20180318	77	0	2.61	0.0343	261	0.682	1.42	17.43	6	1.42	1	2.84	13.15	17.43	11.86	400.03	394.27	6.669	8.023	31.59	38.00	300.0	1700	16	71.87	7.36	0.134	1.0	-0.22	2.74	1.00	0.00	0.16	111115
22	"15:40:04"	20180318	77	0	2.62	0.0343	260	0.682	1.42	17.42	6	1.42	1	2.84	13.15	17.42	11.86	400.03	394.25	6.669	8.023	31.58	37.99	300.0	1700	16	71.87	7.36	0.134	1.0	-0.22	2.74	1.00	0.00	0.16	111115
23	"15:40:04"	20180318	77	0	2.64	0.0343	259	0.682	1.42	17.42	6	1.42	1	2.84	13.15	17.42	11.86	400.04	394.23	6.670	8.023	31.58	37.99	300.0	1700	16	71.87	7.36	0.134	1.0	-0.22	2.74	1.00	0.00	0.16	111115
24	"15:40:05"	20180318	77	0	2.64	0.0343	259	0.682	1.42	17.43	6	1.42	1	2.84	13.15	17.43	11.86	400.04	394.22	6.670	8.023	31.58	37.99	300.0	1700	16	71.87	7.36	0.134	1.0	-0.22	2.74	1.00	0.00	0.16	111115
25	"15:40:05"	20180318	77	0	2.64	0.0343	259	0.682	1.42	17.44	6	1.42	1	2.84	13.15	17.44	11.86	400.03	394.22	6.670	8.024	31.58	37.99	300.0	1700	16	71.87	7.36	0.134	1.0	-0.22	2.74	1.00	0.00	0.16	111115
26	"15:40:06"	20180318	77	0	2.64	0.0343	259	0.682	1.42	17.43	6	1.42	1	2.84	13.15	17.43	11.86	400.00	394.18	6.671	8.024	31.58	37.99	300.0	1700	16	71.87	7.36	0.134	1.0	-0.22	2.74	1.00	0.00	0.16	111115
27	"15:40:06"	20180318	77	0	2.62	0.0343	260	0.683	1.42	17.43	6	1.42	1	2.84	13.15	17.43	11.86	399.99	394.21	6.671	8.025	31.58	37.99	300.0	1700	16	71.87	7.36	0.134	1.0	-0.22	2.74	1.00	0.00	0.16	111115
28	"15:40:07"	20180318	77	0	2.62	0.0343	260	0.683	1.42	17.44	6	1.42	1	2.84	13.15	17.44	11.86	399.96	394.19	6.670	8.024	31.57	37.98	300.1	1700	17	71.87	7.36	0.134	1.0	-0.22	2.74	1.00	0.00	0.16	111115
29	"15:40:08"	20180318	77	0	2.59	0.0342	261	0.683	1.43	17.46	6	1.42	1	2.84	13.15	17.46	11.86	399.95	394.23	6.670	8.025	31.57	37.98	300.1	1700	17	71.87	7.36	0.134	1.0	-0.22	2.74	1.00	0.00	0.16	111115
30	"15:40:09"	20180318	77	0	2.58	0.0342	262	0.684	1.43	17.46	6	1.42	1	2.84	13.16	17.46	11.86	399.93	394.24	6.668	8.024	31.56	37.97	300.1	1700	17	71.87	7.36	0.134	1.0	-0.22	2.74	1.00	0.00	0.16	111115
"15:40:41 Coolers: Tblock -> 16.80 C"
"15:42:09 Flow: Fixed -> 300 umol/s"
"15:44:11 Flow: Fixed -> 300 umol/s"
31	"15:44:28"	20180318	77	0	2.77	0.032	242	0.736	1.63	19.97	6	1.42	1	2.84	17.33	19.97	16.86	399.72	393.60	8.384	9.842	30.34	35.61	300.0	1699	15	71.87	7.24	0.0897	1.0	-0.22	2.74	1.00	0.00	0.16	111115
32	"15:44:28"	20180318	77	0	2.77	0.032	242	0.736	1.63	19.97	6	1.42	1	2.84	17.33	19.97	16.86	399.72	393.60	8.384	9.842	30.34	35.61	300.0	1699	15	71.87	7.24	0.0897	1.0	-0.22	2.74	1.00	0.00	0.16	111115
33	"15:44:29"	20180318	77	0	2.74	0.032	243	0.737	1.64	19.98	6	1.42	1	2.84	17.34	19.98	16.86	399.66	393.60	8.385	9.844	30.34	35.62	300.0	1699	15	71.87	7.24	0.0897	1.0	-0.22	2.74	1.00	0.00	0.16	111115
34	"15:44:29"	20180318	77	0	2.76	0.032	243	0.738	1.64	19.99	6	1.42	1	2.84	17.34	19.99	16.86	399.65	393.56	8.385	9.845	30.34	35.62	300.0	1699	15	71.87	7.24	0.0897	1.0	-0.22	2.74	1.00	0.00	0.16	111115
35	"15:44:30"	20180318	77	0	2.75	0.0321	243	0.738	1.64	19.99	6	1.42	1	2.84	17.34	19.99	16.86	399.63	393.55	8.384	9.846	30.33	35.62	300.0	1699	15	71.87	7.24	0.0897	1.0	-0.22	2.74	1.00	0.00	0.16	111115
36	"15:44:30"	20180318	77	0	2.73	0.0321	244	0.738	1.64	19.99	6	1.42	1	2.84	17.34	19.99	16.86	399.58	393.54	8.384	9.846	30.33	35.62	300.0	1699	15	71.87	7.24	0.0897	1.0	-0.22	2.74	1.00	0.00	0.16	111115
37	"15:44:31"	20180318	77	0	2.72	0.0321	245	0.739	1.64	19.99	6	1.42	1	2.84	17.34	19.99	16.86	399.58	393.55	8.384	9.847	30.33	35.62	300.0	1699	15	71.87	7.24	0.0897	1.0	-0.22	2.74	1.00	0.00	0.16	111115
38	"15:44:31"	20180318	77	0	2.71	0.0321	246	0.739	1.64	19.99	6	1.42	1	2.84	17.34	19.99	16.86	399.54	393.55	8.384	9.848	30.33	35.62	300.0	1699	15	71.87	7.24	0.0897	1.0	-0.22	2.74	1.00	0.00	0.16	111115
39	"15:44:32"	20180318	77	0	2.71	0.0321	245	0.739	1.64	20.00	6	1.42	1	2.84	17.34	20.00	16.86	399.54	393.54	8.385	9.848	30.33	35.62	300.0	1699	15	71.87	7.24	0.0897	1.0	-0.22	2.74	1.00	0.00	0.16	111115
40	"15:44:32"	20180318	77	0	2.69	0.0322	247	0.74	1.64	19.99	6	1.42	1	2.84	17.34	19.99	16.86	399.51	393.56	8.386	9.850	30.33	35.63	300.0	1699	15	71.87	7.24	0.0897	1.0	-0.22	2.74	1.00	0.00	0.16	111115
41	"15:44:33"	20180318	77	0	2.68	0.0322	247	0.739	1.63	19.97	6	1.42	1	2.84	17.34	19.97	16.86	399.49	393.55	8.385	9.849	30.32	35.62	300.0	1699	15	71.87	7.24	0.0897	1.0	-0.22	2.74	1.00	0.00	0.16	111115
42	"15:44:33"	20180318	77	0	2.67	0.0322	248	0.739	1.63	19.96	6	1.42	1	2.84	17.34	19.96	16.87	399.47	393.55	8.385	9.849	30.32	35.62	300.0	1699	15	71.87	7.24	0.0897	1.0	-0.22	2.74	1.00	0.00	0.16	111115
43	"15:44:34"	20180318	77	0	2.68	0.0323	247	0.74	1.63	19.96	6	1.42	1	2.84	17.35	19.96	16.87	399.49	393.54	8.386	9.851	30.32	35.62	300.0	1699	15	71.87	7.24	0.0897	1.0	-0.22	2.74	1.00	0.00	0.16	111115
44	"15:44:34"	20180318	77	0	2.71	0.0323	246	0.741	1.63	19.95	6	1.42	1	2.84	17.35	19.95	16.87	399.51	393.51	8.387	9.853	30.32	35.63	300.0	1699	15	71.87	7.24	0.0897	1.0	-0.22	2.74	1.00	0.00	0.16	111115
45	"15:44:35"	20180318	77	0	2.72	0.0323	246	0.74	1.63	19.95	6	1.42	1	2.84	17.35	19.95	16.87	399.51	393.49	8.386	9.852	30.32	35.62	300.0	1699	15	71.87	7.24	0.0897	1.0	-0.22	2.74	1.00	0.00	0.16	111115
"15:45:14 Coolers: Tblock -> 21.80 C"
"15:48:38 Flow: Fixed -> 300 umol/s"
"15:50:44 Flow: Fixed -> 300 umol/s"
46	"15:52:57"	20180318	77	0	2.69	0.0271	220	0.77	2.01	23.47	6	1.42	1	2.84	21.91	23.47	21.84	400.21	394.22	10.883	12.403	29.64	33.78	300.0	1700	14	71.87	7.82	0.0905	1.0	-0.22	2.74	1.00	0.00	0.16	111115
47	"15:52:58"	20180318	77	0	2.67	0.0271	221	0.771	2.01	23.47	6	1.42	1	2.84	21.91	23.47	21.84	400.22	394.27	10.883	12.406	29.64	33.79	300.0	1700	14	71.87	7.82	0.0905	1.0	-0.22	2.74	1.00	0.00	0.16	111115
48	"15:52:59"	20180318	77	0	2.63	0.027	223	0.769	2.01	23.47	6	1.42	1	2.84	21.91	23.47	21.84	400.18	394.30	10.884	12.403	29.64	33.78	300.0	1700	14	71.87	7.82	0.0905	1.0	-0.22	2.74	1.00	0.00	0.16	111115
49	"15:52:59"	20180318	77	0	2.62	0.027	224	0.769	2.01	23.47	6	1.42	1	2.84	21.91	23.47	21.84	400.14	394.30	10.884	12.403	29.64	33.78	300.0	1700	14	71.87	7.82	0.0905	1.0	-0.22	2.74	1.00	0.00	0.16	111115
50	"15:53:00"	20180318	77	0	2.61	0.0271	225	0.771	2.01	23.47	6	1.42	1	2.84	21.91	23.47	21.84	400.16	394.33	10.884	12.406	29.64	33.79	300.0	1700	14	71.87	7.82	0.0905	1.0	-0.22	2.74	1.00	0.00	0.16	111115
51	"15:53:00"	20180318	77	0	2.6	0.0271	226	0.771	2.01	23.47	6	1.42	1	2.84	21.91	23.47	21.84	400.15	394.34	10.884	12.407	29.64	33.79	300.0	1700	14	71.87	7.82	0.0905	1.0	-0.22	2.74	1.00	0.00	0.16	111115
52	"15:53:01"	20180318	77	0	2.6	0.0271	226	0.771	2.01	23.47	6	1.42	1	2.84	21.91	23.47	21.84	400.14	394.34	10.884	12.406	29.64	33.78	300.0	1700	14	71.87	7.82	0.0905	1.0	-0.22	2.74	1.00	0.00	0.16	111115
53	"15:53:02"	20180318	77	0	2.6	0.0271	225	0.77	2.01	23.46	6	1.42	1	2.84	21.91	23.46	21.84	400.13	394.32	10.884	12.405	29.64	33.78	300.0	1700	14	71.87	7.82	0.0905	1.0	-0.22	2.74	1.00	0.00	0.16	111115
54	"15:53:02"	20180318	77	0	2.59	0.0271	226	0.77	2.01	23.46	6	1.42	1	2.84	21.91	23.46	21.84	400.14	394.36	10.884	12.405	29.63	33.78	300.0	1700	14	71.87	7.82	0.0905	1.0	-0.22	2.74	1.00	0.00	0.16	111115
55	"15:53:03"	20180318	77	0	2.56	0.0271	228	0.771	2.01	23.47	6	1.42	1	2.84	21.91	23.47	21.84	400.13	394.41	10.883	12.406	29.63	33.78	300.0	1700	14	71.87	7.82	0.0905	1.0	-0.22	2.74	1.00	0.00	0.16	111115
56	"15:53:03"	20180318	77	0	2.57	0.0271	228	0.772	2.01	23.47	6	1.42	1	2.84	21.91	23.47	21.84	400.16	394.42	10.882	12.408	29.63	33.78	300.0	1700	14	71.87	7.82	0.0905	1.0	-0.22	2.74	1.00	0.00	0.16	111115
57	"15:53:04"	20180318	77	0	2.55	0.0271	229	0.771	2.01	23.48	6	1.42	1	2.84	21.92	23.48	21.84	400.16	394.46	10.882	12.405	29.63	33.77	300.0	1700	14	71.87	7.82	0.0905	1.0	-0.22	2.74	1.00	0.00	0.16	111115
58	"15:53:05"	20180318	77	0	2.56	0.0271	228	0.772	2.01	23.48	6	1.42	1	2.84	21.92	23.48	21.84	400.17	394.44	10.882	12.408	29.63	33.78	300.0	1700	14	71.87	7.82	0.0905	1.0	-0.22	2.74	1.00	0.00	0.16	111115
59	"15:53:05"	20180318	77	0	2.54	0.0271	229	0.772	2.01	23.48	6	1.42	1	2.84	21.92	23.48	21.84	400.16	394.46	10.882	12.407	29.63	33.78	300.0	1700	13	71.87	7.82	0.0905	1.0	-0.22	2.74	1.00	0.00	0.16	111115
60	"15:53:06"	20180318	77	0	2.57	0.0271	227	0.771	2.01	23.48	6	1.42	1	2.84	21.92	23.48	21.84	400.19	394.44	10.882	12.405	29.63	33.77	300.0	1700	13	71.87	7.82	0.0905	1.0	-0.22	2.74	1.00	0.00	0.16	111115
"15:53:21 Coolers: Tblock -> 26.80 C"
"15:58:55 Flow: Fixed -> 300 umol/s"
61	"15:59:06"	20180318	77	0	2.14	0.0252	241	0.823	2.29	26.34	6	1.42	1	2.84	26.35	26.34	26.83	399.57	394.65	14.407	16.027	30.05	33.43	300.0	1700	16	71.87	8.93	0.0613	1.0	-0.22	2.74	1.00	0.00	0.16	111115
62	"15:59:06"	20180318	77	0	2.14	0.0252	241	0.823	2.29	26.34	6	1.42	1	2.84	26.35	26.34	26.83	399.57	394.65	14.407	16.027	30.05	33.43	300.0	1700	16	71.87	8.93	0.0613	1.0	-0.22	2.74	1.00	0.00	0.16	111115
63	"15:59:06"	20180318	77	0	2.16	0.0253	240	0.825	2.29	26.34	6	1.42	1	2.84	26.35	26.34	26.83	399.55	394.59	14.405	16.028	30.05	33.43	300.0	1700	16	71.87	8.93	0.0613	1.0	-0.22	2.74	1.00	0.00	0.16	111115
64	"15:59:07"	20180318	77	0	2.16	0.0253	240	0.825	2.29	26.34	6	1.42	1	2.84	26.35	26.34	26.83	399.55	394.59	14.405	16.028	30.05	33.43	300.0	1700	16	71.87	8.93	0.0613	1.0	-0.22	2.74	1.00	0.00	0.16	111115
65	"15:59:07"	20180318	77	0	2.17	0.0252	239	0.824	2.29	26.34	6	1.42	1	2.84	26.36	26.34	26.83	399.55	394.56	14.404	16.026	30.04	33.43	300.0	1700	16	71.87	8.93	0.0613	1.0	-0.22	2.74	1.00	0.00	0.16	111115
66	"15:59:08"	20180318	77	0	2.16	0.0252	240	0.824	2.29	26.35	6	1.42	1	2.84	26.36	26.35	26.83	399.56	394.59	14.406	16.027	30.05	33.43	300.0	1700	16	71.87	8.93	0.0613	1.0	-0.22	2.74	1.00	0.00	0.16	111115
67	"15:59:08"	20180318	77	0	2.19	0.0252	238	0.824	2.29	26.35	6	1.42	1	2.84	26.36	26.35	26.84	399.59	394.57	14.406	16.027	30.05	33.43	300.0	1700	16	71.87	8.93	0.0613	1.0	-0.22	2.74	1.00	0.00	0.16	111115
68	"15:59:09"	20180318	77	0	2.2	0.0252	237	0.823	2.29	26.36	6	1.42	1	2.84	26.36	26.36	26.84	399.61	394.57	14.406	16.026	30.04	33.42	300.0	1700	16	71.87	8.93	0.0613	1.0	-0.22	2.74	1.00	0.00	0.16	111115
69	"15:59:09"	20180318	77	0	2.22	0.0252	236	0.823	2.29	26.36	6	1.42	1	2.84	26.36	26.36	26.84	399.63	394.54	14.406	16.027	30.04	33.42	300.0	1700	16	71.87	8.93	0.0613	1.0	-0.22	2.74	1.00	0.00	0.16	111115
70	"15:59:10"	20180318	77	0	2.18	0.0252	238	0.823	2.29	26.36	6	1.42	1	2.84	26.36	26.36	26.84	399.60	394.60	14.407	16.027	30.04	33.42	300.0	1700	16	71.87	8.93	0.0613	1.0	-0.22	2.74	1.00	0.00	0.16	111115
71	"15:59:10"	20180318	77	0	2.2	0.0252	237	0.824	2.29	26.36	6	1.42	1	2.84	26.36	26.36	26.84	399.61	394.56	14.406	16.027	30.04	33.42	300.0	1700	16	71.87	8.93	0.0613	1.0	-0.22	2.74	1.00	0.00	0.16	111115
72	"15:59:11"	20180318	77	0	2.23	0.0252	235	0.823	2.3	26.36	6	1.42	1	2.84	26.36	26.36	26.84	399.64	394.53	14.407	16.026	30.04	33.42	300.0	1700	16	71.87	8.93	0.0613	1.0	-0.22	2.74	1.00	0.00	0.16	111115
73	"15:59:11"	20180318	77	0	2.24	0.0252	235	0.823	2.3	26.36	6	1.42	1	2.84	26.36	26.36	26.84	399.65	394.53	14.407	16.027	30.04	33.42	300.0	1700	16	71.87	8.93	0.0613	1.0	-0.22	2.74	1.00	0.00	0.16	111115
74	"15:59:12"	20180318	77	0	2.25	0.0251	234	0.823	2.3	26.37	6	1.42	1	2.84	26.36	26.37	26.84	399.64	394.50	14.406	16.025	30.04	33.41	300.0	1700	16	71.87	8.93	0.0613	1.0	-0.22	2.74	1.00	0.00	0.16	111115
75	"15:59:12"	20180318	77	0	2.23	0.0251	235	0.823	2.3	26.37	6	1.42	1	2.84	26.36	26.37	26.84	399.59	394.49	14.405	16.024	30.04	33.41	300.0	1700	16	71.87	8.93	0.0613	1.0	-0.22	2.74	1.00	0.00	0.16	111115
"15:59:27 Coolers: Tblock -> 31.80 C"
"16:03:38 Flow: Fixed -> 300 umol/s"
76	"16:03:56"	20180318	77	0	2.26	0.0256	234	0.953	2.6	28.81	6	1.42	1	2.84	30.62	28.81	31.88	399.91	394.64	17.332	19.202	28.21	31.25	299.9	1700	11	71.87	9.74	-0.000249	1.0	-0.22	2.74	1.00	0.00	0.16	111115
77	"16:03:56"	20180318	77	0	2.32	0.0256	230	0.952	2.6	28.82	6	1.42	1	2.84	30.63	28.82	31.88	399.98	394.60	17.334	19.201	28.21	31.25	299.9	1700	11	71.87	9.74	-0.000249	1.0	-0.22	2.74	1.00	0.00	0.16	111115
78	"16:03:57"	20180318	77	0	2.32	0.0256	230	0.952	2.6	28.82	6	1.42	1	2.84	30.63	28.82	31.88	399.98	394.60	17.334	19.201	28.21	31.25	299.9	1700	11	71.87	9.74	-0.000249	1.0	-0.22	2.74	1.00	0.00	0.16	111115
79	"16:03:57"	20180318	77	0	2.35	0.0256	228	0.952	2.6	28.82	6	1.42	1	2.84	30.63	28.82	31.87	400.00	394.54	17.332	19.200	28.21	31.25	299.9	1700	11	71.87	9.74	-0.000249	1.0	-0.22	2.74	1.00	0.00	0.16	111115
80	"16:03:58"	20180318	77	0	2.37	0.0256	226	0.952	2.6	28.81	6	1.42	1	2.84	30.63	28.81	31.87	400.04	394.54	17.332	19.201	28.20	31.24	299.9	1700	11	71.87	9.74	-0.000249	1.0	-0.22	2.74	1.00	0.00	0.16	111115
81	"16:03:58"	20180318	77	0	2.38	0.0256	226	0.954	2.6	28.81	6	1.42	1	2.84	30.63	28.81	31.87	400.05	394.54	17.332	19.204	28.20	31.25	299.9	1700	11	71.87	9.74	-0.000249	1.0	-0.22	2.74	1.00	0.00	0.16	111115
82	"16:03:59"	20180318	77	0	2.35	0.0256	228	0.953	2.6	28.81	6	1.42	1	2.84	30.63	28.81	31.87	400.05	394.58	17.334	19.204	28.20	31.24	299.9	1700	11	71.87	9.74	-0.000249	1.0	-0.22	2.74	1.00	0.00	0.16	111115
83	"16:03:59"	20180318	77	0	2.36	0.0256	227	0.954	2.6	28.81	6	1.42	1	2.84	30.63	28.81	31.87	400.07	394.59	17.333	19.204	28.20	31.24	299.9	1700	11	71.87	9.74	-0.000249	1.0	-0.22	2.74	1.00	0.00	0.16	111115
84	"16:04:00"	20180318	77	0	2.36	0.0257	227	0.955	2.6	28.81	6	1.42	1	2.84	30.63	28.81	31.87	400.06	394.58	17.334	19.207	28.20	31.25	299.9	1700	11	71.87	9.74	-0.000249	0.7	-0.22	2.74	1.00	0.00	0.16	111115
85	"16:04:00"	20180318	77	0	2.38	0.0257	226	0.955	2.6	28.81	6	1.42	1	2.84	30.63	28.81	31.87	400.10	394.59	17.334	19.208	28.20	31.24	299.9	1700	11	71.87	9.74	-0.000249	0.7	-0.22	2.74	1.00	0.00	0.16	111115
86	"16:04:01"	20180318	77	0	2.37	0.0257	227	0.956	2.6	28.82	6	1.42	1	2.84	30.64	28.82	31.87	400.09	394.61	17.332	19.207	28.19	31.24	300.0	1700	11	71.87	9.74	-0.000249	0.7	-0.22	2.74	1.00	0.00	0.16	111115
87	"16:04:01"	20180318	77	0	2.37	0.0257	227	0.956	2.6	28.82	6	1.42	1	2.84	30.64	28.82	31.87	400.09	394.61	17.332	19.207	28.19	31.24	300.0	1700	11	71.87	9.74	-0.000249	0.7	-0.22	2.74	1.00	0.00	0.16	111115
88	"16:04:02"	20180318	77	0	2.33	0.0257	230	0.956	2.6	28.82	6	1.42	1	2.84	30.64	28.82	31.87	400.10	394.69	17.332	19.208	28.19	31.24	300.0	1700	11	71.87	9.74	-0.000249	0.7	-0.22	2.74	1.00	0.00	0.16	111115
89	"16:04:02"	20180318	77	0	2.31	0.0257	231	0.957	2.6	28.82	6	1.42	1	2.84	30.64	28.82	31.87	400.08	394.70	17.332	19.209	28.19	31.24	300.0	1700	11	71.87	9.74	-0.000249	0.7	-0.22	2.74	1.00	0.00	0.16	111115
90	"16:04:02"	20180318	77	0	2.28	0.0257	233	0.957	2.6	28.83	6	1.42	1	2.84	30.64	28.83	31.87	400.07	394.76	17.332	19.209	28.18	31.24	300.0	1700	11	71.87	9.74	-0.000249	0.7	-0.22	2.74	1.00	0.00	0.16	111115
"16:04:15 Coolers: Tblock -> 36.80 C"
"16:04:25 Coolers: Tblock -> 31.80 C"
"16:06:01 Flow: Fixed -> 300 umol/s"
91	"16:06:09"	20180318	77	0	2.29	0.0247	226	0.917	2.59	29.38	6	1.42	1	2.84	30.86	29.38	31.85	400.14	394.83	19.400	21.195	31.16	34.04	299.9	1700	10	71.87	9.74	-0.000249	0.7	-0.22	2.74	1.00	0.00	0.16	111115
92	"16:06:10"	20180318	77	0	2.32	0.0247	225	0.918	2.59	29.38	6	1.42	1	2.84	30.86	29.38	31.85	400.14	394.77	19.400	21.198	31.16	34.05	299.9	1700	10	71.87	9.74	-0.000249	0.7	-0.22	2.74	1.00	0.00	0.16	111115
93	"16:06:10"	20180318	77	0	2.32	0.0247	225	0.918	2.59	29.38	6	1.42	1	2.84	30.86	29.38	31.85	400.14	394.77	19.400	21.198	31.16	34.05	299.9	1700	10	71.87	9.74	-0.000249	0.7	-0.22	2.74	1.00	0.00	0.16	111115
94	"16:06:11"	20180318	77	0	2.33	0.0247	224	0.919	2.59	29.39	6	1.42	1	2.84	30.86	29.39	31.86	400.16	394.76	19.401	21.200	31.16	34.05	299.9	1700	10	71.87	9.74	-0.000249	0.7	-0.22	2.74	1.00	0.00	0.16	111115
95	"16:06:11"	20180318	77	0	2.29	0.0247	227	0.918	2.59	29.39	6	1.42	1	2.84	30.86	29.39	31.86	400.13	394.81	19.402	21.201	31.16	34.05	299.9	1700	10	71.87	9.74	-0.000249	0.7	-0.22	2.74	1.00	0.00	0.16	111115
96	"16:06:11"	20180318	77	0	2.29	0.0247	227	0.918	2.59	29.39	6	1.42	1	2.84	30.86	29.39	31.86	400.12	394.82	19.403	21.199	31.16	34.05	299.9	1700	10	71.87	9.74	-0.000249	0.7	-0.22	2.74	1.00	0.00	0.16	111115
97	"16:06:12"	20180318	77	0	2.3	0.0247	226	0.918	2.59	29.40	6	1.42	1	2.84	30.86	29.40	31.86	400.16	394.83	19.403	21.200	31.16	34.05	299.9	1700	10	71.87	9.74	-0.000249	0.7	-0.22	2.74	1.00	0.00	0.16	111115
98	"16:06:12"	20180318	77	0	2.31	0.0247	225	0.918	2.59	29.40	6	1.42	1	2.84	30.86	29.40	31.86	400.17	394.83	19.403	21.199	31.16	34.05	299.9	1700	10	71.87	9.74	-0.000249	0.7	-0.22	2.74	1.00	0.00	0.16	111115
99	"16:06:13"	20180318	77	0	2.31	0.0247	225	0.918	2.59	29.40	6	1.42	1	2.84	30.86	29.40	31.86	400.17	394.83	19.403	21.199	31.16	34.05	299.9	1700	10	71.87	9.74	-0.000249	0.7	-0.22	2.74	1.00	0.00	0.16	111115
100	"16:06:13"	20180318	77	0	2.34	0.0246	223	0.917	2.59	29.40	6	1.42	1	2.84	30.86	29.40	31.86	400.20	394.80	19.404	21.199	31.16	34.04	299.9	1700	10	71.87	9.74	-0.000249	1.0	-0.22	2.74	1.00	0.00	0.16	111115
101	"16:06:14"	20180318	77	0	2.35	0.0246	222	0.916	2.59	29.40	6	1.42	1	2.84	30.86	29.40	31.87	400.22	394.79	19.403	21.197	31.16	34.04	299.9	1700	10	71.87	9.74	-0.000249	1.0	-0.22	2.74	1.00	0.00	0.16	111115
102	"16:06:14"	20180318	77	0	2.35	0.0246	222	0.916	2.59	29.40	6	1.42	1	2.84	30.86	29.40	31.87	400.23	394.81	19.404	21.197	31.16	34.04	299.9	1700	10	71.87	9.74	-0.000249	1.0	-0.22	2.74	1.00	0.00	0.16	111115
103	"16:06:15"	20180318	77	0	2.33	0.0246	224	0.916	2.59	29.40	6	1.42	1	2.84	30.86	29.40	31.87	400.21	394.83	19.404	21.197	31.16	34.04	300.0	1700	10	71.87	9.74	-0.000249	1.0	-0.22	2.74	1.00	0.00	0.16	111115
104	"16:06:15"	20180318	77	0	2.36	0.0246	222	0.916	2.59	29.40	6	1.42	1	2.84	30.86	29.40	31.87	400.24	394.79	19.403	21.196	31.15	34.03	299.9	1700	10	71.87	9.74	-0.000249	1.0	-0.22	2.74	1.00	0.00	0.16	111115
105	"16:06:16"	20180318	77	0	2.39	0.0247	220	0.917	2.59	29.40	6	1.42	1	2.84	30.86	29.40	31.87	400.28	394.77	19.403	21.199	31.15	34.04	299.9	1700	10	71.87	9.74	-0.000249	1.0	-0.22	2.74	1.00	0.00	0.16	111115
"16:06:34 Coolers: Tblock -> 36.80 C"
"16:08:16 Flow: Fixed -> 300 umol/s"
"16:09:41 Flow: Fixed -> 300 umol/s"
106	"16:10:06"	20180318	77	0	2.25	0.0241	223	1.03	2.95	32.10	6	1.42	1	2.84	35.30	32.10	36.86	399.76	394.45	23.789	25.792	29.76	32.27	299.9	1699	12	71.86	10.7	-0.143	1.0	-0.22	2.74	1.00	0.00	0.16	111115
107	"16:10:06"	20180318	77	0	2.25	0.0241	223	1.03	2.95	32.10	6	1.42	1	2.84	35.30	32.10	36.86	399.76	394.45	23.789	25.792	29.76	32.27	299.9	1699	12	71.86	10.7	-0.143	1.0	-0.22	2.74	1.00	0.00	0.16	111115
108	"16:10:07"	20180318	77	0	2.25	0.0241	223	1.03	2.95	32.10	6	1.42	1	2.84	35.30	32.10	36.86	399.76	394.45	23.789	25.792	29.76	32.27	299.9	1699	12	71.86	10.7	-0.143	1.0	-0.22	2.74	1.00	0.00	0.16	111115
109	"16:10:07"	20180318	77	0	2.27	0.0241	222	1.03	2.95	32.10	6	1.42	1	2.84	35.31	32.10	36.86	399.79	394.44	23.788	25.795	29.76	32.27	299.9	1699	13	71.86	10.7	-0.143	1.0	-0.22	2.74	1.00	0.00	0.16	111115
110	"16:10:08"	20180318	77	0	2.26	0.0241	222	1.03	2.95	32.10	6	1.42	1	2.84	35.31	32.10	36.86	399.78	394.44	23.789	25.794	29.76	32.27	299.9	1699	13	71.86	10.7	-0.143	1.0	-0.22	2.74	1.00	0.00	0.16	111115
111	"16:10:08"	20180318	77	0	2.27	0.0241	221	1.03	2.95	32.11	6	1.42	1	2.84	35.31	32.11	36.87	399.78	394.42	23.788	25.796	29.75	32.27	299.9	1699	13	71.86	10.7	-0.143	1.0	-0.22	2.74	1.00	0.00	0.16	111115
112	"16:10:09"	20180318	77	0	2.29	0.0241	220	1.03	2.95	32.12	6	1.42	1	2.84	35.31	32.12	36.87	399.78	394.39	23.789	25.795	29.75	32.26	299.9	1699	13	71.86	10.7	-0.143	1.0	-0.22	2.74	1.00	0.00	0.16	111115
113	"16:10:09"	20180318	77	0	2.27	0.0241	221	1.03	2.96	32.13	6	1.42	1	2.84	35.31	32.13	36.87	399.77	394.41	23.789	25.799	29.75	32.27	300.0	1699	13	71.86	10.7	-0.143	0.7	-0.22	2.74	1.00	0.00	0.16	111115
114	"16:10:09"	20180318	77	0	2.3	0.0241	219	1.03	2.96	32.13	6	1.42	1	2.84	35.31	32.13	36.87	399.77	394.36	23.790	25.798	29.75	32.26	300.0	1699	13	71.86	10.7	-0.143	0.7	-0.22	2.74	1.00	0.00	0.16	111115
115	"16:10:10"	20180318	77	0	2.34	0.0241	217	1.03	2.95	32.12	6	1.42	1	2.84	35.31	32.12	36.87	399.81	394.33	23.790	25.797	29.75	32.26	300.0	1699	13	71.86	10.7	-0.143	0.7	-0.22	2.74	1.00	0.00	0.16	111115
116	"16:10:10"	20180318	77	0	2.33	0.0241	217	1.03	2.95	32.12	6	1.42	1	2.84	35.31	32.12	36.87	399.84	394.35	23.790	25.797	29.75	32.26	300.0	1699	13	71.86	10.7	-0.143	0.7	-0.22	2.74	1.00	0.00	0.16	111115
117	"16:10:11"	20180318	77	0	2.37	0.0241	215	1.03	2.95	32.12	6	1.42	1	2.84	35.32	32.12	36.87	399.85	394.30	23.790	25.798	29.75	32.26	300.0	1699	13	71.86	10.7	-0.143	0.7	-0.22	2.74	1.00	0.00	0.16	111115
118	"16:10:11"	20180318	77	0	2.38	0.0241	214	1.03	2.96	32.13	6	1.42	1	2.84	35.32	32.13	36.87	399.88	394.30	23.791	25.800	29.74	32.26	300.0	1699	13	71.86	10.7	-0.143	0.7	-0.22	2.74	1.00	0.00	0.16	111115
119	"16:10:12"	20180318	77	0	2.38	0.0241	214	1.03	2.96	32.13	6	1.42	1	2.84	35.32	32.13	36.87	399.88	394.31	23.790	25.800	29.74	32.25	300.0	1699	13	71.86	10.7	-0.143	0.7	-0.22	2.74	1.00	0.00	0.16	111115
120	"16:10:12"	20180318	77	0	2.36	0.0241	216	1.03	2.96	32.13	6	1.42	1	2.84	35.32	32.13	36.87	399.85	394.32	23.790	25.802	29.74	32.25	300.0	1699	13	71.86	10.7	-0.143	0.7	-0.22	2.74	1.00	0.00	0.16	111115
"16:10:31 Coolers: Tblock -> 41.80 C"
"16:12:37 Flow: Fixed -> 300 umol/s"
121	"16:12:55"	20180318	77	0	1.95	0.0251	242	1.31	3.6	34.50	6	1.42	1	2.84	39.54	34.50	41.86	399.57	394.62	23.775	26.332	23.62	26.16	299.9	1699	12	71.86	11.5	-0.185	1.0	-0.22	2.74	1.00	0.00	0.16	111115
122	"16:12:56"	20180318	77	0	1.95	0.0251	242	1.31	3.6	34.50	6	1.42	1	2.84	39.54	34.50	41.86	399.57	394.62	23.775	26.332	23.62	26.16	299.9	1699	12	71.86	11.5	-0.185	1.0	-0.22	2.74	1.00	0.00	0.16	111115
123	"16:12:56"	20180318	77	0	1.94	0.0251	243	1.31	3.6	34.50	6	1.42	1	2.84	39.54	34.50	41.86	399.51	394.60	23.775	26.334	23.62	26.16	299.9	1699	12	71.86	11.5	-0.185	1.0	-0.22	2.74	1.00	0.00	0.16	111115
124	"16:12:56"	20180318	77	0	1.95	0.0251	243	1.32	3.6	34.51	6	1.42	1	2.84	39.54	34.51	41.86	399.52	394.58	23.776	26.338	23.62	26.16	299.9	1699	12	71.86	11.5	-0.185	1.0	-0.22	2.74	1.00	0.00	0.16	111115
125	"16:12:57"	20180318	77	0	1.98	0.0251	241	1.32	3.61	34.51	6	1.42	1	2.84	39.55	34.51	41.86	399.55	394.57	23.777	26.338	23.62	26.16	299.9	1699	12	71.86	11.5	-0.185	1.0	-0.22	2.74	1.00	0.00	0.16	111115
126	"16:12:57"	20180318	77	0	2	0.0251	240	1.32	3.61	34.52	6	1.42	1	2.84	39.55	34.52	41.86	399.56	394.53	23.776	26.342	23.61	26.16	299.9	1700	12	71.86	11.5	-0.185	1.0	-0.22	2.74	1.00	0.00	0.16	111115
127	"16:12:58"	20180318	77	0	2.01	0.0251	239	1.32	3.61	34.52	6	1.42	1	2.84	39.55	34.52	41.86	399.57	394.51	23.777	26.345	23.61	26.16	299.9	1700	12	71.86	11.5	-0.185	1.0	-0.22	2.74	1.00	0.00	0.16	111115
128	"16:12:58"	20180318	77	0	2.03	0.0251	237	1.32	3.61	34.53	6	1.42	1	2.84	39.55	34.53	41.87	399.57	394.47	23.777	26.345	23.61	26.16	299.9	1700	12	71.86	11.5	-0.185	1.0	-0.22	2.74	1.00	0.00	0.16	111115
129	"16:12:59"	20180318	77	0	2.03	0.0251	237	1.32	3.61	34.53	6	1.42	1	2.84	39.55	34.53	41.87	399.57	394.46	23.777	26.342	23.60	26.15	299.9	1700	12	71.86	11.5	-0.185	1.0	-0.22	2.74	1.00	0.00	0.16	111115
130	"16:12:59"	20180318	77	0	2.05	0.0251	236	1.32	3.61	34.54	6	1.42	1	2.84	39.56	34.54	41.87	399.57	394.42	23.776	26.347	23.60	26.15	299.9	1700	12	71.86	11.5	-0.185	1.0	-0.22	2.74	1.00	0.00	0.16	111115
131	"16:13:00"	20180318	77	0	2.06	0.0251	235	1.32	3.62	34.55	6	1.42	1	2.84	39.56	34.55	41.87	399.57	394.40	23.776	26.345	23.60	26.15	299.9	1700	12	71.86	11.5	-0.185	1.0	-0.22	2.74	1.00	0.00	0.16	111115
132	"16:13:00"	20180318	77	0	2.04	0.025	236	1.32	3.62	34.56	6	1.42	1	2.84	39.56	34.56	41.87	399.52	394.39	23.777	26.344	23.59	26.14	299.9	1699	12	71.86	11.5	-0.185	1.0	-0.22	2.74	1.00	0.00	0.16	111115
133	"16:13:01"	20180318	77	0	2.04	0.025	236	1.32	3.62	34.56	6	1.42	1	2.84	39.56	34.56	41.87	399.52	394.39	23.777	26.344	23.59	26.14	299.9	1699	12	71.86	11.5	-0.185	1.0	-0.22	2.74	1.00	0.00	0.16	111115
134	"16:13:01"	20180318	77	0	2.04	0.025	236	1.32	3.62	34.57	6	1.42	1	2.84	39.57	34.57	41.87	399.48	394.35	23.776	26.343	23.59	26.14	300.0	1699	12	71.86	11.5	-0.185	0.7	-0.22	2.74	1.00	0.00	0.16	111115
135	"16:13:02"	20180318	77	0	2.04	0.025	236	1.32	3.62	34.57	6	1.42	1	2.84	39.57	34.57	41.87	399.46	394.34	23.777	26.344	23.59	26.13	300.0	1699	12	71.86	11.5	-0.185	0.7	-0.22	2.74	1.00	0.00	0.16	111115
"16:13:16 Coolers: Tblock -> 46.80 C"
"16:14:56 Flow: Fixed -> 300 umol/s"
136	"16:15:33"	20180318	77	0	2.33	0.0248	212	1.57	4.34	36.89	6	1.42	1	2.84	43.93	36.89	46.86	400.25	394.35	23.735	26.799	18.70	21.12	299.9	1699	12	71.86	12.5	-0.228	1.0	-0.22	2.74	1.00	0.00	0.16	111115
137	"16:15:34"	20180318	77	0	2.37	0.0247	209	1.57	4.35	36.90	6	1.42	1	2.84	43.93	36.90	46.86	400.29	394.30	23.735	26.796	18.70	21.11	299.9	1699	12	71.86	12.5	-0.228	1.0	-0.22	2.74	1.00	0.00	0.16	111115
138	"16:15:34"	20180318	77	0	2.37	0.0247	209	1.57	4.35	36.90	6	1.42	1	2.84	43.93	36.90	46.86	400.29	394.30	23.735	26.796	18.70	21.11	299.9	1699	12	71.86	12.5	-0.228	1.0	-0.22	2.74	1.00	0.00	0.16	111115
139	"16:15:35"	20180318	77	0	2.37	0.0247	209	1.57	4.35	36.91	6	1.42	1	2.84	43.94	36.91	46.86	400.27	394.30	23.736	26.798	18.70	21.11	300.0	1699	12	71.86	12.5	-0.228	1.0	-0.22	2.74	1.00	0.00	0.16	111115
140	"16:15:35"	20180318	77	0	2.41	0.0247	207	1.57	4.35	36.91	6	1.42	1	2.84	43.94	36.91	46.86	400.30	394.25	23.738	26.801	18.70	21.11	300.0	1699	12	71.86	12.5	-0.228	1.0	-0.22	2.74	1.00	0.00	0.16	111115
141	"16:15:36"	20180318	77	0	2.42	0.0247	205	1.57	4.35	36.91	6	1.42	1	2.84	43.94	36.91	46.86	400.29	394.21	23.738	26.798	18.70	21.11	299.9	1699	12	71.86	12.5	-0.228	1.0	-0.22	2.74	1.00	0.00	0.16	111115
142	"16:15:36"	20180318	77	0	2.4	0.0247	207	1.57	4.35	36.91	6	1.42	1	2.84	43.94	36.91	46.86	400.25	394.21	23.738	26.800	18.69	21.10	299.9	1699	12	71.86	12.5	-0.228	1.0	-0.22	2.74	1.00	0.00	0.16	111115
143	"16:15:37"	20180318	77	0	2.41	0.0248	206	1.58	4.35	36.91	6	1.42	1	2.84	43.95	36.91	46.86	400.25	394.18	23.736	26.803	18.69	21.10	299.9	1699	12	71.86	12.5	-0.228	1.0	-0.22	2.74	1.00	0.00	0.16	111115
144	"16:15:37"	20180318	77	0	2.38	0.0248	208	1.58	4.35	36.92	6	1.42	1	2.84	43.95	36.92	46.86	400.19	394.19	23.736	26.804	18.69	21.10	299.9	1699	12	71.86	12.5	-0.228	1.0	-0.22	2.74	1.00	0.00	0.16	111115
145	"16:15:38"	20180318	77	0	2.35	0.0247	210	1.58	4.35	36.92	6	1.42	1	2.84	43.95	36.92	46.86	400.18	394.24	23.736	26.803	18.69	21.10	299.9	1698	12	71.86	12.5	-0.228	1.0	-0.22	2.74	1.00	0.00	0.16	111115
146	"16:15:38"	20180318	77	0	2.38	0.0247	208	1.58	4.35	36.93	6	1.42	1	2.84	43.95	36.93	46.86	400.24	394.23	23.736	26.804	18.68	21.10	299.9	1698	12	71.86	12.5	-0.228	1.0	-0.22	2.74	1.00	0.00	0.16	111115
147	"16:15:39"	20180318	77	0	2.38	0.0247	208	1.58	4.36	36.94	6	1.42	1	2.84	43.95	36.94	46.85	400.26	394.26	23.734	26.801	18.68	21.09	299.9	1698	12	71.86	12.5	-0.228	1.0	-0.22	2.74	1.00	0.00	0.16	111115
148	"16:15:39"	20180318	77	0	2.37	0.0247	209	1.58	4.36	36.95	6	1.42	1	2.84	43.96	36.95	46.85	400.28	394.29	23.733	26.806	18.68	21.09	299.9	1699	12	71.86	12.5	-0.228	1.0	-0.22	2.74	1.00	0.00	0.16	111115
149	"16:15:40"	20180318	77	0	2.35	0.0247	210	1.58	4.37	36.96	6	1.42	1	2.84	43.96	36.96	46.85	400.28	394.34	23.732	26.807	18.67	21.09	299.9	1699	12	71.86	12.5	-0.228	1.0	-0.22	2.74	1.00	0.00	0.16	111115
150	"16:15:40"	20180318	77	0	2.34	0.0247	210	1.58	4.37	36.96	6	1.42	1	2.84	43.96	36.96	46.85	400.28	394.35	23.731	26.804	18.67	21.09	299.9	1699	11	71.86	12.5	-0.228	1.0	-0.22	2.74	1.00	0.00	0.16	111115
"16:15:50 Coolers: Tblock -> 50.00 C"
"16:17:44 Flow: Fixed -> 300 umol/s"
151	"16:18:07"	20180318	77	0	1.5	0.0241	257	1.76	4.96	38.67	6	1.42	1	2.84	46.66	38.67	49.75	399.97	395.58	23.664	27.087	16.20	18.54	300.0	1699	12	71.86	14.1	-0.208	1.0	-0.22	2.74	1.00	0.00	0.16	111115
152	"16:18:08"	20180318	77	0	1.51	0.0241	256	1.76	4.96	38.67	6	1.42	1	2.84	46.67	38.67	49.75	399.98	395.56	23.664	27.086	16.20	18.54	300.0	1699	12	71.86	14.1	-0.208	1.0	-0.22	2.74	1.00	0.00	0.16	111115
153	"16:18:08"	20180318	77	0	1.51	0.0241	256	1.76	4.96	38.67	6	1.42	1	2.84	46.67	38.67	49.75	399.98	395.56	23.664	27.086	16.20	18.54	300.0	1699	12	71.86	14.1	-0.208	1.0	-0.22	2.74	1.00	0.00	0.16	111115
154	"16:18:09"	20180318	77	0	1.49	0.0241	258	1.76	4.96	38.67	6	1.42	1	2.84	46.67	38.67	49.75	399.96	395.59	23.664	27.083	16.20	18.54	300.0	1699	12	71.86	14.1	-0.208	1.0	-0.22	2.74	1.00	0.00	0.16	111115
155	"16:18:09"	20180318	77	0	1.49	0.0241	258	1.76	4.95	38.66	6	1.42	1	2.84	46.67	38.66	49.75	399.97	395.60	23.664	27.083	16.19	18.53	300.0	1699	12	71.86	14.1	-0.208	1.0	-0.22	2.74	1.00	0.00	0.16	111115
156	"16:18:10"	20180318	77	0	1.49	0.0242	258	1.76	4.95	38.64	6	1.42	1	2.84	46.67	38.64	49.75	399.97	395.61	23.664	27.083	16.19	18.53	300.0	1699	12	71.86	14.1	-0.208	1.0	-0.22	2.74	1.00	0.00	0.16	111115
157	"16:18:10"	20180318	77	0	1.5	0.0242	258	1.76	4.94	38.63	6	1.42	1	2.84	46.67	38.63	49.75	400.00	395.62	23.663	27.079	16.19	18.53	300.0	1699	12	71.86	14.1	-0.208	1.0	-0.22	2.74	1.00	0.00	0.16	111115
158	"16:18:11"	20180318	77	0	1.54	0.0241	255	1.75	4.94	38.63	6	1.42	1	2.84	46.68	38.63	49.75	400.05	395.59	23.663	27.077	16.19	18.52	300.0	1699	12	71.86	14.1	-0.208	1.0	-0.22	2.74	1.00	0.00	0.16	111115
159	"16:18:11"	20180318	77	0	1.55	0.0241	254	1.76	4.95	38.65	6	1.42	1	2.84	46.68	38.65	49.75	400.07	395.58	23.662	27.078	16.19	18.52	300.0	1699	12	71.86	14.1	-0.208	1.0	-0.22	2.74	1.00	0.00	0.16	111115
160	"16:18:12"	20180318	77	0	1.58	0.0241	252	1.75	4.95	38.66	6	1.42	1	2.84	46.68	38.66	49.75	400.07	395.53	23.661	27.074	16.18	18.52	300.0	1699	12	71.86	14.1	-0.208	1.0	-0.22	2.74	1.00	0.00	0.16	111115
161	"16:18:12"	20180318	77	0	1.56	0.024	253	1.75	4.96	38.67	6	1.42	1	2.84	46.69	38.67	49.75	400.04	395.53	23.663	27.071	16.18	18.51	300.0	1699	12	71.86	14.1	-0.208	1.0	-0.22	2.74	1.00	0.00	0.16	111115
162	"16:18:12"	20180318	77	0	1.58	0.0241	252	1.75	4.95	38.66	6	1.42	1	2.84	46.69	38.66	49.75	400.06	395.52	23.663	27.074	16.18	18.51	300.0	1699	12	71.86	14.1	-0.208	1.0	-0.22	2.74	1.00	0.00	0.16	111115
163	"16:18:13"	20180318	77	0	1.57	0.0241	252	1.75	4.95	38.65	6	1.42	1	2.84	46.69	38.65	49.75	400.04	395.51	23.665	27.079	16.18	18.51	300.0	1699	12	71.86	14.1	-0.208	1.0	-0.22	2.74	1.00	0.00	0.16	111115
164	"16:18:13"	20180318	77	0	1.59	0.0241	251	1.76	4.95	38.66	6	1.42	1	2.84	46.69	38.66	49.75	400.06	395.49	23.666	27.082	16.18	18.51	300.0	1699	12	71.86	14.1	-0.208	1.0	-0.22	2.74	1.00	0.00	0.16	111115
165	"16:18:14"	20180318	77	0	1.59	0.0241	251	1.76	4.95	38.66	6	1.42	1	2.84	46.69	38.66	49.75	400.06	395.49	23.666	27.082	16.18	18.51	300.0	1699	12	71.86	14.1	-0.208	1.0	-0.22	2.74	1.00	0.00	0.16	111115
"16:18:23 Flow: Fixed -> 200 umol/s"
"16:19:15 Flow: Fixed -> 200 umol/s"
166	"16:19:18"	20180318	77	0	1.44	0.0228	253	1.69	5.03	39.20	6	1.42	1	2.84	46.88	39.20	49.72	399.69	393.37	23.866	28.799	16.16	19.50	199.7	1699	13	71.85	14.1	-0.208	1.0	-0.22	2.74	1.00	0.00	0.16	111115
167	"16:19:19"	20180318	77	0	1.45	0.023	253	1.71	5.03	39.19	6	1.42	1	2.84	46.88	39.19	49.72	399.75	393.37	23.826	28.801	16.13	19.50	199.7	1698	13	71.85	14.1	-0.208	1.0	-0.22	2.74	1.00	0.00	0.16	111115
168	"16:19:20"	20180318	77	0	1.5	0.0235	252	1.75	5.03	39.19	6	1.42	1	2.84	46.88	39.19	49.72	399.91	393.36	23.708	28.800	16.05	19.50	199.7	1698	13	71.85	14.1	-0.208	1.0	-0.22	2.74	1.00	0.00	0.16	111115
169	"16:19:20"	20180318	77	0	1.47	0.0236	254	1.75	5.03	39.19	6	1.42	1	2.84	46.88	39.19	49.72	399.89	393.40	23.704	28.800	16.05	19.50	199.7	1698	13	71.86	14.1	-0.208	1.0	-0.22	2.74	1.00	0.00	0.16	111115
170	"16:19:21"	20180318	77	0	1.47	0.0236	254	1.75	5.03	39.19	6	1.42	1	2.84	46.88	39.19	49.72	399.89	393.40	23.704	28.800	16.05	19.50	199.7	1698	13	71.86	14.1	-0.208	1.0	-0.22	2.74	1.00	0.00	0.16	111115
171	"16:19:21"	20180318	77	0	1.47	0.0236	254	1.75	5.03	39.19	6	1.42	1	2.84	46.88	39.19	49.72	399.89	393.40	23.704	28.800	16.05	19.50	199.7	1698	13	71.86	14.1	-0.208	1.0	-0.22	2.74	1.00	0.00	0.16	111115
172	"16:19:21"	20180318	77	0	1.48	0.0236	254	1.75	5.02	39.17	6	1.42	1	2.84	46.88	39.17	49.73	399.90	393.39	23.704	28.805	16.05	19.50	199.7	1698	13	71.85	14.1	-0.208	1.0	-0.22	2.74	1.00	0.00	0.16	111115
173	"16:19:22"	20180318	77	0	1.5	0.0236	252	1.75	5.02	39.17	6	1.42	1	2.84	46.88	39.17	49.73	399.93	393.34	23.705	28.809	16.05	19.50	199.7	1698	13	71.85	14.1	-0.208	1.0	-0.22	2.74	1.00	0.00	0.16	111115
174	"16:19:22"	20180318	77	0	1.53	0.0236	251	1.75	5.02	39.15	6	1.42	1	2.84	46.88	39.15	49.73	399.97	393.30	23.706	28.807	16.05	19.50	199.7	1699	13	71.85	14.1	-0.208	1.0	-0.22	2.74	1.00	0.00	0.16	111115
175	"16:19:23"	20180318	77	0	1.56	0.0237	249	1.75	5.01	39.15	6	1.42	1	2.84	46.89	39.15	49.73	400.01	393.27	23.707	28.809	16.04	19.50	199.7	1699	13	71.85	14.1	-0.208	1.0	-0.22	2.74	1.00	0.00	0.16	111115
176	"16:19:23"	20180318	77	0	1.57	0.0237	248	1.75	5.01	39.14	6	1.42	1	2.84	46.89	39.14	49.73	400.04	393.26	23.706	28.807	16.04	19.50	199.7	1699	13	71.85	14.1	-0.208	1.0	-0.22	2.74	1.00	0.00	0.16	111115
177	"16:19:24"	20180318	77	0	1.56	0.0236	248	1.75	5.02	39.16	6	1.42	1	2.84	46.89	39.16	49.73	400.01	393.25	23.706	28.805	16.04	19.49	199.7	1699	13	71.85	14.1	-0.208	1.0	-0.22	2.74	1.00	0.00	0.16	111115
178	"16:19:24"	20180318	77	0	1.55	0.0236	250	1.75	5.02	39.16	6	1.42	1	2.84	46.89	39.16	49.73	400.01	393.30	23.705	28.804	16.04	19.49	199.7	1699	13	71.85	14.1	-0.208	1.0	-0.22	2.74	1.00	0.00	0.16	111115
179	"16:19:25"	20180318	77	0	1.55	0.0236	249	1.75	5.02	39.18	6	1.42	1	2.84	46.89	39.18	49.73	400.02	393.30	23.705	28.807	16.04	19.49	199.7	1699	13	71.85	14.1	-0.208	1.0	-0.22	2.74	1.00	0.00	0.16	111115
180	"16:19:25"	20180318	77	0	1.54	0.0235	250	1.75	5.03	39.19	6	1.42	1	2.84	46.90	39.19	49.73	399.99	393.31	23.705	28.802	16.04	19.48	199.7	1700	13	71.85	14.1	-0.208	1.0	-0.22	2.74	1.00	0.00	0.16	111115
