"OPEN 6.3.4"
"Sun Mar 18 2018 11:36:00"
<open><version>"6.3.4"</version></open>
<open><configfile>"/User/Configs/UserPrefs/LED2x3.xml"</configfile></open>
<open><light><source>"6400-02 or -02B LED Source"</source><par_in>1<sensor>"SI-2503"<cal>-0.86<actinity>1.00</actinity><transm>1.00</transm></cal></sensor><transm>1</transm></par_in><par_out>1<sensor>"Q40491"<cal>6.5</cal></sensor></par_out></light></open>
<open><comps><file>"/User/Configs/Comps/StdComps_6.1"<header>""</header><extras></extras></file><energybal>no<f_parIn>1</f_parIn><f_parOut>0</f_parOut><alphaK>0.16</alphaK></energybal><bc_total>2.840<stomatal_ratio>1</stomatal_ratio><bc_oneside>1.420<type>2</type><table>"/Sys/Lib/StdBLCTable"</table><area>6</area><slope>-0.219565</slope><offset>2.73739</offset><fan>5</fan></bc_oneside></bc_total></comps></open>
<open><prompts><onlog>off</onlog><items>"Default (none)"</items></prompts></open>
<open><constants><oxygen>21 %</oxygen><bb_vapor>1.5</bb_vapor><bb_oxy>0.9</bb_oxy></constants></open>
<open><stability><items>"Std Stability"<items[1]><id>-2</id><size>15</size><pcv><onoff>0</onoff><value>1</value></pcv><std><onoff>0</onoff><value>1</value></std><slp><onoff>1</onoff><value>1</value></slp></items[1]><items[2]><id>-5</id><size>15</size><pcv><onoff>0</onoff><value>1</value></pcv><std><onoff>0</onoff><value>1</value></std><slp><onoff>1</onoff><value>1</value></slp></items[2]><items[3]><id>-7</id><size>15</size><pcv><onoff>0</onoff><value>1</value></pcv><std><onoff>0</onoff><value>1</value></std><slp><onoff>1</onoff><value>1</value></slp></items[3]></items></stability></open>
<open><log><format>"StdLogFmt_6.0"<items>{ -35 -21 -70 -69 -76 30 23 36 21 25 221 -33 111 -34 11 -9 -10 -8 -1 -2 -4 -5 -14 -15 -7 -12 -13 -11 -65 -66 -72 -18 -19 -77 -78 -79 -23  }<hdr>{  }</hdr></items></format><options><beep>on</beep><match>"never"<time>30</time><co2>100</co2><delta>10</delta></match><hdr>normal</hdr><rem>normal</rem><stab>no</stab><stats>no<mean>no</mean><file>no</file><period>15</period></stats><excel>yes</excel><controls>yes</controls><comm>no</comm></options><datafile>"/User/031818-LHAST-BLB0373"</datafile><button><action>"Normal Log"<code>" LogOneObsManual "</code></action></button><autoprog>"/User/Configs/AutoProgs/AutoLog2"<active>no</active></autoprog></log></open>
<open><a2d><avgtime>4.0 secs</avgtime><userchans><ch20>"Off"</ch20><ch21>"Off"</ch21><ch22>"Off"</ch22><ch23>"Off"</ch23></userchans></a2d></open>
<open><matching><type>0</type><disp>'a'</disp><settings>><CO2Limit>10.0</CO2Limit><H2OLimit>1.0</H2OLimit><MaxAutoTime>60</MaxAutoTime><AverageTime>10</AverageTime></settings></matching></open>
<li6400><factory><unit>"PSC-2470"</unit><serviced>"5 Feb 2018"</serviced><fuseaware>0</fuseaware><co2mixer>yes</co2mixer><co2><coeffs>{ 0 0.214772 2.55802e-05 1.93228e-08 -3.02262e-12 2.75724e-16  }</coeffs><dvdt>-4</dvdt><xs>{ 9.11e-05 0.00178  }</xs></co2><h2o><coeffs>{ 0 0.00581526 2.16703e-06 7.69607e-12  }</coeffs><dvdt>-2.9</dvdt><xs>{ -0.000111 -0.00256  }</xs></h2o><flow>{ 0 0.3696  }</flow><press>{ 86.913 0.00551  }</press></factory></li6400>
<li6400><user><flow_zero>-42.6</flow_zero><irga_zero><co2>113.5 152.5<at>27.1329</at></co2><h2o>-3.5 -3.5<at>28.1091</at></h2o></irga_zero><irga_span><co2>{ 0.990134 0.992694  }</co2><h2o>{ 0.996743 0.99801  }</h2o></irga_span><irga_match><co2>{ 0.110267 6.97254  }</co2><h2o>{ -0.0816591 0.115702  }</h2o></irga_match><co2_mixer><pump_mv>4500</pump_mv><ppm>{ 2352.67 1117.67 439.284 266.3 121.188 70.6751 48.8233 48.8102  }</ppm><mv>{ 5000 3000 1500 1000 500 300 200 100  }</mv></co2_mixer><parin_offset>-0.211894</parin_offset><led_cal><unit>"SI-2503"</unit><mv>{ 10 25 50 100 1000 2000 3000 4000 5000  }</mv><qntm>{ 1.83047 9.20354 23.3042 57.5395 736.221 1467.2 2160.1 2821.48 3447.04  }</qntm></led_cal><lcf_cal><unit>"LCF-0981"</unit><red><mv>{ 50 100 200 400 800 1500  }</mv><qntm>{ 64.6036 145.758 312.409 661.73 1377.94 2641.23  }</qntm></red><blue><mv>{ 100 500 1000 2000 3000 4000 5000  }</mv><qntm>{ 11.107 44.4539 81.9578 145.168 203.372 256.093 300.56  }</qntm></blue></lcf_cal></user></li6400>
"11:36:02 "
$STARTOFDATA$
"Obs"	"HHMMSS"	"YYYYMMDD"	"DOY"	"EBal?"	"Photo"	"Cond"	"Ci"	"Trmmol"	"VpdL"	"CTleaf"	"Area"	"BLC_1"	"StmRat"	"BLCond"	"Tair"	"Tleaf"	"TBlk"	"CO2R"	"CO2S"	"H2OR"	"H2OS"	"RH_R"	"RH_S"	"Flow"	"PARi"	"PARo"	"Press"	"CsMch"	"HsMch"	"StableF"	"BLCslope"	"BLCoffst"	"f_parin"	"f_parout"	"alphaK"	"Status"
1	"11:36:08"	20180318	77	0	5.71	0.0784	265	1.28	1.19	13.97	6	1.42	1	2.84	8.68	13.97	6.43	400.85	393.39	4.169	5.693	26.69	36.44	499.6	1701	20	72.18	6.97	0.116	1.0	-0.22	2.74	1.00	0.00	0.16	111115
2	"11:36:09"	20180318	77	0	5.7	0.0785	266	1.28	1.19	13.97	6	1.42	1	2.84	8.68	13.97	6.43	400.84	393.40	4.170	5.695	26.69	36.46	499.6	1701	21	72.18	6.97	0.116	1.0	-0.22	2.74	1.00	0.00	0.16	111115
3	"11:36:09"	20180318	77	0	5.69	0.0785	266	1.28	1.19	13.96	6	1.42	1	2.84	8.68	13.96	6.43	400.83	393.38	4.171	5.695	26.70	36.46	499.6	1701	20	72.18	6.97	0.116	1.0	-0.22	2.74	1.00	0.00	0.16	111115
4	"11:36:10"	20180318	77	0	5.7	0.0786	266	1.28	1.19	13.96	6	1.42	1	2.84	8.68	13.96	6.43	400.81	393.36	4.171	5.698	26.70	36.47	499.6	1701	20	72.18	6.97	0.116	1.0	-0.22	2.74	1.00	0.00	0.16	111115
5	"11:36:10"	20180318	77	0	5.7	0.0786	266	1.28	1.19	13.96	6	1.42	1	2.84	8.68	13.96	6.43	400.81	393.36	4.171	5.698	26.70	36.47	499.6	1701	20	72.18	6.97	0.116	1.0	-0.22	2.74	1.00	0.00	0.16	111115
6	"11:36:11"	20180318	77	0	5.64	0.0788	267	1.28	1.19	13.95	6	1.42	1	2.84	8.68	13.95	6.43	400.77	393.39	4.171	5.699	26.70	36.48	499.6	1701	21	72.18	6.97	0.116	1.0	-0.22	2.74	1.00	0.00	0.16	111115
7	"11:36:11"	20180318	77	0	5.64	0.0788	267	1.28	1.19	13.95	6	1.42	1	2.84	8.68	13.95	6.43	400.77	393.39	4.171	5.699	26.70	36.48	499.6	1701	21	72.18	6.97	0.116	1.0	-0.22	2.74	1.00	0.00	0.16	111115
8	"11:36:12"	20180318	77	0	5.64	0.0788	267	1.28	1.19	13.95	6	1.42	1	2.84	8.68	13.95	6.43	400.78	393.40	4.171	5.699	26.70	36.49	499.6	1701	21	72.18	6.97	0.116	1.0	-0.22	2.74	1.00	0.00	0.16	111115
9	"11:36:12"	20180318	77	0	5.66	0.0788	267	1.28	1.19	13.95	6	1.42	1	2.84	8.68	13.95	6.43	400.81	393.41	4.171	5.700	26.70	36.49	499.6	1701	21	72.18	6.97	0.116	1.0	-0.22	2.74	1.00	0.00	0.16	111115
10	"11:36:13"	20180318	77	0	5.64	0.079	268	1.28	1.19	13.95	6	1.42	1	2.84	8.68	13.95	6.44	400.80	393.42	4.170	5.701	26.70	36.50	499.6	1701	20	72.18	6.97	0.116	1.0	-0.22	2.74	1.00	0.00	0.16	111115
11	"11:36:13"	20180318	77	0	5.61	0.0791	268	1.28	1.19	13.94	6	1.42	1	2.84	8.68	13.94	6.44	400.77	393.43	4.169	5.700	26.69	36.49	499.6	1701	20	72.18	6.97	0.116	1.0	-0.22	2.74	1.00	0.00	0.16	111115
12	"11:36:14"	20180318	77	0	5.64	0.0791	268	1.28	1.19	13.94	6	1.42	1	2.84	8.68	13.94	6.44	400.78	393.41	4.169	5.701	26.69	36.50	499.6	1701	20	72.18	6.97	0.116	1.0	-0.22	2.74	1.00	0.00	0.16	111115
13	"11:36:14"	20180318	77	0	5.62	0.0791	268	1.28	1.19	13.94	6	1.42	1	2.84	8.68	13.94	6.44	400.80	393.44	4.168	5.700	26.69	36.49	499.6	1701	20	72.18	6.97	0.116	1.0	-0.22	2.74	1.00	0.00	0.16	111115
14	"11:36:15"	20180318	77	0	5.62	0.0791	268	1.28	1.19	13.94	6	1.42	1	2.84	8.68	13.94	6.44	400.81	393.46	4.169	5.700	26.69	36.49	499.6	1701	20	72.18	6.97	0.116	1.0	-0.22	2.74	1.00	0.00	0.16	111115
15	"11:36:15"	20180318	77	0	5.62	0.0791	268	1.28	1.19	13.94	6	1.42	1	2.84	8.68	13.94	6.44	400.81	393.46	4.169	5.700	26.69	36.49	499.6	1701	20	72.18	6.97	0.116	1.0	-0.22	2.74	1.00	0.00	0.16	111115
"11:36:59 Flow: Fixed -> 500 umol/s"
16	"11:37:06"	20180318	77	0	5.72	0.0801	267	1.3	1.18	13.94	6	1.42	1	2.84	8.70	13.94	6.49	400.13	392.64	4.181	5.729	26.72	36.61	499.6	1700	19	72.17	6.97	0.116	1.0	-0.22	2.74	1.00	0.00	0.16	111115
17	"11:37:06"	20180318	77	0	5.72	0.08	267	1.29	1.18	13.93	6	1.42	1	2.84	8.70	13.93	6.49	400.11	392.63	4.181	5.726	26.72	36.59	499.6	1700	19	72.17	6.97	0.116	1.0	-0.22	2.74	1.00	0.00	0.16	111115
18	"11:37:07"	20180318	77	0	5.72	0.08	267	1.29	1.18	13.93	6	1.42	1	2.84	8.70	13.93	6.49	400.11	392.63	4.181	5.726	26.72	36.59	499.6	1700	19	72.17	6.97	0.116	1.0	-0.22	2.74	1.00	0.00	0.16	111115
19	"11:37:07"	20180318	77	0	5.76	0.08	266	1.29	1.18	13.93	6	1.42	1	2.84	8.70	13.93	6.49	400.14	392.61	4.180	5.725	26.71	36.58	499.6	1700	19	72.17	6.97	0.116	1.0	-0.22	2.74	1.00	0.00	0.16	111115
20	"11:37:08"	20180318	77	0	5.76	0.08	266	1.29	1.18	13.92	6	1.42	1	2.84	8.70	13.92	6.49	400.14	392.61	4.180	5.724	26.71	36.58	499.6	1700	19	72.17	6.97	0.116	1.0	-0.22	2.74	1.00	0.00	0.16	111115
21	"11:37:08"	20180318	77	0	5.74	0.0801	267	1.3	1.18	13.92	6	1.42	1	2.84	8.70	13.92	6.49	400.12	392.62	4.179	5.726	26.71	36.59	499.6	1700	19	72.17	6.97	0.116	1.0	-0.22	2.74	1.00	0.00	0.16	111115
22	"11:37:09"	20180318	77	0	5.72	0.08	267	1.29	1.18	13.94	6	1.42	1	2.84	8.70	13.94	6.49	400.12	392.64	4.179	5.725	26.70	36.58	499.6	1700	19	72.17	6.97	0.116	1.0	-0.22	2.74	1.00	0.00	0.16	111115
23	"11:37:09"	20180318	77	0	5.75	0.0799	266	1.29	1.18	13.94	6	1.42	1	2.84	8.70	13.94	6.49	400.12	392.60	4.179	5.723	26.71	36.57	499.6	1700	19	72.17	6.97	0.116	1.0	-0.22	2.74	1.00	0.00	0.16	111115
24	"11:37:10"	20180318	77	0	5.79	0.0799	265	1.29	1.19	13.95	6	1.42	1	2.84	8.70	13.95	6.49	400.11	392.55	4.179	5.725	26.71	36.58	499.6	1700	19	72.17	6.97	0.116	1.0	-0.22	2.74	1.00	0.00	0.16	111115
25	"11:37:10"	20180318	77	0	5.77	0.0798	265	1.29	1.19	13.95	6	1.42	1	2.84	8.70	13.95	6.49	400.09	392.55	4.179	5.724	26.71	36.58	499.6	1700	19	72.17	6.97	0.116	1.0	-0.22	2.74	1.00	0.00	0.16	111115
26	"11:37:11"	20180318	77	0	5.81	0.0799	265	1.29	1.19	13.95	6	1.42	1	2.84	8.70	13.95	6.49	400.09	392.50	4.180	5.726	26.71	36.59	499.6	1700	19	72.17	6.97	0.116	1.0	-0.22	2.74	1.00	0.00	0.16	111115
27	"11:37:11"	20180318	77	0	5.78	0.0799	265	1.29	1.19	13.95	6	1.42	1	2.84	8.70	13.95	6.49	400.06	392.50	4.180	5.727	26.71	36.59	499.6	1700	19	72.17	6.97	0.116	1.0	-0.22	2.74	1.00	0.00	0.16	111115
28	"11:37:12"	20180318	77	0	5.79	0.0798	265	1.3	1.19	13.96	6	1.42	1	2.84	8.70	13.96	6.49	400.07	392.51	4.180	5.727	26.71	36.60	499.6	1700	19	72.17	6.97	0.116	1.0	-0.22	2.74	1.00	0.00	0.16	111115
29	"11:37:12"	20180318	77	0	5.78	0.0799	265	1.3	1.19	13.96	6	1.42	1	2.84	8.70	13.96	6.49	400.07	392.51	4.181	5.727	26.71	36.60	499.6	1700	19	72.17	6.97	0.116	1.0	-0.22	2.74	1.00	0.00	0.16	111115
30	"11:37:13"	20180318	77	0	5.76	0.08	266	1.3	1.19	13.95	6	1.42	1	2.84	8.70	13.95	6.49	400.04	392.51	4.180	5.728	26.71	36.60	499.6	1700	19	72.17	6.97	0.116	1.0	-0.22	2.74	1.00	0.00	0.16	111115
"11:37:27 Coolers: Tblock -> 11.40 C"
"11:41:10 Flow: Fixed -> 500 umol/s"
"11:42:08 Flow: Fixed -> 500 umol/s"
31	"11:42:47"	20180318	77	0	6.73	0.0885	256	1.61	1.33	16.33	6	1.42	1	2.84	12.82	16.33	11.47	399.70	390.86	5.423	7.346	26.35	35.70	499.6	1700	18	72.17	6.97	0.116	1.0	-0.22	2.74	1.00	0.00	0.16	111115
32	"11:42:47"	20180318	77	0	6.8	0.0884	255	1.61	1.33	16.34	6	1.42	1	2.84	12.82	16.34	11.47	399.83	390.91	5.424	7.346	26.36	35.70	499.6	1700	18	72.17	6.97	0.116	1.0	-0.22	2.74	1.00	0.00	0.16	111115
33	"11:42:48"	20180318	77	0	6.79	0.0883	255	1.61	1.34	16.35	6	1.42	1	2.84	12.82	16.35	11.47	399.87	390.96	5.424	7.345	26.36	35.70	499.6	1700	18	72.17	6.97	0.116	1.0	-0.22	2.74	1.00	0.00	0.16	111115
34	"11:42:48"	20180318	77	0	6.79	0.0883	255	1.61	1.34	16.35	6	1.42	1	2.84	12.82	16.35	11.47	399.87	390.96	5.424	7.345	26.36	35.70	499.6	1700	18	72.17	6.97	0.116	1.0	-0.22	2.74	1.00	0.00	0.16	111115
35	"11:42:49"	20180318	77	0	6.78	0.0882	255	1.61	1.34	16.36	6	1.42	1	2.84	12.82	16.36	11.47	399.91	391.01	5.424	7.344	26.36	35.69	499.6	1700	18	72.17	6.97	0.116	1.0	-0.22	2.74	1.00	0.00	0.16	111115
36	"11:42:49"	20180318	77	0	6.77	0.0882	255	1.61	1.34	16.36	6	1.42	1	2.84	12.82	16.36	11.47	399.94	391.06	5.424	7.345	26.36	35.69	499.6	1700	18	72.17	6.97	0.116	0.7	-0.22	2.74	1.00	0.00	0.16	111115
37	"11:42:50"	20180318	77	0	6.73	0.0881	256	1.61	1.34	16.37	6	1.42	1	2.84	12.82	16.37	11.47	399.99	391.15	5.424	7.345	26.36	35.69	499.6	1700	18	72.17	6.97	0.116	0.7	-0.22	2.74	1.00	0.00	0.16	111115
38	"11:42:50"	20180318	77	0	6.69	0.0881	257	1.61	1.34	16.38	6	1.42	1	2.84	12.82	16.38	11.47	399.99	391.20	5.424	7.346	26.36	35.69	499.6	1700	18	72.17	6.97	0.116	0.7	-0.22	2.74	1.00	0.00	0.16	111115
39	"11:42:51"	20180318	77	0	6.64	0.0882	258	1.61	1.34	16.38	6	1.42	1	2.84	12.82	16.38	11.47	399.97	391.24	5.424	7.348	26.35	35.71	499.6	1700	18	72.17	6.97	0.116	0.7	-0.22	2.74	1.00	0.00	0.16	111115
40	"11:42:51"	20180318	77	0	6.65	0.0883	258	1.62	1.34	16.38	6	1.42	1	2.84	12.82	16.38	11.47	399.96	391.22	5.424	7.350	26.35	35.71	499.6	1700	18	72.17	6.97	0.116	0.7	-0.22	2.74	1.00	0.00	0.16	111115
41	"11:42:52"	20180318	77	0	6.6	0.0883	259	1.61	1.34	16.37	6	1.42	1	2.84	12.82	16.37	11.47	399.90	391.21	5.423	7.347	26.35	35.70	499.6	1700	18	72.17	6.97	0.116	0.7	-0.22	2.74	1.00	0.00	0.16	111115
42	"11:42:53"	20180318	77	0	6.57	0.0884	259	1.62	1.34	16.37	6	1.42	1	2.84	12.82	16.37	11.47	399.90	391.25	5.423	7.350	26.35	35.71	499.6	1700	18	72.17	6.97	0.116	0.7	-0.22	2.74	1.00	0.00	0.16	111115
43	"11:42:53"	20180318	77	0	6.59	0.0884	259	1.62	1.34	16.37	6	1.42	1	2.84	12.82	16.37	11.47	399.91	391.24	5.424	7.351	26.35	35.71	499.6	1700	18	72.17	6.97	0.116	0.7	-0.22	2.74	1.00	0.00	0.16	111115
44	"11:42:54"	20180318	77	0	6.58	0.0886	259	1.62	1.34	16.35	6	1.42	1	2.84	12.82	16.35	11.47	399.90	391.23	5.424	7.353	26.35	35.72	499.6	1700	18	72.17	6.97	0.116	0.7	-0.22	2.74	1.00	0.00	0.16	111115
45	"11:42:55"	20180318	77	0	6.5	0.0887	261	1.62	1.33	16.34	6	1.42	1	2.84	12.82	16.34	11.48	399.87	391.30	5.424	7.352	26.35	35.71	499.6	1700	18	72.17	6.97	0.116	0.7	-0.22	2.74	1.00	0.00	0.16	111115
"11:43:18 Coolers: Tblock -> 16.40 C"
"11:44:56 Flow: Fixed -> 500 umol/s"
"11:47:04 Flow: Fixed -> 500 umol/s"
"11:49:06 Flow: Fixed -> 500 umol/s"
46	"11:49:45"	20180318	77	0	7.22	0.0845	240	1.78	1.53	19.04	6	1.42	1	2.84	17.03	19.04	16.46	400.03	390.53	7.298	9.411	27.03	34.85	499.6	1700	15	72.17	7.4	0.0798	1.0	-0.22	2.74	1.00	0.00	0.16	111115
47	"11:49:45"	20180318	77	0	7.22	0.0845	240	1.78	1.53	19.04	6	1.42	1	2.84	17.03	19.04	16.46	400.03	390.53	7.298	9.411	27.03	34.85	499.6	1700	15	72.17	7.4	0.0798	1.0	-0.22	2.74	1.00	0.00	0.16	111115
48	"11:49:46"	20180318	77	0	7.22	0.0845	240	1.78	1.53	19.04	6	1.42	1	2.84	17.03	19.04	16.46	400.03	390.53	7.298	9.411	27.03	34.85	499.6	1700	15	72.17	7.4	0.0798	1.0	-0.22	2.74	1.00	0.00	0.16	111115
49	"11:49:46"	20180318	77	0	7.16	0.0844	241	1.77	1.53	19.04	6	1.42	1	2.84	17.03	19.04	16.46	400.05	390.61	7.299	9.411	27.03	34.85	499.6	1700	15	72.17	7.4	0.0798	0.7	-0.22	2.74	1.00	0.00	0.16	111115
50	"11:49:47"	20180318	77	0	7.11	0.0843	241	1.77	1.53	19.04	6	1.42	1	2.84	17.03	19.04	16.47	400.07	390.70	7.299	9.409	27.03	34.84	499.6	1700	15	72.17	7.4	0.0798	0.7	-0.22	2.74	1.00	0.00	0.16	111115
51	"11:49:47"	20180318	77	0	7.11	0.0843	241	1.77	1.53	19.04	6	1.42	1	2.84	17.03	19.04	16.47	400.11	390.73	7.299	9.408	27.03	34.84	499.6	1700	15	72.17	7.4	0.0798	0.7	-0.22	2.74	1.00	0.00	0.16	111115
52	"11:49:48"	20180318	77	0	7.06	0.0843	243	1.77	1.53	19.04	6	1.42	1	2.84	17.03	19.04	16.46	400.12	390.81	7.298	9.408	27.03	34.84	499.6	1700	15	72.17	7.4	0.0798	0.7	-0.22	2.74	1.00	0.00	0.16	111115
53	"11:49:48"	20180318	77	0	6.98	0.0841	244	1.77	1.53	19.04	6	1.42	1	2.84	17.03	19.04	16.46	400.09	390.88	7.299	9.405	27.03	34.83	499.6	1700	15	72.17	7.4	0.0798	0.7	-0.22	2.74	1.00	0.00	0.16	111115
54	"11:49:49"	20180318	77	0	6.94	0.084	244	1.77	1.53	19.05	6	1.42	1	2.84	17.03	19.05	16.46	400.07	390.91	7.300	9.404	27.03	34.82	499.6	1700	15	72.17	7.4	0.0798	0.7	-0.22	2.74	1.00	0.00	0.16	111115
55	"11:49:49"	20180318	77	0	6.9	0.084	245	1.77	1.53	19.05	6	1.42	1	2.84	17.04	19.05	16.46	400.07	390.96	7.300	9.405	27.03	34.83	499.6	1700	15	72.17	7.4	0.0798	0.7	-0.22	2.74	1.00	0.00	0.16	111115
56	"11:49:50"	20180318	77	0	6.85	0.0841	246	1.77	1.53	19.05	6	1.42	1	2.84	17.03	19.05	16.46	400.06	391.00	7.300	9.406	27.03	34.83	499.6	1700	15	72.17	7.4	0.0798	0.7	-0.22	2.74	1.00	0.00	0.16	111115
57	"11:49:50"	20180318	77	0	6.82	0.0841	247	1.77	1.53	19.05	6	1.42	1	2.84	17.04	19.05	16.46	400.06	391.04	7.300	9.406	27.03	34.83	499.6	1700	15	72.17	7.4	0.0798	0.7	-0.22	2.74	1.00	0.00	0.16	111115
58	"11:49:51"	20180318	77	0	6.81	0.0842	247	1.77	1.53	19.04	6	1.42	1	2.84	17.04	19.04	16.46	400.08	391.07	7.301	9.408	27.03	34.84	499.6	1700	15	72.17	7.4	0.0798	0.7	-0.22	2.74	1.00	0.00	0.16	111115
59	"11:49:51"	20180318	77	0	6.77	0.0842	248	1.77	1.53	19.04	6	1.42	1	2.84	17.04	19.04	16.46	400.07	391.11	7.302	9.409	27.04	34.84	499.6	1700	15	72.17	7.4	0.0798	0.7	-0.22	2.74	1.00	0.00	0.16	111115
60	"11:49:52"	20180318	77	0	6.8	0.0842	248	1.77	1.53	19.05	6	1.42	1	2.84	17.04	19.05	16.46	400.09	391.09	7.302	9.410	27.04	34.84	499.6	1700	15	72.17	7.4	0.0798	0.7	-0.22	2.74	1.00	0.00	0.16	111115
"11:50:26 Coolers: Tblock -> 21.40 C"
"11:52:31 Flow: Fixed -> 500 umol/s"
"11:54:31 Flow: Fixed -> 500 umol/s"
"11:58:32 Flow: Fixed -> 500 umol/s"
61	"11:59:48"	20180318	77	0	5.8	0.0643	233	1.55	1.74	21.97	6	1.42	1	2.84	21.34	21.97	21.46	399.84	392.14	10.796	12.635	30.57	35.77	499.6	1700	13	72.16	8.33	0.0843	1.0	-0.22	2.74	1.00	0.00	0.16	111115
62	"11:59:49"	20180318	77	0	5.8	0.0643	233	1.55	1.74	21.97	6	1.42	1	2.84	21.34	21.97	21.46	399.84	392.14	10.796	12.635	30.57	35.77	499.6	1700	13	72.16	8.33	0.0843	1.0	-0.22	2.74	1.00	0.00	0.16	111115
63	"11:59:49"	20180318	77	0	5.8	0.0643	233	1.55	1.74	21.97	6	1.42	1	2.84	21.34	21.97	21.46	399.84	392.14	10.796	12.635	30.57	35.77	499.6	1700	13	72.16	8.33	0.0843	1.0	-0.22	2.74	1.00	0.00	0.16	111115
64	"11:59:50"	20180318	77	0	5.77	0.0642	233	1.55	1.74	21.97	6	1.42	1	2.84	21.34	21.97	21.46	399.81	392.15	10.796	12.633	30.57	35.77	499.6	1700	13	72.16	8.33	0.0843	1.0	-0.22	2.74	1.00	0.00	0.16	111115
65	"11:59:50"	20180318	77	0	5.76	0.0642	234	1.55	1.74	21.97	6	1.42	1	2.84	21.34	21.97	21.46	399.80	392.15	10.796	12.633	30.57	35.77	499.6	1700	13	72.16	8.33	0.0843	1.0	-0.22	2.74	1.00	0.00	0.16	111115
66	"11:59:51"	20180318	77	0	5.81	0.0641	232	1.55	1.74	21.96	6	1.42	1	2.84	21.34	21.96	21.46	399.80	392.09	10.797	12.631	30.57	35.76	499.6	1700	13	72.16	8.33	0.0843	1.0	-0.22	2.74	1.00	0.00	0.16	111115
67	"11:59:51"	20180318	77	0	5.85	0.0643	231	1.55	1.74	21.96	6	1.42	1	2.84	21.34	21.96	21.46	399.82	392.06	10.796	12.633	30.57	35.77	499.6	1700	13	72.16	8.33	0.0843	1.0	-0.22	2.74	1.00	0.00	0.16	111115
68	"11:59:52"	20180318	77	0	5.89	0.0643	230	1.55	1.74	21.96	6	1.42	1	2.84	21.34	21.96	21.46	399.82	392.02	10.796	12.634	30.57	35.77	499.6	1700	13	72.16	8.33	0.0843	1.0	-0.22	2.74	1.00	0.00	0.16	111115
69	"11:59:52"	20180318	77	0	5.89	0.0643	230	1.55	1.74	21.96	6	1.42	1	2.84	21.34	21.96	21.46	399.81	392.01	10.796	12.634	30.57	35.77	499.6	1700	13	72.16	8.33	0.0843	1.0	-0.22	2.74	1.00	0.00	0.16	111115
70	"11:59:53"	20180318	77	0	5.9	0.0642	230	1.55	1.74	21.96	6	1.42	1	2.84	21.34	21.96	21.46	399.83	392.01	10.797	12.634	30.57	35.77	499.6	1700	13	72.16	8.33	0.0843	1.0	-0.22	2.74	1.00	0.00	0.16	111115
71	"11:59:53"	20180318	77	0	5.92	0.0643	230	1.55	1.73	21.96	6	1.42	1	2.84	21.34	21.96	21.46	399.84	392.00	10.796	12.635	30.57	35.77	499.6	1700	13	72.16	8.33	0.0843	1.0	-0.22	2.74	1.00	0.00	0.16	111115
72	"11:59:54"	20180318	77	0	5.92	0.0644	230	1.55	1.73	21.96	6	1.42	1	2.84	21.34	21.96	21.46	399.85	392.01	10.797	12.637	30.57	35.78	499.6	1700	13	72.16	8.33	0.0843	1.0	-0.22	2.74	1.00	0.00	0.16	111115
73	"11:59:54"	20180318	77	0	5.9	0.0644	230	1.55	1.73	21.96	6	1.42	1	2.84	21.34	21.96	21.46	399.81	392.00	10.797	12.637	30.57	35.78	499.6	1700	13	72.16	8.33	0.0843	1.0	-0.22	2.74	1.00	0.00	0.16	111115
74	"11:59:55"	20180318	77	0	5.91	0.0644	230	1.55	1.73	21.96	6	1.42	1	2.84	21.34	21.96	21.46	399.83	392.00	10.797	12.637	30.57	35.78	499.6	1700	13	72.16	8.33	0.0843	1.0	-0.22	2.74	1.00	0.00	0.16	111115
75	"11:59:56"	20180318	77	0	5.96	0.0644	229	1.55	1.73	21.96	6	1.42	1	2.84	21.34	21.96	21.46	399.84	391.95	10.797	12.636	30.57	35.77	499.6	1700	13	72.16	8.33	0.0843	1.0	-0.22	2.74	1.00	0.00	0.16	111115
"12:00:13 Coolers: Tblock -> 26.40 C"
"12:05:13 Flow: Fixed -> 500 umol/s"
"12:06:49 Flow: Fixed -> 500 umol/s"
76	"12:07:00"	20180318	77	0	5.15	0.0457	196	1.35	2.1	25.26	6	1.42	1	2.84	25.83	25.26	26.45	399.89	393.07	14.011	15.608	30.26	33.71	499.6	1700	14	72.15	8.33	0.0843	1.0	-0.22	2.74	1.00	0.00	0.16	111115
77	"12:07:01"	20180318	77	0	5.13	0.0457	197	1.35	2.1	25.26	6	1.42	1	2.84	25.84	25.26	26.45	399.89	393.09	14.013	15.612	30.26	33.71	499.6	1700	14	72.16	8.33	0.0843	1.0	-0.22	2.74	1.00	0.00	0.16	111115
78	"12:07:01"	20180318	77	0	5.13	0.0457	197	1.35	2.1	25.26	6	1.42	1	2.84	25.84	25.26	26.45	399.89	393.09	14.013	15.612	30.26	33.71	499.6	1700	14	72.16	8.33	0.0843	1.0	-0.22	2.74	1.00	0.00	0.16	111115
79	"12:07:02"	20180318	77	0	5.07	0.0457	199	1.35	2.1	25.26	6	1.42	1	2.84	25.84	25.26	26.45	399.85	393.13	14.013	15.613	30.26	33.71	499.6	1700	14	72.15	8.33	0.0843	1.0	-0.22	2.74	1.00	0.00	0.16	111115
80	"12:07:02"	20180318	77	0	5.04	0.0458	200	1.35	2.1	25.26	6	1.42	1	2.84	25.84	25.26	26.45	399.83	393.14	14.012	15.613	30.25	33.71	499.6	1700	14	72.15	8.33	0.0843	1.0	-0.22	2.74	1.00	0.00	0.16	111115
81	"12:07:03"	20180318	77	0	5.03	0.0457	200	1.35	2.1	25.26	6	1.42	1	2.84	25.84	25.26	26.45	399.83	393.16	14.013	15.610	30.25	33.70	499.6	1700	14	72.15	8.33	0.0843	1.0	-0.22	2.74	1.00	0.00	0.16	111115
82	"12:07:03"	20180318	77	0	5.06	0.0457	199	1.35	2.1	25.26	6	1.42	1	2.84	25.84	25.26	26.45	399.87	393.16	14.013	15.611	30.25	33.70	499.6	1700	14	72.15	8.33	0.0843	1.0	-0.22	2.74	1.00	0.00	0.16	111115
83	"12:07:04"	20180318	77	0	5.13	0.0457	197	1.35	2.1	25.27	6	1.42	1	2.84	25.84	25.27	26.45	399.90	393.10	14.012	15.611	30.25	33.70	499.6	1700	14	72.15	8.33	0.0843	1.0	-0.22	2.74	1.00	0.00	0.16	111115
84	"12:07:04"	20180318	77	0	5.14	0.0456	196	1.35	2.1	25.27	6	1.42	1	2.84	25.84	25.27	26.45	399.91	393.10	14.013	15.610	30.25	33.70	499.6	1700	14	72.15	8.33	0.0843	1.0	-0.22	2.74	1.00	0.00	0.16	111115
85	"12:07:05"	20180318	77	0	5.14	0.0457	196	1.35	2.1	25.27	6	1.42	1	2.84	25.84	25.27	26.45	399.90	393.08	14.013	15.611	30.25	33.70	499.6	1700	14	72.15	8.33	0.0843	1.0	-0.22	2.74	1.00	0.00	0.16	111115
86	"12:07:05"	20180318	77	0	5.12	0.0455	196	1.35	2.1	25.27	6	1.42	1	2.84	25.84	25.27	26.45	399.82	393.03	14.013	15.607	30.25	33.69	499.6	1700	14	72.15	8.33	0.0843	1.0	-0.22	2.74	1.00	0.00	0.16	111115
87	"12:07:06"	20180318	77	0	5.09	0.0455	197	1.35	2.11	25.27	6	1.42	1	2.84	25.84	25.27	26.45	399.77	393.02	14.013	15.606	30.25	33.69	499.6	1700	14	72.15	8.33	0.0843	1.0	-0.22	2.74	1.00	0.00	0.16	111115
88	"12:07:06"	20180318	77	0	5.05	0.0454	198	1.35	2.11	25.27	6	1.42	1	2.84	25.84	25.27	26.45	399.69	392.99	14.015	15.606	30.25	33.68	499.6	1700	13	72.15	8.33	0.0843	1.0	-0.22	2.74	1.00	0.00	0.16	111115
89	"12:07:07"	20180318	77	0	5.03	0.0455	199	1.35	2.11	25.28	6	1.42	1	2.84	25.84	25.28	26.45	399.60	392.92	14.015	15.608	30.25	33.69	499.6	1700	14	72.15	8.33	0.0843	1.0	-0.22	2.74	1.00	0.00	0.16	111115
90	"12:07:07"	20180318	77	0	5.02	0.0454	199	1.35	2.11	25.28	6	1.42	1	2.84	25.85	25.28	26.45	399.52	392.86	14.016	15.606	30.25	33.68	499.6	1700	14	72.15	8.33	0.0843	1.0	-0.22	2.74	1.00	0.00	0.16	111115
"12:07:27 Coolers: Tblock -> 31.40 C"
"12:13:44 Flow: Fixed -> 500 umol/s"
91	"12:14:03"	20180318	77	0	2.77	0.0321	239	1.1	2.41	28.37	6	1.42	1	2.84	30.31	28.37	31.44	399.54	395.69	19.120	20.413	31.81	33.96	499.6	1699	15	72.14	10.1	0.0144	1.0	-0.22	2.74	1.00	0.00	0.16	111115
92	"12:14:04"	20180318	77	0	2.77	0.0321	239	1.1	2.41	28.37	6	1.42	1	2.84	30.31	28.37	31.44	399.54	395.69	19.120	20.413	31.81	33.96	499.6	1699	15	72.14	10.1	0.0144	1.0	-0.22	2.74	1.00	0.00	0.16	111115
93	"12:14:04"	20180318	77	0	2.74	0.0321	240	1.1	2.41	28.37	6	1.42	1	2.84	30.31	28.37	31.44	399.52	395.71	19.121	20.416	31.81	33.96	499.5	1699	15	72.14	10.1	0.0144	1.0	-0.22	2.74	1.00	0.00	0.16	111115
94	"12:14:05"	20180318	77	0	2.7	0.0322	242	1.1	2.41	28.37	6	1.42	1	2.84	30.31	28.37	31.44	399.49	395.73	19.121	20.416	31.81	33.96	499.6	1699	15	72.14	10.1	0.0144	0.7	-0.22	2.74	1.00	0.00	0.16	111115
95	"12:14:05"	20180318	77	0	2.71	0.0321	242	1.1	2.41	28.37	6	1.42	1	2.84	30.31	28.37	31.44	399.49	395.71	19.120	20.415	31.81	33.96	499.6	1699	15	72.14	10.1	0.0144	0.7	-0.22	2.74	1.00	0.00	0.16	111115
96	"12:14:06"	20180318	77	0	2.74	0.0321	240	1.1	2.41	28.38	6	1.42	1	2.84	30.31	28.38	31.44	399.47	395.66	19.120	20.413	31.81	33.96	499.6	1699	15	72.14	10.1	0.0144	0.7	-0.22	2.74	1.00	0.00	0.16	111115
97	"12:14:06"	20180318	77	0	2.78	0.0321	238	1.1	2.41	28.38	6	1.42	1	2.84	30.31	28.38	31.44	399.48	395.61	19.121	20.415	31.81	33.96	499.6	1699	15	72.14	10.1	0.0144	0.7	-0.22	2.74	1.00	0.00	0.16	111115
98	"12:14:07"	20180318	77	0	2.76	0.032	239	1.1	2.41	28.38	6	1.42	1	2.84	30.31	28.38	31.44	399.44	395.60	19.121	20.412	31.81	33.96	499.6	1699	15	72.14	10.1	0.0144	0.7	-0.22	2.74	1.00	0.00	0.16	111115
99	"12:14:07"	20180318	77	0	2.76	0.032	239	1.1	2.41	28.39	6	1.42	1	2.84	30.31	28.39	31.44	399.43	395.59	19.121	20.413	31.81	33.96	499.6	1699	15	72.14	10.1	0.0144	0.7	-0.22	2.74	1.00	0.00	0.16	111115
100	"12:14:08"	20180318	77	0	2.79	0.032	237	1.1	2.41	28.39	6	1.42	1	2.84	30.31	28.39	31.44	399.44	395.57	19.122	20.413	31.81	33.95	499.6	1699	15	72.14	10.1	0.0144	0.7	-0.22	2.74	1.00	0.00	0.16	111115
101	"12:14:08"	20180318	77	0	2.82	0.032	236	1.1	2.41	28.39	6	1.42	1	2.84	30.31	28.39	31.44	399.46	395.55	19.121	20.412	31.81	33.95	499.6	1699	15	72.14	10.1	0.0144	0.7	-0.22	2.74	1.00	0.00	0.16	111115
102	"12:14:09"	20180318	77	0	2.85	0.0319	234	1.1	2.41	28.39	6	1.42	1	2.84	30.31	28.39	31.44	399.46	395.52	19.121	20.410	31.80	33.95	499.5	1699	15	72.14	10.1	0.0144	0.7	-0.22	2.74	1.00	0.00	0.16	111115
103	"12:14:09"	20180318	77	0	2.85	0.0319	234	1.09	2.41	28.40	6	1.42	1	2.84	30.31	28.40	31.44	399.47	395.53	19.122	20.409	31.80	33.94	499.5	1699	15	72.14	10.1	0.0144	0.7	-0.22	2.74	1.00	0.00	0.16	111115
104	"12:14:10"	20180318	77	0	2.87	0.0318	232	1.09	2.41	28.40	6	1.42	1	2.84	30.31	28.40	31.44	399.48	395.52	19.122	20.407	31.80	33.94	499.5	1699	16	72.14	10.1	0.0144	0.7	-0.22	2.74	1.00	0.00	0.16	111115
105	"12:14:10"	20180318	77	0	2.85	0.0318	233	1.09	2.41	28.41	6	1.42	1	2.84	30.31	28.41	31.44	399.47	395.53	19.122	20.407	31.80	33.94	499.5	1699	16	72.14	10.1	0.0144	0.7	-0.22	2.74	1.00	0.00	0.16	111115
"12:14:27 Coolers: Tblock -> 36.40 C"
"12:18:20 Flow: Fixed -> 500 umol/s"
"12:19:04 Flow: Fixed -> 300 umol/s"
"12:20:04 Flow: Fixed -> 300 umol/s"
106	"12:20:23"	20180318	77	0	3.2	0.0343	221	1.37	2.8	31.55	6	1.42	1	2.84	34.89	31.55	36.43	399.36	391.88	23.102	25.782	29.68	33.12	299.9	1699	14	72.13	10.1	0.0144	1.0	-0.22	2.74	1.00	0.00	0.16	111115
107	"12:20:24"	20180318	77	0	3.2	0.0343	221	1.37	2.8	31.55	6	1.42	1	2.84	34.89	31.55	36.43	399.36	391.88	23.102	25.782	29.68	33.12	299.9	1699	14	72.13	10.1	0.0144	1.0	-0.22	2.74	1.00	0.00	0.16	111115
108	"12:20:24"	20180318	77	0	3.26	0.0344	219	1.38	2.79	31.55	6	1.42	1	2.84	34.89	31.55	36.43	399.40	391.81	23.103	25.786	29.68	33.13	300.0	1699	14	72.13	10.1	0.0144	0.7	-0.22	2.74	1.00	0.00	0.16	111115
109	"12:20:25"	20180318	77	0	3.3	0.0344	217	1.38	2.79	31.55	6	1.42	1	2.84	34.89	31.55	36.44	399.42	391.74	23.103	25.787	29.68	33.13	300.0	1699	14	72.13	10.1	0.0144	0.7	-0.22	2.74	1.00	0.00	0.16	111115
110	"12:20:25"	20180318	77	0	3.28	0.0344	218	1.38	2.8	31.55	6	1.42	1	2.84	34.89	31.55	36.44	399.41	391.76	23.103	25.791	29.68	33.13	299.9	1699	14	72.13	10.1	0.0144	0.7	-0.22	2.74	1.00	0.00	0.16	111115
111	"12:20:26"	20180318	77	0	3.28	0.0344	218	1.38	2.79	31.55	6	1.42	1	2.84	34.90	31.55	36.44	399.38	391.74	23.104	25.793	29.68	33.13	300.0	1699	14	72.13	10.1	0.0144	0.7	-0.22	2.74	1.00	0.00	0.16	111115
112	"12:20:27"	20180318	77	0	3.29	0.0345	218	1.38	2.79	31.55	6	1.42	1	2.84	34.90	31.55	36.44	399.34	391.68	23.105	25.796	29.67	33.13	300.0	1699	14	72.13	10.1	0.0144	0.7	-0.22	2.74	1.00	0.00	0.16	111115
113	"12:20:27"	20180318	77	0	3.32	0.0345	216	1.38	2.79	31.55	6	1.42	1	2.84	34.90	31.55	36.44	399.33	391.61	23.105	25.795	29.67	33.13	299.9	1699	14	72.13	10.1	0.0144	0.7	-0.22	2.74	1.00	0.00	0.16	111115
114	"12:20:28"	20180318	77	0	3.38	0.0346	214	1.38	2.79	31.55	6	1.42	1	2.84	34.90	31.55	36.44	399.34	391.49	23.104	25.803	29.67	33.14	299.9	1699	14	72.13	10.1	0.0144	0.7	-0.22	2.74	1.00	0.00	0.16	111115
115	"12:20:29"	20180318	77	0	3.37	0.0346	214	1.39	2.79	31.55	6	1.42	1	2.84	34.90	31.55	36.44	399.32	391.49	23.105	25.805	29.67	33.14	299.9	1699	14	72.13	10.1	0.0144	0.7	-0.22	2.74	1.00	0.00	0.16	111115
116	"12:20:29"	20180318	77	0	3.38	0.0346	214	1.39	2.8	31.56	6	1.42	1	2.84	34.90	31.56	36.44	399.30	391.45	23.106	25.808	29.67	33.14	299.9	1699	14	72.13	10.1	0.0144	0.7	-0.22	2.74	1.00	0.00	0.16	111115
117	"12:20:30"	20180318	77	0	3.42	0.0345	211	1.39	2.8	31.59	6	1.42	1	2.84	34.90	31.59	36.44	399.29	391.35	23.108	25.810	29.67	33.14	299.9	1699	14	72.13	10.1	0.0144	0.7	-0.22	2.74	1.00	0.00	0.16	111115
118	"12:20:31"	20180318	77	0	3.39	0.0345	213	1.39	2.81	31.62	6	1.42	1	2.84	34.91	31.62	36.44	399.27	391.40	23.111	25.820	29.66	33.14	299.9	1699	14	72.13	10.1	0.0144	0.7	-0.22	2.74	1.00	0.00	0.16	111115
119	"12:20:32"	20180318	77	0	3.46	0.0345	210	1.39	2.81	31.62	6	1.42	1	2.84	34.91	31.62	36.44	399.33	391.32	23.113	25.823	29.66	33.14	299.9	1699	14	72.13	10.1	0.0144	0.7	-0.22	2.74	1.00	0.00	0.16	111115
120	"12:20:33"	20180318	77	0	3.5	0.0345	208	1.39	2.81	31.62	6	1.42	1	2.84	34.91	31.62	36.44	399.35	391.26	23.113	25.823	29.66	33.13	299.9	1699	13	72.13	10.1	0.0144	0.7	-0.22	2.74	1.00	0.00	0.16	111115
"12:20:52 Coolers: Tblock -> 41.40 C"
"12:22:40 Flow: Fixed -> 300 umol/s"
121	"12:23:14"	20180318	77	0	3.26	0.0366	223	1.79	3.39	33.92	6	1.42	1	2.84	39.15	33.92	41.48	399.69	391.76	23.210	26.696	23.64	27.19	299.9	1700	15	72.13	11.5	-0.181	1.0	-0.22	2.74	1.00	0.00	0.16	111115
122	"12:23:15"	20180318	77	0	3.26	0.0366	223	1.79	3.39	33.92	6	1.42	1	2.84	39.15	33.92	41.48	399.69	391.76	23.210	26.696	23.64	27.19	299.9	1700	15	72.13	11.5	-0.181	1.0	-0.22	2.74	1.00	0.00	0.16	111115
123	"12:23:15"	20180318	77	0	3.3	0.0366	221	1.79	3.39	33.92	6	1.42	1	2.84	39.15	33.92	41.48	399.72	391.72	23.211	26.693	23.64	27.18	299.9	1700	15	72.13	11.5	-0.181	1.0	-0.22	2.74	1.00	0.00	0.16	111115
124	"12:23:16"	20180318	77	0	3.31	0.0366	221	1.79	3.39	33.91	6	1.42	1	2.84	39.15	33.91	41.48	399.74	391.71	23.212	26.694	23.64	27.18	299.9	1700	15	72.13	11.5	-0.181	1.0	-0.22	2.74	1.00	0.00	0.16	111115
125	"12:23:16"	20180318	77	0	3.29	0.0367	222	1.79	3.39	33.90	6	1.42	1	2.84	39.15	33.90	41.48	399.74	391.75	23.211	26.697	23.63	27.18	299.9	1700	15	72.13	11.5	-0.181	1.0	-0.22	2.74	1.00	0.00	0.16	111115
126	"12:23:17"	20180318	77	0	3.34	0.0368	221	1.79	3.38	33.88	6	1.42	1	2.84	39.16	33.88	41.48	399.78	391.69	23.213	26.702	23.63	27.18	299.9	1700	15	72.13	11.5	-0.181	1.0	-0.22	2.74	1.00	0.00	0.16	111115
127	"12:23:18"	20180318	77	0	3.36	0.0368	220	1.79	3.38	33.87	6	1.42	1	2.84	39.16	33.87	41.48	399.80	391.67	23.213	26.704	23.63	27.18	299.9	1700	15	72.13	11.5	-0.181	1.0	-0.22	2.74	1.00	0.00	0.16	111115
128	"12:23:18"	20180318	77	0	3.39	0.0369	219	1.79	3.38	33.87	6	1.42	1	2.84	39.16	33.87	41.48	399.86	391.68	23.215	26.708	23.62	27.18	299.9	1699	15	72.13	11.5	-0.181	1.0	-0.22	2.74	1.00	0.00	0.16	111115
129	"12:23:19"	20180318	77	0	3.39	0.0368	219	1.79	3.38	33.88	6	1.42	1	2.84	39.16	33.88	41.48	399.89	391.70	23.216	26.707	23.62	27.17	300.0	1699	15	72.13	11.5	-0.181	1.0	-0.22	2.74	1.00	0.00	0.16	111115
130	"12:23:19"	20180318	77	0	3.4	0.0368	218	1.79	3.38	33.89	6	1.42	1	2.84	39.17	33.89	41.48	399.93	391.71	23.215	26.709	23.62	27.17	300.0	1699	15	72.13	11.5	-0.181	1.0	-0.22	2.74	1.00	0.00	0.16	111115
131	"12:23:20"	20180318	77	0	3.46	0.0368	215	1.8	3.39	33.90	6	1.42	1	2.84	39.17	33.90	41.49	400.02	391.68	23.215	26.711	23.61	27.17	300.0	1699	15	72.13	11.5	-0.181	1.0	-0.22	2.74	1.00	0.00	0.16	111115
132	"12:23:21"	20180318	77	0	3.45	0.0368	216	1.8	3.39	33.90	6	1.42	1	2.84	39.17	33.90	41.49	400.02	391.71	23.213	26.710	23.61	27.16	300.0	1699	15	72.13	11.5	-0.181	1.0	-0.22	2.74	1.00	0.00	0.16	111115
133	"12:23:21"	20180318	77	0	3.44	0.0368	216	1.8	3.39	33.89	6	1.42	1	2.84	39.17	33.89	41.49	400.03	391.73	23.214	26.711	23.61	27.16	300.0	1699	15	72.13	11.5	-0.181	1.0	-0.22	2.74	1.00	0.00	0.16	111115
134	"12:23:22"	20180318	77	0	3.42	0.0368	218	1.8	3.39	33.90	6	1.42	1	2.84	39.18	33.90	41.49	400.03	391.79	23.212	26.711	23.60	27.16	299.9	1699	15	72.13	11.5	-0.181	1.0	-0.22	2.74	1.00	0.00	0.16	111115
135	"12:23:23"	20180318	77	0	3.41	0.0369	218	1.8	3.39	33.90	6	1.42	1	2.84	39.18	33.90	41.49	400.04	391.80	23.211	26.713	23.60	27.16	299.9	1699	15	72.13	11.5	-0.181	1.0	-0.22	2.74	1.00	0.00	0.16	111115
"12:23:36 Coolers: Tblock -> 46.40 C"
"12:25:48 Flow: Fixed -> 300 umol/s"
136	"12:26:05"	20180318	77	0	2.53	0.0365	250	2.15	4.06	36.20	6	1.42	1	2.84	43.47	36.20	46.47	399.66	392.92	23.225	27.402	18.82	22.20	299.9	1699	16	72.12	12.8	-0.223	1.0	-0.22	2.74	1.00	0.00	0.16	111115
137	"12:26:05"	20180318	77	0	2.53	0.0365	250	2.15	4.06	36.20	6	1.42	1	2.84	43.47	36.20	46.47	399.66	392.92	23.225	27.402	18.82	22.20	299.9	1699	16	72.12	12.8	-0.223	1.0	-0.22	2.74	1.00	0.00	0.16	111115
138	"12:26:06"	20180318	77	0	2.48	0.0365	252	2.14	4.06	36.20	6	1.42	1	2.84	43.47	36.20	46.47	399.55	392.90	23.227	27.401	18.82	22.20	299.9	1699	16	72.12	12.8	-0.223	1.0	-0.22	2.74	1.00	0.00	0.16	111115
139	"12:26:07"	20180318	77	0	2.5	0.0365	252	2.15	4.06	36.20	6	1.42	1	2.84	43.47	36.20	46.47	399.51	392.82	23.228	27.406	18.82	22.20	299.9	1699	16	72.12	12.8	-0.223	1.0	-0.22	2.74	1.00	0.00	0.16	111115
140	"12:26:07"	20180318	77	0	2.49	0.0365	252	2.15	4.06	36.21	6	1.42	1	2.84	43.47	36.21	46.47	399.46	392.79	23.227	27.404	18.81	22.19	299.9	1699	16	72.12	12.8	-0.223	1.0	-0.22	2.74	1.00	0.00	0.16	111115
141	"12:26:08"	20180318	77	0	2.51	0.0365	251	2.15	4.06	36.21	6	1.42	1	2.84	43.48	36.21	46.47	399.44	392.73	23.225	27.402	18.81	22.19	299.9	1699	16	72.12	12.8	-0.223	1.0	-0.22	2.74	1.00	0.00	0.16	111115
142	"12:26:08"	20180318	77	0	2.52	0.0364	250	2.15	4.06	36.22	6	1.42	1	2.84	43.48	36.22	46.48	399.42	392.68	23.225	27.402	18.80	22.19	299.9	1699	16	72.12	12.8	-0.223	1.0	-0.22	2.74	1.00	0.00	0.16	111115
143	"12:26:09"	20180318	77	0	2.55	0.0364	248	2.15	4.07	36.24	6	1.42	1	2.84	43.49	36.24	46.48	399.37	392.57	23.227	27.408	18.80	22.18	299.9	1699	16	72.12	12.8	-0.223	1.0	-0.22	2.74	1.00	0.00	0.16	111115
144	"12:26:10"	20180318	77	0	2.54	0.0364	249	2.15	4.08	36.26	6	1.42	1	2.84	43.49	36.26	46.48	399.30	392.54	23.227	27.407	18.80	22.18	299.9	1699	16	72.12	12.8	-0.223	1.0	-0.22	2.74	1.00	0.00	0.16	111115
145	"12:26:11"	20180318	77	0	2.59	0.0362	246	2.15	4.09	36.31	6	1.42	1	2.84	43.50	36.31	46.49	399.30	392.43	23.230	27.407	18.79	22.17	299.9	1699	16	72.12	12.8	-0.223	1.0	-0.22	2.74	1.00	0.00	0.16	111115
146	"12:26:11"	20180318	77	0	2.59	0.0362	246	2.15	4.09	36.31	6	1.42	1	2.84	43.50	36.31	46.49	399.30	392.43	23.230	27.407	18.79	22.17	299.9	1699	16	72.12	12.8	-0.223	1.0	-0.22	2.74	1.00	0.00	0.16	111115
147	"12:26:12"	20180318	77	0	2.61	0.0362	245	2.15	4.09	36.31	6	1.42	1	2.84	43.50	36.31	46.49	399.30	392.39	23.230	27.408	18.79	22.17	299.9	1699	16	72.12	12.8	-0.223	0.7	-0.22	2.74	1.00	0.00	0.16	111115
148	"12:26:12"	20180318	77	0	2.58	0.0362	247	2.15	4.09	36.31	6	1.42	1	2.84	43.50	36.31	46.49	399.25	392.41	23.231	27.409	18.79	22.17	299.9	1699	16	72.12	12.8	-0.223	0.7	-0.22	2.74	1.00	0.00	0.16	111115
149	"12:26:13"	20180318	77	0	2.63	0.0362	244	2.15	4.09	36.30	6	1.42	1	2.84	43.50	36.30	46.49	399.28	392.35	23.232	27.409	18.79	22.16	299.9	1699	16	72.12	12.8	-0.223	0.7	-0.22	2.74	1.00	0.00	0.16	111115
150	"12:26:14"	20180318	77	0	2.72	0.0361	240	2.15	4.1	36.33	6	1.42	1	2.84	43.52	36.33	46.50	399.41	392.28	23.235	27.414	18.78	22.16	299.9	1699	16	72.12	12.8	-0.223	0.7	-0.22	2.74	1.00	0.00	0.16	111115
"12:26:35 Coolers: Tblock -> 50.00 C"
"12:28:28 Flow: Fixed -> 300 umol/s"
151	"12:28:44"	20180318	77	0	1.83	0.0331	268	2.31	4.77	38.33	6	1.42	1	2.84	46.51	38.33	49.75	400.01	394.52	23.313	27.799	16.14	19.25	300.0	1700	18	72.12	14.2	-0.223	1.0	-0.22	2.74	1.00	0.00	0.16	111115
152	"12:28:45"	20180318	77	0	1.81	0.0331	269	2.31	4.77	38.33	6	1.42	1	2.84	46.51	38.33	49.75	399.97	394.54	23.314	27.799	16.14	19.25	300.0	1700	18	72.12	14.2	-0.223	1.0	-0.22	2.74	1.00	0.00	0.16	111115
153	"12:28:46"	20180318	77	0	1.81	0.0331	269	2.31	4.77	38.33	6	1.42	1	2.84	46.51	38.33	49.75	399.97	394.54	23.314	27.799	16.14	19.25	300.0	1700	18	72.12	14.2	-0.223	1.0	-0.22	2.74	1.00	0.00	0.16	111115
154	"12:28:46"	20180318	77	0	1.8	0.0331	269	2.31	4.77	38.33	6	1.42	1	2.84	46.52	38.33	49.75	399.94	394.52	23.314	27.799	16.14	19.24	300.0	1700	18	72.12	14.2	-0.223	1.0	-0.22	2.74	1.00	0.00	0.16	111115
155	"12:28:47"	20180318	77	0	1.83	0.0331	268	2.31	4.78	38.35	6	1.42	1	2.84	46.52	38.35	49.75	399.96	394.48	23.315	27.801	16.14	19.24	300.0	1700	18	72.12	14.2	-0.223	1.0	-0.22	2.74	1.00	0.00	0.16	111115
156	"12:28:47"	20180318	77	0	1.85	0.0329	267	2.31	4.79	38.39	6	1.42	1	2.84	46.52	38.39	49.75	399.96	394.45	23.317	27.800	16.13	19.24	300.0	1700	18	72.12	14.2	-0.223	1.0	-0.22	2.74	1.00	0.00	0.16	111115
157	"12:28:48"	20180318	77	0	1.82	0.0329	268	2.3	4.79	38.39	6	1.42	1	2.84	46.53	38.39	49.75	399.91	394.46	23.317	27.797	16.13	19.23	300.0	1700	18	72.12	14.2	-0.223	1.0	-0.22	2.74	1.00	0.00	0.16	111115
158	"12:28:49"	20180318	77	0	1.81	0.0329	268	2.31	4.8	38.41	6	1.42	1	2.84	46.53	38.41	49.75	399.89	394.46	23.318	27.803	16.13	19.23	300.0	1700	18	72.12	14.2	-0.223	1.0	-0.22	2.74	1.00	0.00	0.16	111115
159	"12:28:49"	20180318	77	0	1.79	0.0329	269	2.31	4.8	38.41	6	1.42	1	2.84	46.53	38.41	49.75	399.85	394.46	23.319	27.805	16.13	19.23	300.0	1700	18	72.12	14.2	-0.223	1.0	-0.22	2.74	1.00	0.00	0.16	111115
160	"12:28:50"	20180318	77	0	1.79	0.0329	269	2.31	4.8	38.41	6	1.42	1	2.84	46.53	38.41	49.75	399.84	394.44	23.319	27.807	16.13	19.23	300.0	1700	18	72.12	14.2	-0.223	1.0	-0.22	2.74	1.00	0.00	0.16	111115
161	"12:28:51"	20180318	77	0	1.77	0.033	270	2.31	4.8	38.41	6	1.42	1	2.84	46.54	38.41	49.75	399.82	394.45	23.319	27.812	16.12	19.23	300.0	1700	18	72.12	14.2	-0.223	1.0	-0.22	2.74	1.00	0.00	0.16	111115
162	"12:28:51"	20180318	77	0	1.75	0.033	271	2.31	4.8	38.40	6	1.42	1	2.84	46.54	38.40	49.75	399.82	394.49	23.319	27.812	16.12	19.23	300.0	1700	18	72.12	14.2	-0.223	1.0	-0.22	2.74	1.00	0.00	0.16	111115
163	"12:28:52"	20180318	77	0	1.72	0.033	272	2.31	4.8	38.41	6	1.42	1	2.84	46.55	38.41	49.75	399.81	394.54	23.318	27.813	16.12	19.22	300.0	1700	18	72.12	14.2	-0.223	1.0	-0.22	2.74	1.00	0.00	0.16	111115
164	"12:28:53"	20180318	77	0	1.74	0.033	272	2.31	4.8	38.42	6	1.42	1	2.84	46.55	38.42	49.75	399.83	394.53	23.320	27.814	16.11	19.22	299.9	1700	18	72.12	14.2	-0.223	1.0	-0.22	2.74	1.00	0.00	0.16	111115
165	"12:28:53"	20180318	77	0	1.74	0.0329	271	2.31	4.81	38.43	6	1.42	1	2.84	46.55	38.43	49.75	399.85	394.55	23.320	27.814	16.11	19.22	299.9	1700	18	72.12	14.2	-0.223	1.0	-0.22	2.74	1.00	0.00	0.16	111115
