"OPEN 6.3.4"
"Sun Mar 18 2018 16:36:32"
<open><version>"6.3.4"</version></open>
<open><configfile>"/User/Configs/UserPrefs/LED2x3.xml"</configfile></open>
<open><light><source>"6400-02 or -02B LED Source"</source><par_in>1<sensor>"SI-2503"<cal>-0.86<actinity>1.00</actinity><transm>1.00</transm></cal></sensor><transm>1</transm></par_in><par_out>1<sensor>"Q40491"<cal>6.5</cal></sensor></par_out></light></open>
<open><comps><file>"/User/Configs/Comps/StdComps_6.1"<header>""</header><extras></extras></file><energybal>no<f_parIn>1</f_parIn><f_parOut>0</f_parOut><alphaK>0.16</alphaK></energybal><bc_total>2.840<stomatal_ratio>1</stomatal_ratio><bc_oneside>1.420<type>2</type><table>"/Sys/Lib/StdBLCTable"</table><area>6</area><slope>-0.219565</slope><offset>2.73739</offset><fan>5</fan></bc_oneside></bc_total></comps></open>
<open><prompts><onlog>off</onlog><items>"Default (none)"</items></prompts></open>
<open><constants><oxygen>21 %</oxygen><bb_vapor>1.5</bb_vapor><bb_oxy>0.9</bb_oxy></constants></open>
<open><stability><items>"Std Stability"<items[1]><id>-2</id><size>15</size><pcv><onoff>0</onoff><value>1</value></pcv><std><onoff>0</onoff><value>1</value></std><slp><onoff>1</onoff><value>1</value></slp></items[1]><items[2]><id>-5</id><size>15</size><pcv><onoff>0</onoff><value>1</value></pcv><std><onoff>0</onoff><value>1</value></std><slp><onoff>1</onoff><value>1</value></slp></items[2]><items[3]><id>-7</id><size>15</size><pcv><onoff>0</onoff><value>1</value></pcv><std><onoff>0</onoff><value>1</value></std><slp><onoff>1</onoff><value>1</value></slp></items[3]></items></stability></open>
<open><log><format>"StdLogFmt_6.0"<items>{ -35 -21 -70 -69 -76 30 23 36 21 25 221 -33 111 -34 11 -9 -10 -8 -1 -2 -4 -5 -14 -15 -7 -12 -13 -11 -65 -66 -72 -18 -19 -77 -78 -79 -23  }<hdr>{  }</hdr></items></format><options><beep>on</beep><match>"never"<time>30</time><co2>100</co2><delta>10</delta></match><hdr>normal</hdr><rem>normal</rem><stab>no</stab><stats>no<mean>no</mean><file>no</file><period>15</period></stats><excel>yes</excel><controls>yes</controls><comm>no</comm></options><datafile>"/User/031818-LHAST-AWC4073"</datafile><button><action>"Normal Log"<code>" LogOneObsManual "</code></action></button><autoprog>"/User/Configs/AutoProgs/AutoLog2"<active>no</active></autoprog></log></open>
<open><a2d><avgtime>4.0 secs</avgtime><userchans><ch20>"Off"</ch20><ch21>"Off"</ch21><ch22>"Off"</ch22><ch23>"Off"</ch23></userchans></a2d></open>
<open><matching><type>0</type><disp>'a'</disp><settings>><CO2Limit>10.0</CO2Limit><H2OLimit>1.0</H2OLimit><MaxAutoTime>60</MaxAutoTime><AverageTime>10</AverageTime></settings></matching></open>
<li6400><factory><unit>"PSC-2470"</unit><serviced>"5 Feb 2018"</serviced><fuseaware>0</fuseaware><co2mixer>yes</co2mixer><co2><coeffs>{ 0 0.214772 2.55802e-05 1.93228e-08 -3.02262e-12 2.75724e-16  }</coeffs><dvdt>-4</dvdt><xs>{ 9.11e-05 0.00178  }</xs></co2><h2o><coeffs>{ 0 0.00581526 2.16703e-06 7.69607e-12  }</coeffs><dvdt>-2.9</dvdt><xs>{ -0.000111 -0.00256  }</xs></h2o><flow>{ 0 0.3696  }</flow><press>{ 86.913 0.00551  }</press></factory></li6400>
<li6400><user><flow_zero>-42.6</flow_zero><irga_zero><co2>113.5 152.5<at>27.1329</at></co2><h2o>-3.5 -3.5<at>28.1091</at></h2o></irga_zero><irga_span><co2>{ 0.990134 0.992694  }</co2><h2o>{ 0.996743 0.99801  }</h2o></irga_span><irga_match><co2>{ 0.110267 9.31883  }</co2><h2o>{ -0.0816591 0.178921  }</h2o></irga_match><co2_mixer><pump_mv>4500</pump_mv><ppm>{ 2352.67 1117.67 439.284 266.3 121.188 70.6751 48.8233 48.8102  }</ppm><mv>{ 5000 3000 1500 1000 500 300 200 100  }</mv></co2_mixer><parin_offset>-0.211894</parin_offset><led_cal><unit>"SI-2503"</unit><mv>{ 10 25 50 100 1000 2000 3000 4000 5000  }</mv><qntm>{ 1.83047 9.20354 23.3042 57.5395 736.221 1467.2 2160.1 2821.48 3447.04  }</qntm></led_cal><lcf_cal><unit>"LCF-0981"</unit><red><mv>{ 50 100 200 400 800 1500  }</mv><qntm>{ 64.6036 145.758 312.409 661.73 1377.94 2641.23  }</qntm></red><blue><mv>{ 100 500 1000 2000 3000 4000 5000  }</mv><qntm>{ 11.107 44.4539 81.9578 145.168 203.372 256.093 300.56  }</qntm></blue></lcf_cal></user></li6400>
"16:36:34 "
$STARTOFDATA$
"Obs"	"HHMMSS"	"YYYYMMDD"	"DOY"	"EBal?"	"Photo"	"Cond"	"Ci"	"Trmmol"	"VpdL"	"CTleaf"	"Area"	"BLC_1"	"StmRat"	"BLCond"	"Tair"	"Tleaf"	"TBlk"	"CO2R"	"CO2S"	"H2OR"	"H2OS"	"RH_R"	"RH_S"	"Flow"	"PARi"	"PARo"	"Press"	"CsMch"	"HsMch"	"StableF"	"BLCslope"	"BLCoffst"	"f_parin"	"f_parout"	"alphaK"	"Status"
"16:36:56 Coolers: Tblock -> 0.00 C"
"17:07:05 Flow: Fixed -> 500 umol/s"
"17:07:16 Coolers: Tblock -> 6.80 C"
"17:07:44 Flow: Fixed -> 300 umol/s"
"17:11:14 Flow: Fixed -> 300 umol/s"
1	"17:11:23"	20180318	77	0	6.54	0.0762	237	1.35	1.29	14.98	6	1.42	1	2.84	9.17	14.98	6.86	400.13	386.00	3.153	5.843	19.44	36.02	300.0	1701	10	71.85	7.33	0.108	1.0	-0.22	2.74	1.00	0.00	0.16	111115
2	"17:11:23"	20180318	77	0	6.57	0.0764	236	1.35	1.29	14.96	6	1.42	1	2.84	9.17	14.96	6.86	400.16	385.98	3.153	5.842	19.44	36.01	300.0	1701	10	71.85	7.33	0.108	1.0	-0.22	2.74	1.00	0.00	0.16	111115
3	"17:11:24"	20180318	77	0	6.59	0.0763	236	1.35	1.29	14.96	6	1.42	1	2.84	9.17	14.96	6.86	400.19	385.97	3.154	5.841	19.44	36.01	300.0	1701	10	71.85	7.33	0.108	1.0	-0.22	2.74	1.00	0.00	0.16	111115
4	"17:11:24"	20180318	77	0	6.59	0.0764	236	1.35	1.29	14.95	6	1.42	1	2.84	9.17	14.95	6.86	400.21	385.99	3.153	5.841	19.44	36.01	300.0	1701	10	71.85	7.33	0.108	1.0	-0.22	2.74	1.00	0.00	0.16	111115
5	"17:11:25"	20180318	77	0	6.59	0.0763	236	1.35	1.29	14.96	6	1.42	1	2.84	9.17	14.96	6.86	400.17	385.96	3.152	5.840	19.43	36.01	300.0	1701	10	71.85	7.33	0.108	1.0	-0.22	2.74	1.00	0.00	0.16	111115
6	"17:11:25"	20180318	77	0	6.59	0.0762	235	1.35	1.29	14.97	6	1.42	1	2.84	9.17	14.97	6.86	400.18	385.95	3.152	5.840	19.43	36.01	300.0	1701	10	71.85	7.33	0.108	1.0	-0.22	2.74	1.00	0.00	0.16	111115
7	"17:11:26"	20180318	77	0	6.58	0.0761	235	1.35	1.29	14.99	6	1.42	1	2.84	9.17	14.99	6.86	400.18	385.97	3.152	5.839	19.44	36.00	300.0	1701	10	71.85	7.33	0.108	1.0	-0.22	2.74	1.00	0.00	0.16	111115
8	"17:11:26"	20180318	77	0	6.61	0.076	235	1.35	1.29	15.01	6	1.42	1	2.84	9.17	15.01	6.86	400.20	385.93	3.152	5.839	19.43	36.00	300.0	1701	10	71.85	7.33	0.108	1.0	-0.22	2.74	1.00	0.00	0.16	111115
9	"17:11:27"	20180318	77	0	6.61	0.076	235	1.35	1.29	15.01	6	1.42	1	2.84	9.17	15.01	6.86	400.20	385.93	3.152	5.839	19.43	36.00	300.0	1701	10	71.85	7.33	0.108	1.0	-0.22	2.74	1.00	0.00	0.16	111115
10	"17:11:27"	20180318	77	0	6.63	0.0758	234	1.35	1.3	15.05	6	1.42	1	2.84	9.17	15.05	6.86	400.24	385.95	3.152	5.842	19.43	36.02	300.0	1701	10	71.85	7.33	0.108	1.0	-0.22	2.74	1.00	0.00	0.16	111115
11	"17:11:28"	20180318	77	0	6.63	0.0758	234	1.35	1.3	15.04	6	1.42	1	2.84	9.17	15.04	6.86	400.26	385.96	3.152	5.841	19.43	36.01	300.0	1701	10	71.85	7.33	0.108	1.0	-0.22	2.74	1.00	0.00	0.16	111115
12	"17:11:29"	20180318	77	0	6.61	0.076	235	1.35	1.29	15.02	6	1.42	1	2.84	9.17	15.02	6.86	400.27	386.01	3.152	5.842	19.43	36.02	300.0	1701	10	71.85	7.33	0.108	1.0	-0.22	2.74	1.00	0.00	0.16	111115
13	"17:11:29"	20180318	77	0	6.59	0.076	235	1.35	1.29	15.01	6	1.42	1	2.84	9.17	15.01	6.86	400.29	386.06	3.152	5.841	19.43	36.01	300.0	1701	10	71.85	7.33	0.108	1.0	-0.22	2.74	1.00	0.00	0.16	111115
14	"17:11:30"	20180318	77	0	6.59	0.0763	236	1.35	1.29	14.98	6	1.42	1	2.84	9.17	14.98	6.87	400.29	386.07	3.152	5.844	19.43	36.03	300.0	1701	10	71.85	7.33	0.108	1.0	-0.22	2.74	1.00	0.00	0.16	111115
15	"17:11:30"	20180318	77	0	6.57	0.0764	236	1.35	1.29	14.96	6	1.42	1	2.84	9.17	14.96	6.87	400.30	386.12	3.152	5.844	19.43	36.02	300.0	1701	10	71.85	7.33	0.108	1.0	-0.22	2.74	1.00	0.00	0.16	111115
"17:11:48 Coolers: Tblock -> 11.80 C"
"17:14:15 Flow: Fixed -> 300 umol/s"
16	"17:14:36"	20180318	77	0	6.29	0.075	238	1.41	1.36	16.87	6	1.42	1	2.84	13.05	16.87	11.87	399.07	385.40	5.088	7.886	24.25	37.58	300.0	1700	9	71.85	7.05	0.0982	1.0	-0.22	2.74	1.00	0.00	0.16	111115
17	"17:14:37"	20180318	77	0	6.35	0.0751	237	1.41	1.36	16.85	6	1.42	1	2.84	13.05	16.85	11.87	399.08	385.29	5.089	7.886	24.25	37.58	300.0	1700	9	71.85	7.05	0.0982	1.0	-0.22	2.74	1.00	0.00	0.16	111115
18	"17:14:37"	20180318	77	0	6.35	0.0751	237	1.41	1.36	16.85	6	1.42	1	2.84	13.05	16.85	11.87	399.08	385.29	5.089	7.886	24.25	37.58	300.0	1700	9	71.85	7.05	0.0982	1.0	-0.22	2.74	1.00	0.00	0.16	111115
19	"17:14:38"	20180318	77	0	6.38	0.0756	238	1.41	1.35	16.80	6	1.42	1	2.84	13.05	16.80	11.87	399.07	385.22	5.088	7.890	24.24	37.59	300.0	1700	9	71.85	7.05	0.0982	1.0	-0.22	2.74	1.00	0.00	0.16	111115
20	"17:14:39"	20180318	77	0	6.47	0.0757	236	1.41	1.35	16.80	6	1.42	1	2.84	13.06	16.80	11.87	399.09	385.07	5.089	7.890	24.24	37.58	300.0	1700	9	71.85	7.05	0.0982	0.7	-0.22	2.74	1.00	0.00	0.16	111115
21	"17:15:20"	20180318	77	0	6.67	0.075	230	1.43	1.38	17.07	6	1.42	1	2.84	13.13	17.07	11.86	399.99	385.54	5.091	7.931	24.13	37.60	300.0	1700	9	71.85	7.05	0.0982	1.0	-0.22	2.74	1.00	0.00	0.16	111115
22	"17:15:21"	20180318	77	0	6.65	0.0749	231	1.43	1.38	17.08	6	1.42	1	2.84	13.13	17.08	11.86	399.96	385.55	5.090	7.931	24.13	37.60	300.0	1700	9	71.85	7.05	0.0982	1.0	-0.22	2.74	1.00	0.00	0.16	111115
23	"17:15:21"	20180318	77	0	6.65	0.0749	231	1.43	1.38	17.08	6	1.42	1	2.84	13.13	17.08	11.86	399.96	385.55	5.090	7.931	24.13	37.60	300.0	1700	9	71.85	7.05	0.0982	1.0	-0.22	2.74	1.00	0.00	0.16	111115
24	"17:15:22"	20180318	77	0	6.65	0.0751	231	1.43	1.38	17.07	6	1.42	1	2.84	13.13	17.07	11.86	399.95	385.55	5.090	7.932	24.13	37.60	300.0	1700	9	71.85	7.05	0.0982	1.0	-0.22	2.74	1.00	0.00	0.16	111115
25	"17:15:22"	20180318	77	0	6.6	0.075	232	1.43	1.38	17.07	6	1.42	1	2.84	13.13	17.07	11.86	399.89	385.58	5.090	7.933	24.13	37.60	300.0	1700	9	71.85	7.05	0.0982	1.0	-0.22	2.74	1.00	0.00	0.16	111115
26	"17:15:23"	20180318	77	0	6.58	0.0749	232	1.43	1.39	17.09	6	1.42	1	2.84	13.13	17.09	11.86	399.88	385.61	5.089	7.932	24.12	37.59	300.0	1700	9	71.85	7.05	0.0982	1.0	-0.22	2.74	1.00	0.00	0.16	111115
27	"17:15:23"	20180318	77	0	6.56	0.0748	233	1.43	1.39	17.10	6	1.42	1	2.84	13.13	17.10	11.86	399.88	385.66	5.090	7.933	24.12	37.59	300.0	1700	9	71.85	7.05	0.0982	1.0	-0.22	2.74	1.00	0.00	0.16	111115
28	"17:15:24"	20180318	77	0	6.57	0.0747	232	1.43	1.39	17.10	6	1.42	1	2.84	13.13	17.10	11.86	399.92	385.68	5.091	7.931	24.12	37.58	300.0	1700	9	71.85	7.05	0.0982	1.0	-0.22	2.74	1.00	0.00	0.16	111115
29	"17:15:24"	20180318	77	0	6.55	0.0749	233	1.43	1.38	17.08	6	1.42	1	2.84	13.13	17.08	11.86	399.89	385.70	5.091	7.931	24.12	37.58	300.0	1700	9	71.85	7.05	0.0982	1.0	-0.22	2.74	1.00	0.00	0.16	111115
30	"17:15:25"	20180318	77	0	6.59	0.0749	232	1.43	1.38	17.08	6	1.42	1	2.84	13.13	17.08	11.86	399.91	385.62	5.090	7.932	24.12	37.58	300.0	1700	9	71.85	7.05	0.0982	1.0	-0.22	2.74	1.00	0.00	0.16	111115
31	"17:15:25"	20180318	77	0	6.6	0.0749	232	1.43	1.39	17.10	6	1.42	1	2.84	13.13	17.10	11.86	399.89	385.60	5.090	7.935	24.12	37.59	300.0	1700	9	71.85	7.05	0.0982	1.0	-0.22	2.74	1.00	0.00	0.16	111115
32	"17:15:26"	20180318	77	0	6.63	0.0748	231	1.43	1.39	17.11	6	1.42	1	2.84	13.14	17.11	11.86	399.94	385.58	5.090	7.935	24.11	37.59	300.0	1700	9	71.85	7.05	0.0982	1.0	-0.22	2.74	1.00	0.00	0.16	111115
33	"17:15:26"	20180318	77	0	6.66	0.0749	230	1.43	1.39	17.11	6	1.42	1	2.84	13.14	17.11	11.86	399.96	385.53	5.090	7.937	24.11	37.60	300.0	1700	9	71.85	7.05	0.0982	1.0	-0.22	2.74	1.00	0.00	0.16	111115
34	"17:15:27"	20180318	77	0	6.69	0.075	230	1.43	1.39	17.10	6	1.42	1	2.84	13.14	17.10	11.86	399.97	385.48	5.091	7.938	24.11	37.60	300.0	1700	9	71.85	7.05	0.0982	1.0	-0.22	2.74	1.00	0.00	0.16	111115
35	"17:15:27"	20180318	77	0	6.74	0.075	229	1.43	1.39	17.09	6	1.42	1	2.84	13.14	17.09	11.86	400.00	385.41	5.091	7.937	24.12	37.60	300.0	1700	9	71.85	7.05	0.0982	1.0	-0.22	2.74	1.00	0.00	0.16	111115
36	"17:16:28"	20180318	77	0	6.66	0.0749	230	1.45	1.4	17.27	6	1.42	1	2.84	13.20	17.27	11.86	400.01	385.57	5.096	7.978	24.04	37.64	300.0	1700	8	71.85	7.05	0.0982	1.0	-0.22	2.74	1.00	0.00	0.16	111115
37	"17:16:29"	20180318	77	0	6.66	0.0749	230	1.45	1.4	17.27	6	1.42	1	2.84	13.20	17.27	11.86	400.01	385.56	5.096	7.976	24.04	37.62	300.0	1700	8	71.85	7.05	0.0982	1.0	-0.22	2.74	1.00	0.00	0.16	111115
38	"17:16:30"	20180318	77	0	6.68	0.0748	230	1.45	1.4	17.27	6	1.42	1	2.84	13.20	17.27	11.86	400.02	385.54	5.096	7.976	24.04	37.62	300.0	1700	8	71.85	7.05	0.0982	1.0	-0.22	2.74	1.00	0.00	0.16	111115
39	"17:16:30"	20180318	77	0	6.68	0.0748	230	1.45	1.4	17.27	6	1.42	1	2.84	13.20	17.27	11.86	400.02	385.54	5.096	7.976	24.04	37.62	300.0	1700	8	71.85	7.05	0.0982	1.0	-0.22	2.74	1.00	0.00	0.16	111115
40	"17:16:30"	20180318	77	0	6.68	0.0748	230	1.45	1.4	17.27	6	1.42	1	2.84	13.20	17.27	11.86	400.02	385.54	5.096	7.976	24.04	37.62	300.0	1700	8	71.85	7.05	0.0982	1.0	-0.22	2.74	1.00	0.00	0.16	111115
41	"17:16:31"	20180318	77	0	6.73	0.0749	229	1.45	1.4	17.26	6	1.42	1	2.84	13.20	17.26	11.86	400.07	385.50	5.096	7.976	24.04	37.62	300.0	1700	8	71.85	7.05	0.0982	1.0	-0.22	2.74	1.00	0.00	0.16	111115
42	"17:16:31"	20180318	77	0	6.73	0.0749	229	1.45	1.4	17.26	6	1.42	1	2.84	13.20	17.26	11.86	400.07	385.50	5.096	7.976	24.04	37.62	300.0	1700	8	71.85	7.05	0.0982	1.0	-0.22	2.74	1.00	0.00	0.16	111115
43	"17:16:32"	20180318	77	0	6.72	0.0748	229	1.45	1.4	17.27	6	1.42	1	2.84	13.20	17.27	11.86	400.08	385.52	5.096	7.973	24.04	37.60	300.1	1700	8	71.85	7.05	0.0982	1.0	-0.22	2.74	1.00	0.00	0.16	111115
44	"17:16:32"	20180318	77	0	6.75	0.0747	228	1.45	1.41	17.28	6	1.42	1	2.84	13.20	17.28	11.86	400.13	385.51	5.097	7.975	24.04	37.61	300.0	1700	8	71.85	7.05	0.0982	1.0	-0.22	2.74	1.00	0.00	0.16	111115
45	"17:16:33"	20180318	77	0	6.75	0.0747	228	1.45	1.41	17.28	6	1.42	1	2.84	13.20	17.28	11.86	400.13	385.51	5.097	7.975	24.04	37.61	300.0	1700	8	71.85	7.05	0.0982	1.0	-0.22	2.74	1.00	0.00	0.16	111115
46	"17:16:33"	20180318	77	0	6.76	0.0748	228	1.45	1.4	17.26	6	1.42	1	2.84	13.21	17.26	11.86	400.14	385.51	5.097	7.976	24.04	37.62	300.0	1700	8	71.85	7.05	0.0982	1.0	-0.22	2.74	1.00	0.00	0.16	111115
47	"17:16:34"	20180318	77	0	6.77	0.0749	228	1.45	1.4	17.26	6	1.42	1	2.84	13.21	17.26	11.86	400.15	385.50	5.098	7.978	24.04	37.62	300.0	1700	8	71.85	7.05	0.0982	1.0	-0.22	2.74	1.00	0.00	0.16	111115
48	"17:16:34"	20180318	77	0	6.75	0.0749	228	1.45	1.4	17.26	6	1.42	1	2.84	13.21	17.26	11.86	400.16	385.54	5.098	7.977	24.04	37.62	300.0	1700	8	71.85	7.05	0.0982	1.0	-0.22	2.74	1.00	0.00	0.16	111115
49	"17:16:35"	20180318	77	0	6.76	0.0748	228	1.45	1.4	17.27	6	1.42	1	2.84	13.21	17.27	11.87	400.16	385.53	5.098	7.976	24.04	37.61	300.0	1700	8	71.85	7.05	0.0982	1.0	-0.22	2.74	1.00	0.00	0.16	111115
50	"17:16:35"	20180318	77	0	6.76	0.0746	228	1.45	1.41	17.28	6	1.42	1	2.84	13.21	17.28	11.87	400.19	385.54	5.098	7.973	24.04	37.60	300.0	1700	8	71.85	7.05	0.0982	1.0	-0.22	2.74	1.00	0.00	0.16	111115
"17:17:13 Coolers: Tblock -> 16.80 C"
"17:19:47 Flow: Fixed -> 300 umol/s"
51	"17:20:28"	20180318	77	0	6.9	0.0732	220	1.61	1.59	19.41	6	1.42	1	2.84	17.25	19.41	16.86	399.97	384.93	6.111	9.309	22.22	33.85	300.0	1700	6	71.85	7.32	0.0735	1.0	-0.22	2.74	1.00	0.00	0.16	111115
52	"17:20:29"	20180318	77	0	6.88	0.0732	220	1.61	1.59	19.41	6	1.42	1	2.84	17.25	19.41	16.86	399.96	384.96	6.111	9.310	22.22	33.85	300.0	1700	6	71.85	7.32	0.0735	1.0	-0.22	2.74	1.00	0.00	0.16	111115
53	"17:20:29"	20180318	77	0	6.88	0.0732	220	1.61	1.59	19.41	6	1.42	1	2.84	17.25	19.41	16.86	399.96	384.96	6.111	9.310	22.22	33.85	300.0	1700	6	71.85	7.32	0.0735	1.0	-0.22	2.74	1.00	0.00	0.16	111115
54	"17:20:29"	20180318	77	0	6.86	0.0731	221	1.61	1.59	19.41	6	1.42	1	2.84	17.26	19.41	16.86	399.94	384.98	6.111	9.309	22.22	33.84	300.0	1700	6	71.85	7.32	0.0735	1.0	-0.22	2.74	1.00	0.00	0.16	111115
55	"17:20:30"	20180318	77	0	6.88	0.0732	220	1.62	1.59	19.41	6	1.42	1	2.84	17.26	19.41	16.86	399.97	384.97	6.111	9.312	22.22	33.85	300.0	1700	6	71.85	7.32	0.0735	1.0	-0.22	2.74	1.00	0.00	0.16	111115
56	"17:20:30"	20180318	77	0	6.88	0.0732	220	1.62	1.59	19.41	6	1.42	1	2.84	17.26	19.41	16.86	399.97	384.97	6.111	9.312	22.22	33.85	300.0	1700	6	71.85	7.32	0.0735	1.0	-0.22	2.74	1.00	0.00	0.16	111115
57	"17:20:31"	20180318	77	0	6.84	0.0732	221	1.62	1.59	19.41	6	1.42	1	2.84	17.26	19.41	16.86	399.92	385.00	6.111	9.311	22.21	33.85	300.0	1700	6	71.85	7.32	0.0735	0.7	-0.22	2.74	1.00	0.00	0.16	111115
58	"17:20:31"	20180318	77	0	6.83	0.0731	221	1.61	1.59	19.41	6	1.42	1	2.84	17.26	19.41	16.86	399.93	385.02	6.112	9.310	22.22	33.84	300.0	1700	6	71.85	7.32	0.0735	0.7	-0.22	2.74	1.00	0.00	0.16	111115
59	"17:20:32"	20180318	77	0	6.86	0.0732	221	1.62	1.59	19.42	6	1.42	1	2.84	17.26	19.42	16.86	399.98	385.01	6.112	9.312	22.22	33.85	300.0	1700	6	71.85	7.32	0.0735	0.7	-0.22	2.74	1.00	0.00	0.16	111115
60	"17:20:54"	20180318	77	0	6.78	0.0732	223	1.62	1.6	19.48	6	1.42	1	2.84	17.30	19.48	16.86	400.03	385.22	6.110	9.325	22.15	33.81	300.0	1700	6	71.85	7.32	0.0735	1.0	-0.22	2.74	1.00	0.00	0.16	111115
61	"17:20:54"	20180318	77	0	6.78	0.0732	223	1.62	1.6	19.48	6	1.42	1	2.84	17.30	19.48	16.86	400.03	385.22	6.110	9.325	22.15	33.81	300.0	1700	6	71.85	7.32	0.0735	1.0	-0.22	2.74	1.00	0.00	0.16	111115
62	"17:20:55"	20180318	77	0	6.77	0.0732	223	1.62	1.6	19.48	6	1.42	1	2.84	17.30	19.48	16.86	400.01	385.23	6.109	9.327	22.15	33.81	300.0	1700	6	71.85	7.32	0.0735	1.0	-0.22	2.74	1.00	0.00	0.16	111115
63	"17:20:55"	20180318	77	0	6.77	0.0731	223	1.62	1.6	19.49	6	1.42	1	2.84	17.30	19.49	16.86	400.00	385.21	6.109	9.328	22.15	33.82	300.0	1700	6	71.85	7.32	0.0735	1.0	-0.22	2.74	1.00	0.00	0.16	111115
64	"17:20:56"	20180318	77	0	6.74	0.073	223	1.62	1.61	19.51	6	1.42	1	2.84	17.30	19.51	16.86	399.98	385.24	6.109	9.327	22.15	33.81	300.0	1700	6	71.85	7.32	0.0735	1.0	-0.22	2.74	1.00	0.00	0.16	111115
65	"17:20:56"	20180318	77	0	6.74	0.0729	223	1.62	1.61	19.51	6	1.42	1	2.84	17.30	19.51	16.86	399.95	385.23	6.109	9.326	22.14	33.81	300.0	1700	6	71.85	7.32	0.0735	1.0	-0.22	2.74	1.00	0.00	0.16	111115
66	"17:20:57"	20180318	77	0	6.74	0.0729	223	1.62	1.61	19.51	6	1.42	1	2.84	17.30	19.51	16.86	399.95	385.22	6.109	9.326	22.14	33.81	300.0	1700	6	71.85	7.32	0.0735	1.0	-0.22	2.74	1.00	0.00	0.16	111115
67	"17:20:57"	20180318	77	0	6.72	0.0729	223	1.62	1.61	19.52	6	1.42	1	2.84	17.30	19.52	16.86	399.91	385.22	6.109	9.326	22.15	33.81	300.0	1700	6	71.85	7.32	0.0735	1.0	-0.22	2.74	1.00	0.00	0.16	111115
68	"17:20:58"	20180318	77	0	6.73	0.0728	223	1.62	1.61	19.52	6	1.42	1	2.84	17.30	19.52	16.86	399.93	385.22	6.109	9.325	22.14	33.80	300.0	1700	6	71.85	7.32	0.0735	1.0	-0.22	2.74	1.00	0.00	0.16	111115
69	"17:20:58"	20180318	77	0	6.74	0.0728	223	1.62	1.61	19.53	6	1.42	1	2.84	17.30	19.53	16.85	399.96	385.24	6.109	9.325	22.14	33.80	300.0	1700	6	71.85	7.32	0.0735	1.0	-0.22	2.74	1.00	0.00	0.16	111115
70	"17:20:59"	20180318	77	0	6.74	0.0727	223	1.62	1.61	19.54	6	1.42	1	2.84	17.30	19.54	16.85	399.98	385.25	6.110	9.325	22.14	33.80	300.0	1700	6	71.85	7.32	0.0735	1.0	-0.22	2.74	1.00	0.00	0.16	111115
71	"17:20:59"	20180318	77	0	6.72	0.0727	223	1.62	1.61	19.54	6	1.42	1	2.84	17.31	19.54	16.85	399.97	385.28	6.111	9.326	22.15	33.80	300.0	1700	6	71.85	7.32	0.0735	1.0	-0.22	2.74	1.00	0.00	0.16	111115
72	"17:21:00"	20180318	77	0	6.75	0.0726	222	1.62	1.61	19.56	6	1.42	1	2.84	17.31	19.56	16.85	400.01	385.26	6.110	9.325	22.14	33.79	300.0	1700	6	71.85	7.32	0.0735	1.0	-0.22	2.74	1.00	0.00	0.16	111115
73	"17:21:00"	20180318	77	0	6.73	0.0725	222	1.62	1.62	19.58	6	1.42	1	2.84	17.31	19.58	16.85	400.00	385.29	6.109	9.326	22.14	33.80	300.0	1700	6	71.85	7.32	0.0735	1.0	-0.22	2.74	1.00	0.00	0.16	111115
74	"17:21:01"	20180318	77	0	6.74	0.0726	222	1.63	1.62	19.58	6	1.42	1	2.84	17.31	19.58	16.85	400.05	385.32	6.109	9.328	22.13	33.80	300.0	1700	6	71.85	7.32	0.0735	1.0	-0.22	2.74	1.00	0.00	0.16	111115
75	"17:21:04"	20180318	77	0	6.75	0.0726	222	1.63	1.62	19.60	6	1.42	1	2.84	17.31	19.60	16.86	400.03	385.28	6.109	9.334	22.13	33.81	300.0	1700	6	71.85	7.32	0.0735	1.0	-0.22	2.74	1.00	0.00	0.16	111115
"17:21:16 Coolers: Tblock -> 21.80 C"
"17:25:11 Flow: Fixed -> 300 umol/s"
76	"17:25:25"	20180318	77	0	6.54	0.0701	221	1.66	1.7	21.44	6	1.42	1	2.84	21.51	21.44	21.85	400.06	385.69	8.792	12.063	24.53	33.65	300.0	1700	6	71.85	7.85	0.0529	0.7	-0.22	2.74	1.00	0.00	0.16	111115
77	"17:25:25"	20180318	77	0	6.54	0.0701	221	1.66	1.7	21.44	6	1.42	1	2.84	21.51	21.44	21.85	400.06	385.69	8.792	12.063	24.53	33.65	300.0	1700	6	71.85	7.85	0.0529	0.7	-0.22	2.74	1.00	0.00	0.16	111115
78	"17:25:26"	20180318	77	0	6.54	0.0701	222	1.66	1.7	21.43	6	1.42	1	2.84	21.51	21.43	21.85	400.06	385.70	8.791	12.062	24.53	33.65	300.0	1700	6	71.85	7.85	0.0529	0.7	-0.22	2.74	1.00	0.00	0.16	111115
79	"17:25:26"	20180318	77	0	6.54	0.0701	222	1.66	1.7	21.43	6	1.42	1	2.84	21.51	21.43	21.85	400.06	385.70	8.791	12.062	24.53	33.65	300.0	1700	6	71.85	7.85	0.0529	0.7	-0.22	2.74	1.00	0.00	0.16	111115
80	"17:25:32"	20180318	77	0	6.65	0.0701	219	1.65	1.7	21.43	6	1.42	1	2.84	21.52	21.43	21.85	400.40	385.82	8.789	12.057	24.50	33.61	300.0	1700	6	71.85	7.85	0.0529	1.0	-0.22	2.74	1.00	0.00	0.16	111115
81	"17:25:33"	20180318	77	0	6.65	0.07	219	1.65	1.7	21.44	6	1.42	1	2.84	21.52	21.44	21.85	400.37	385.80	8.789	12.056	24.50	33.61	300.0	1700	6	71.85	7.85	0.0529	1.0	-0.22	2.74	1.00	0.00	0.16	111115
82	"17:25:33"	20180318	77	0	6.65	0.07	219	1.65	1.7	21.44	6	1.42	1	2.84	21.52	21.44	21.85	400.37	385.80	8.789	12.056	24.50	33.61	300.0	1700	6	71.85	7.85	0.0529	1.0	-0.22	2.74	1.00	0.00	0.16	111115
83	"17:25:34"	20180318	77	0	6.64	0.07	219	1.65	1.7	21.44	6	1.42	1	2.84	21.52	21.44	21.85	400.38	385.82	8.789	12.058	24.50	33.62	300.0	1700	6	71.85	7.85	0.0529	1.0	-0.22	2.74	1.00	0.00	0.16	111115
84	"17:25:34"	20180318	77	0	6.64	0.07	219	1.65	1.7	21.44	6	1.42	1	2.84	21.52	21.44	21.85	400.38	385.82	8.789	12.058	24.50	33.62	300.0	1700	6	71.85	7.85	0.0529	1.0	-0.22	2.74	1.00	0.00	0.16	111115
85	"17:25:35"	20180318	77	0	6.65	0.07	219	1.66	1.7	21.45	6	1.42	1	2.84	21.52	21.45	21.85	400.39	385.80	8.789	12.059	24.50	33.62	300.0	1700	6	71.85	7.85	0.0529	1.0	-0.22	2.74	1.00	0.00	0.16	111115
86	"17:25:35"	20180318	77	0	6.66	0.07	219	1.65	1.7	21.45	6	1.42	1	2.84	21.52	21.45	21.85	400.38	385.78	8.789	12.058	24.50	33.61	300.0	1700	6	71.85	7.85	0.0529	1.0	-0.22	2.74	1.00	0.00	0.16	111115
87	"17:25:36"	20180318	77	0	6.66	0.0699	218	1.65	1.7	21.45	6	1.42	1	2.84	21.53	21.45	21.85	400.38	385.78	8.789	12.058	24.50	33.61	300.0	1700	6	71.85	7.85	0.0529	1.0	-0.22	2.74	1.00	0.00	0.16	111115
88	"17:25:36"	20180318	77	0	6.67	0.0699	218	1.65	1.7	21.46	6	1.42	1	2.84	21.53	21.46	21.85	400.39	385.77	8.789	12.058	24.50	33.61	300.0	1700	6	71.85	7.85	0.0529	1.0	-0.22	2.74	1.00	0.00	0.16	111115
89	"17:25:37"	20180318	77	0	6.69	0.0698	218	1.65	1.7	21.46	6	1.42	1	2.84	21.53	21.46	21.85	400.41	385.77	8.789	12.057	24.50	33.60	300.0	1700	6	71.85	7.85	0.0529	1.0	-0.22	2.74	1.00	0.00	0.16	111115
90	"17:25:37"	20180318	77	0	6.68	0.0698	218	1.65	1.7	21.46	6	1.42	1	2.84	21.53	21.46	21.85	400.41	385.78	8.788	12.054	24.49	33.59	300.0	1700	6	71.85	7.85	0.0529	1.0	-0.22	2.74	1.00	0.00	0.16	111115
91	"17:25:38"	20180318	77	0	6.67	0.0698	218	1.65	1.7	21.47	6	1.42	1	2.84	21.53	21.47	21.85	400.44	385.82	8.789	12.056	24.49	33.60	300.0	1700	6	71.85	7.85	0.0529	1.0	-0.22	2.74	1.00	0.00	0.16	111115
92	"17:25:38"	20180318	77	0	6.66	0.0698	218	1.65	1.7	21.47	6	1.42	1	2.84	21.53	21.47	21.85	400.42	385.83	8.789	12.057	24.49	33.60	300.0	1700	6	71.85	7.85	0.0529	1.0	-0.22	2.74	1.00	0.00	0.16	111115
93	"17:25:39"	20180318	77	0	6.63	0.0697	219	1.65	1.7	21.48	6	1.42	1	2.84	21.53	21.48	21.85	400.39	385.85	8.790	12.055	24.50	33.59	300.0	1700	6	71.85	7.85	0.0529	1.0	-0.22	2.74	1.00	0.00	0.16	111115
"17:25:50 Coolers: Tblock -> 26.80 C"
"17:30:04 Flow: Fixed -> 300 umol/s"
94	"17:30:14"	20180318	77	0	6.33	0.0626	208	1.78	2.03	24.79	6	1.42	1	2.84	26.03	24.79	26.84	400.13	386.11	12.011	15.512	25.53	32.97	300.0	1700	4	71.85	8.37	0.0242	1.0	-0.22	2.74	1.00	0.00	0.16	111115
95	"17:30:14"	20180318	77	0	6.33	0.0626	208	1.78	2.03	24.79	6	1.42	1	2.84	26.03	24.79	26.84	400.13	386.11	12.011	15.512	25.53	32.97	300.0	1700	4	71.85	8.37	0.0242	1.0	-0.22	2.74	1.00	0.00	0.16	111115
96	"17:30:15"	20180318	77	0	6.31	0.0626	208	1.78	2.02	24.78	6	1.42	1	2.84	26.03	24.78	26.84	400.14	386.14	12.011	15.511	25.52	32.96	300.0	1700	4	71.85	8.37	0.0242	1.0	-0.22	2.74	1.00	0.00	0.16	111115
97	"17:30:15"	20180318	77	0	6.31	0.0626	208	1.78	2.02	24.78	6	1.42	1	2.84	26.03	24.78	26.84	400.14	386.14	12.011	15.511	25.52	32.96	300.0	1700	4	71.85	8.37	0.0242	1.0	-0.22	2.74	1.00	0.00	0.16	111115
98	"17:30:16"	20180318	77	0	6.28	0.0626	209	1.78	2.03	24.79	6	1.42	1	2.84	26.04	24.79	26.84	400.13	386.20	12.010	15.512	25.52	32.96	300.0	1700	4	71.85	8.37	0.0242	1.0	-0.22	2.74	1.00	0.00	0.16	111115
99	"17:30:16"	20180318	77	0	6.28	0.0626	209	1.78	2.03	24.79	6	1.42	1	2.84	26.04	24.79	26.84	400.14	386.21	12.011	15.516	25.52	32.97	300.0	1700	4	71.85	8.37	0.0242	1.0	-0.22	2.74	1.00	0.00	0.16	111115
100	"17:30:17"	20180318	77	0	6.25	0.0626	210	1.78	2.03	24.79	6	1.42	1	2.84	26.04	24.79	26.84	400.11	386.24	12.011	15.517	25.52	32.96	300.0	1700	4	71.85	8.37	0.0242	1.0	-0.22	2.74	1.00	0.00	0.16	111115
101	"17:30:17"	20180318	77	0	6.25	0.0627	210	1.78	2.03	24.80	6	1.42	1	2.84	26.04	24.80	26.84	400.10	386.23	12.011	15.518	25.51	32.96	300.0	1700	5	71.85	8.37	0.0242	1.0	-0.22	2.74	1.00	0.00	0.16	111115
102	"17:30:18"	20180318	77	0	6.27	0.0626	209	1.78	2.03	24.79	6	1.42	1	2.84	26.04	24.79	26.84	400.11	386.20	12.011	15.516	25.51	32.96	300.0	1700	4	71.85	8.37	0.0242	1.0	-0.22	2.74	1.00	0.00	0.16	111115
103	"17:30:18"	20180318	77	0	6.26	0.0626	209	1.78	2.03	24.80	6	1.42	1	2.84	26.04	24.80	26.84	400.11	386.21	12.010	15.517	25.51	32.96	300.0	1700	4	71.85	8.37	0.0242	1.0	-0.22	2.74	1.00	0.00	0.16	111115
104	"17:30:19"	20180318	77	0	6.24	0.0626	210	1.78	2.03	24.80	6	1.42	1	2.84	26.05	24.80	26.84	400.08	386.22	12.010	15.517	25.51	32.95	300.0	1700	5	71.85	8.37	0.0242	1.0	-0.22	2.74	1.00	0.00	0.16	111115
105	"17:30:19"	20180318	77	0	6.22	0.0626	210	1.78	2.03	24.81	6	1.42	1	2.84	26.05	24.81	26.84	400.03	386.21	12.010	15.516	25.50	32.95	300.0	1700	5	71.85	8.37	0.0242	1.0	-0.22	2.74	1.00	0.00	0.16	111115
106	"17:30:20"	20180318	77	0	6.23	0.0626	210	1.78	2.03	24.81	6	1.42	1	2.84	26.05	24.81	26.84	400.01	386.17	12.011	15.517	25.50	32.95	300.0	1700	5	71.85	8.37	0.0242	1.0	-0.22	2.74	1.00	0.00	0.16	111115
107	"17:30:20"	20180318	77	0	6.21	0.0626	211	1.78	2.03	24.81	6	1.42	1	2.84	26.05	24.81	26.84	399.97	386.17	12.010	15.517	25.50	32.94	300.0	1700	4	71.85	8.37	0.0242	1.0	-0.22	2.74	1.00	0.00	0.16	111115
108	"17:30:21"	20180318	77	0	6.2	0.0626	211	1.78	2.03	24.81	6	1.42	1	2.84	26.05	24.81	26.84	399.97	386.20	12.010	15.516	25.50	32.94	300.0	1700	4	71.85	8.37	0.0242	1.0	-0.22	2.74	1.00	0.00	0.16	111115
109	"17:30:24"	20180318	77	0	6.29	0.0624	208	1.78	2.03	24.84	6	1.42	1	2.84	26.06	24.84	26.84	400.13	386.17	12.011	15.519	25.48	32.93	300.0	1699	4	71.85	8.37	0.0242	1.0	-0.22	2.74	1.00	0.00	0.16	111115
110	"17:30:24"	20180318	77	0	6.34	0.0624	207	1.78	2.04	24.85	6	1.42	1	2.84	26.06	24.85	26.84	400.17	386.11	12.010	15.522	25.48	32.93	300.0	1699	5	71.85	8.37	0.0242	1.0	-0.22	2.74	1.00	0.00	0.16	111115
"17:30:33 Coolers: Tblock -> 31.80 C"
"17:36:12 Flow: Fixed -> 300 umol/s"
111	"17:36:31"	20180318	77	0	5.89	0.0543	194	1.95	2.53	29.06	6	1.42	1	2.84	31.12	29.06	31.87	400.19	386.89	17.126	20.948	27.10	33.15	299.9	1699	3	71.86	9.89	-0.0415	1.0	-0.22	2.74	1.00	0.00	0.16	111115
112	"17:36:31"	20180318	77	0	5.88	0.0543	194	1.95	2.53	29.06	6	1.42	1	2.84	31.12	29.06	31.87	400.18	386.90	17.125	20.949	27.10	33.15	299.9	1699	3	71.86	9.89	-0.0415	1.0	-0.22	2.74	1.00	0.00	0.16	111115
113	"17:36:31"	20180318	77	0	5.88	0.0543	194	1.95	2.53	29.06	6	1.42	1	2.84	31.12	29.06	31.87	400.18	386.90	17.125	20.949	27.10	33.15	299.9	1699	3	71.86	9.89	-0.0415	1.0	-0.22	2.74	1.00	0.00	0.16	111115
114	"17:36:32"	20180318	77	0	5.87	0.0543	194	1.95	2.53	29.07	6	1.42	1	2.84	31.12	29.07	31.87	400.18	386.94	17.126	20.949	27.10	33.15	299.9	1699	3	71.86	9.89	-0.0415	1.0	-0.22	2.74	1.00	0.00	0.16	111115
115	"17:36:32"	20180318	77	0	5.85	0.0543	195	1.95	2.53	29.06	6	1.42	1	2.84	31.12	29.06	31.87	400.17	386.95	17.125	20.952	27.10	33.15	300.0	1699	3	71.86	9.89	-0.0415	1.0	-0.22	2.74	1.00	0.00	0.16	111115
116	"17:36:33"	20180318	77	0	5.84	0.0543	195	1.95	2.53	29.06	6	1.42	1	2.84	31.12	29.06	31.87	400.17	386.99	17.125	20.949	27.09	33.14	300.0	1699	3	71.86	9.89	-0.0415	1.0	-0.22	2.74	1.00	0.00	0.16	111115
117	"17:36:33"	20180318	77	0	5.84	0.0543	195	1.95	2.53	29.06	6	1.42	1	2.84	31.12	29.06	31.87	400.17	386.99	17.125	20.949	27.09	33.14	300.0	1699	3	71.86	9.89	-0.0415	1.0	-0.22	2.74	1.00	0.00	0.16	111115
118	"17:36:34"	20180318	77	0	5.82	0.0544	196	1.95	2.53	29.06	6	1.42	1	2.84	31.12	29.06	31.87	400.15	386.99	17.123	20.947	27.09	33.14	300.0	1699	3	71.86	9.89	-0.0415	1.0	-0.22	2.74	1.00	0.00	0.16	111115
119	"17:36:34"	20180318	77	0	5.81	0.0543	196	1.95	2.53	29.06	6	1.42	1	2.84	31.12	29.06	31.87	400.14	387.01	17.123	20.945	27.09	33.14	300.0	1699	3	71.86	9.89	-0.0415	1.0	-0.22	2.74	1.00	0.00	0.16	111115
120	"17:36:35"	20180318	77	0	5.82	0.0543	196	1.95	2.53	29.06	6	1.42	1	2.84	31.12	29.06	31.87	400.15	387.00	17.124	20.947	27.09	33.14	300.0	1699	3	71.86	9.89	-0.0415	1.0	-0.22	2.74	1.00	0.00	0.16	111115
121	"17:36:35"	20180318	77	0	5.85	0.0543	195	1.95	2.53	29.07	6	1.42	1	2.84	31.12	29.07	31.87	400.18	386.97	17.123	20.947	27.09	33.14	300.0	1699	3	71.86	9.89	-0.0415	1.0	-0.22	2.74	1.00	0.00	0.16	111115
122	"17:36:36"	20180318	77	0	5.86	0.0543	194	1.95	2.53	29.07	6	1.42	1	2.84	31.12	29.07	31.87	400.17	386.95	17.123	20.947	27.09	33.14	300.0	1699	3	71.86	9.89	-0.0415	1.0	-0.22	2.74	1.00	0.00	0.16	111115
123	"17:36:36"	20180318	77	0	5.87	0.0543	194	1.95	2.53	29.07	6	1.42	1	2.84	31.12	29.07	31.87	400.17	386.92	17.121	20.947	27.08	33.13	300.0	1699	3	71.86	9.89	-0.0415	1.0	-0.22	2.74	1.00	0.00	0.16	111115
124	"17:36:37"	20180318	77	0	5.86	0.0543	194	1.95	2.53	29.07	6	1.42	1	2.84	31.12	29.07	31.87	400.16	386.92	17.121	20.946	27.08	33.13	299.9	1699	3	71.86	9.89	-0.0415	1.0	-0.22	2.74	1.00	0.00	0.16	111115
125	"17:36:37"	20180318	77	0	5.88	0.0544	194	1.95	2.53	29.06	6	1.42	1	2.84	31.12	29.06	31.87	400.15	386.87	17.122	20.950	27.08	33.13	299.9	1699	3	71.86	9.89	-0.0415	1.0	-0.22	2.74	1.00	0.00	0.16	111115
"17:36:58 Coolers: Tblock -> 36.80 C"
"17:39:14 Flow: Fixed -> 300 umol/s"
126	"17:39:56"	20180318	77	0	6.42	0.0544	176	2.08	2.67	31.36	6	1.42	1	2.84	35.26	31.36	36.87	400.14	385.69	22.866	26.914	28.68	33.76	299.9	1699	3	71.86	10.6	-0.179	1.0	-0.22	2.74	1.00	0.00	0.16	111115
127	"17:39:56"	20180318	77	0	6.42	0.0544	176	2.08	2.67	31.36	6	1.42	1	2.84	35.26	31.36	36.87	400.14	385.69	22.866	26.914	28.68	33.76	299.9	1699	3	71.86	10.6	-0.179	1.0	-0.22	2.74	1.00	0.00	0.16	111115
128	"17:39:57"	20180318	77	0	6.43	0.0544	176	2.08	2.67	31.36	6	1.42	1	2.84	35.26	31.36	36.87	400.16	385.69	22.866	26.915	28.68	33.76	299.9	1699	3	71.86	10.6	-0.179	1.0	-0.22	2.74	1.00	0.00	0.16	111115
129	"17:39:57"	20180318	77	0	6.43	0.0544	176	2.08	2.67	31.36	6	1.42	1	2.84	35.26	31.36	36.87	400.16	385.69	22.866	26.915	28.68	33.76	299.9	1699	3	71.86	10.6	-0.179	1.0	-0.22	2.74	1.00	0.00	0.16	111115
130	"17:39:57"	20180318	77	0	6.38	0.0544	178	2.08	2.67	31.37	6	1.42	1	2.84	35.26	31.37	36.87	400.16	385.79	22.865	26.915	28.67	33.75	299.9	1699	3	71.86	10.6	-0.179	1.0	-0.22	2.74	1.00	0.00	0.16	111115
131	"17:39:58"	20180318	77	0	6.35	0.0543	178	2.08	2.68	31.38	6	1.42	1	2.84	35.26	31.38	36.87	400.16	385.86	22.865	26.915	28.67	33.75	299.9	1699	3	71.86	10.6	-0.179	1.0	-0.22	2.74	1.00	0.00	0.16	111115
132	"17:39:58"	20180318	77	0	6.37	0.0542	177	2.08	2.68	31.39	6	1.42	1	2.84	35.26	31.39	36.87	400.16	385.82	22.866	26.913	28.67	33.74	299.9	1699	3	71.86	10.6	-0.179	0.7	-0.22	2.74	1.00	0.00	0.16	111115
133	"17:39:59"	20180318	77	0	6.36	0.0542	177	2.08	2.68	31.40	6	1.42	1	2.84	35.26	31.40	36.87	400.17	385.84	22.866	26.915	28.67	33.75	299.9	1699	3	71.86	10.6	-0.179	0.7	-0.22	2.74	1.00	0.00	0.16	111115
134	"17:40:16"	20180318	77	0	6.22	0.054	181	2.1	2.71	31.52	6	1.42	1	2.84	35.30	31.52	36.87	400.26	386.19	22.868	26.947	28.61	33.71	299.9	1699	3	71.86	10.6	-0.179	1.0	-0.22	2.74	1.00	0.00	0.16	111115
135	"17:40:16"	20180318	77	0	6.22	0.054	181	2.1	2.71	31.52	6	1.42	1	2.84	35.30	31.52	36.87	400.26	386.19	22.868	26.947	28.61	33.71	299.9	1699	3	71.86	10.6	-0.179	1.0	-0.22	2.74	1.00	0.00	0.16	111115
136	"17:40:17"	20180318	77	0	6.24	0.0541	181	2.1	2.71	31.51	6	1.42	1	2.84	35.30	31.51	36.87	400.27	386.16	22.868	26.950	28.61	33.71	299.9	1699	3	71.86	10.6	-0.179	1.0	-0.22	2.74	1.00	0.00	0.16	111115
137	"17:40:17"	20180318	77	0	6.24	0.0541	181	2.1	2.71	31.51	6	1.42	1	2.84	35.30	31.51	36.87	400.27	386.16	22.868	26.950	28.61	33.71	299.9	1699	3	71.86	10.6	-0.179	1.0	-0.22	2.74	1.00	0.00	0.16	111115
138	"17:40:17"	20180318	77	0	6.24	0.0541	181	2.1	2.71	31.51	6	1.42	1	2.84	35.30	31.51	36.87	400.26	386.16	22.867	26.949	28.60	33.71	299.9	1699	3	71.86	10.6	-0.179	0.7	-0.22	2.74	1.00	0.00	0.16	111115
139	"17:40:18"	20180318	77	0	6.22	0.0541	181	2.09	2.71	31.51	6	1.42	1	2.84	35.31	31.51	36.87	400.21	386.16	22.868	26.946	28.60	33.71	299.9	1699	3	71.86	10.6	-0.179	0.7	-0.22	2.74	1.00	0.00	0.16	111115
140	"17:40:51"	20180318	77	0	6.3	0.0533	175	2.12	2.77	31.76	6	1.42	1	2.84	35.38	31.76	36.86	399.90	385.66	22.872	26.990	28.49	33.63	299.9	1699	3	71.86	10.6	-0.179	1.0	-0.22	2.74	1.00	0.00	0.16	111115
141	"17:40:52"	20180318	77	0	6.3	0.0532	175	2.11	2.77	31.77	6	1.42	1	2.84	35.38	31.77	36.86	399.88	385.65	22.873	26.989	28.50	33.62	299.9	1699	3	71.86	10.6	-0.179	1.0	-0.22	2.74	1.00	0.00	0.16	111115
142	"17:40:53"	20180318	77	0	6.32	0.0532	174	2.11	2.77	31.77	6	1.42	1	2.84	35.38	31.77	36.86	399.91	385.64	22.873	26.990	28.49	33.62	299.9	1699	3	71.86	10.6	-0.179	1.0	-0.22	2.74	1.00	0.00	0.16	111115
143	"17:40:53"	20180318	77	0	6.31	0.0532	175	2.12	2.78	31.78	6	1.42	1	2.84	35.38	31.78	36.86	399.91	385.66	22.873	26.991	28.49	33.62	299.9	1699	3	71.86	10.6	-0.179	1.0	-0.22	2.74	1.00	0.00	0.16	111115
144	"17:40:53"	20180318	77	0	6.33	0.0532	174	2.12	2.78	31.78	6	1.42	1	2.84	35.38	31.78	36.86	399.92	385.63	22.873	26.989	28.49	33.62	299.9	1699	3	71.86	10.6	-0.179	1.0	-0.22	2.74	1.00	0.00	0.16	111115
145	"17:40:54"	20180318	77	0	6.33	0.0532	174	2.12	2.78	31.78	6	1.42	1	2.84	35.38	31.78	36.86	399.92	385.63	22.873	26.989	28.49	33.62	299.9	1699	3	71.86	10.6	-0.179	1.0	-0.22	2.74	1.00	0.00	0.16	111115
146	"17:40:54"	20180318	77	0	6.32	0.0533	175	2.12	2.77	31.77	6	1.42	1	2.84	35.38	31.77	36.86	399.92	385.66	22.872	26.992	28.49	33.62	299.9	1699	3	71.86	10.6	-0.179	1.0	-0.22	2.74	1.00	0.00	0.16	111115
147	"17:40:55"	20180318	77	0	6.32	0.0533	175	2.12	2.77	31.77	6	1.42	1	2.84	35.38	31.77	36.86	399.92	385.66	22.872	26.992	28.49	33.62	299.9	1699	3	71.86	10.6	-0.179	1.0	-0.22	2.74	1.00	0.00	0.16	111115
148	"17:40:55"	20180318	77	0	6.3	0.0534	176	2.12	2.77	31.76	6	1.42	1	2.84	35.38	31.76	36.86	399.92	385.68	22.872	26.994	28.49	33.62	299.9	1699	3	71.86	10.6	-0.179	1.0	-0.22	2.74	1.00	0.00	0.16	111115
149	"17:40:56"	20180318	77	0	6.29	0.0533	176	2.12	2.77	31.77	6	1.42	1	2.84	35.38	31.77	36.87	399.88	385.68	22.873	26.992	28.49	33.62	299.9	1699	3	71.86	10.6	-0.179	1.0	-0.22	2.74	1.00	0.00	0.16	111115
150	"17:40:56"	20180318	77	0	6.29	0.0533	176	2.12	2.77	31.77	6	1.42	1	2.84	35.38	31.77	36.87	399.88	385.68	22.873	26.992	28.49	33.62	299.9	1699	3	71.86	10.6	-0.179	1.0	-0.22	2.74	1.00	0.00	0.16	111115
151	"17:40:57"	20180318	77	0	6.29	0.0534	176	2.12	2.77	31.76	6	1.42	1	2.84	35.39	31.76	36.86	399.90	385.67	22.871	26.995	28.48	33.62	299.9	1699	3	71.86	10.6	-0.179	1.0	-0.22	2.74	1.00	0.00	0.16	111115
152	"17:40:57"	20180318	77	0	6.28	0.0533	176	2.12	2.77	31.76	6	1.42	1	2.84	35.39	31.76	36.86	399.87	385.68	22.871	26.994	28.48	33.62	299.9	1699	3	71.86	10.6	-0.179	1.0	-0.22	2.74	1.00	0.00	0.16	111115
153	"17:40:57"	20180318	77	0	6.28	0.0533	176	2.12	2.77	31.77	6	1.42	1	2.84	35.39	31.77	36.86	399.85	385.65	22.871	26.994	28.48	33.62	299.9	1699	3	71.86	10.6	-0.179	1.0	-0.22	2.74	1.00	0.00	0.16	111115
154	"17:40:58"	20180318	77	0	6.25	0.0534	177	2.12	2.77	31.76	6	1.42	1	2.84	35.39	31.76	36.86	399.82	385.68	22.871	26.996	28.48	33.62	299.9	1699	3	71.86	10.6	-0.179	1.0	-0.22	2.74	1.00	0.00	0.16	111115
"17:41:43 Coolers: Tblock -> 41.80 C"
"17:43:24 Flow: Fixed -> 300 umol/s"
155	"17:43:44"	20180318	77	0	5.64	0.0521	188	2.44	3.25	33.63	6	1.42	1	2.84	39.45	33.63	41.86	399.26	386.10	22.842	27.584	22.81	27.54	299.9	1699	2	71.86	11.6	-0.222	1.0	-0.22	2.74	1.00	0.00	0.16	111115
156	"17:43:44"	20180318	77	0	5.63	0.052	188	2.44	3.25	33.64	6	1.42	1	2.84	39.45	33.64	41.86	399.27	386.13	22.843	27.579	22.80	27.53	299.9	1699	2	71.86	11.6	-0.222	1.0	-0.22	2.74	1.00	0.00	0.16	111115
157	"17:43:45"	20180318	77	0	5.63	0.052	188	2.44	3.25	33.64	6	1.42	1	2.84	39.45	33.64	41.86	399.27	386.13	22.843	27.579	22.80	27.53	299.9	1699	2	71.86	11.6	-0.222	1.0	-0.22	2.74	1.00	0.00	0.16	111115
158	"17:43:45"	20180318	77	0	5.6	0.0521	189	2.44	3.25	33.63	6	1.42	1	2.84	39.45	33.63	41.86	399.23	386.15	22.843	27.580	22.80	27.53	299.9	1699	2	71.86	11.6	-0.222	1.0	-0.22	2.74	1.00	0.00	0.16	111115
159	"17:43:45"	20180318	77	0	5.6	0.0521	189	2.44	3.25	33.63	6	1.42	1	2.84	39.45	33.63	41.86	399.23	386.15	22.843	27.580	22.80	27.53	299.9	1699	2	71.86	11.6	-0.222	1.0	-0.22	2.74	1.00	0.00	0.16	111115
160	"17:43:46"	20180318	77	0	5.62	0.0521	189	2.43	3.25	33.62	6	1.42	1	2.84	39.45	33.62	41.86	399.22	386.10	22.843	27.577	22.80	27.52	299.9	1699	2	71.86	11.6	-0.222	1.0	-0.22	2.74	1.00	0.00	0.16	111115
161	"17:43:46"	20180318	77	0	5.64	0.052	188	2.43	3.25	33.62	6	1.42	1	2.84	39.46	33.62	41.86	399.20	386.04	22.845	27.574	22.80	27.52	299.9	1699	2	71.86	11.6	-0.222	1.0	-0.22	2.74	1.00	0.00	0.16	111115
162	"17:43:47"	20180318	77	0	5.65	0.052	188	2.43	3.25	33.63	6	1.42	1	2.84	39.46	33.63	41.86	399.17	385.99	22.844	27.573	22.79	27.51	299.9	1699	2	71.86	11.6	-0.222	0.7	-0.22	2.74	1.00	0.00	0.16	111115
163	"17:43:47"	20180318	77	0	5.63	0.052	188	2.43	3.25	33.62	6	1.42	1	2.84	39.46	33.62	41.86	399.13	385.98	22.845	27.573	22.79	27.51	299.9	1699	2	71.86	11.6	-0.222	0.7	-0.22	2.74	1.00	0.00	0.16	111115
164	"17:44:04"	20180318	77	0	6.22	0.0508	166	2.43	3.32	33.86	6	1.42	1	2.84	39.54	33.86	41.87	400.12	385.80	22.845	27.572	22.70	27.39	299.9	1699	2	71.86	11.6	-0.222	1.0	-0.22	2.74	1.00	0.00	0.16	111115
165	"17:44:05"	20180318	77	0	6.22	0.0508	166	2.43	3.32	33.86	6	1.42	1	2.84	39.54	33.86	41.87	400.12	385.80	22.845	27.572	22.70	27.39	299.9	1699	2	71.86	11.6	-0.222	1.0	-0.22	2.74	1.00	0.00	0.16	111115
166	"17:44:06"	20180318	77	0	6.22	0.0508	165	2.43	3.32	33.87	6	1.42	1	2.84	39.55	33.87	41.87	400.20	385.89	22.845	27.574	22.69	27.39	299.9	1699	2	71.86	11.6	-0.222	1.0	-0.22	2.74	1.00	0.00	0.16	111115
167	"17:44:06"	20180318	77	0	6.22	0.0508	165	2.43	3.32	33.87	6	1.42	1	2.84	39.55	33.87	41.87	400.20	385.89	22.845	27.574	22.69	27.39	299.9	1699	2	71.86	11.6	-0.222	1.0	-0.22	2.74	1.00	0.00	0.16	111115
168	"17:44:07"	20180318	77	0	6.22	0.0507	165	2.43	3.33	33.88	6	1.42	1	2.84	39.55	33.88	41.87	400.25	385.93	22.845	27.573	22.69	27.38	299.9	1699	2	71.86	11.6	-0.222	1.0	-0.22	2.74	1.00	0.00	0.16	111115
169	"17:44:07"	20180318	77	0	6.21	0.0507	166	2.43	3.33	33.89	6	1.42	1	2.84	39.55	33.89	41.87	400.28	385.98	22.844	27.573	22.68	27.38	299.9	1699	2	71.86	11.6	-0.222	1.0	-0.22	2.74	1.00	0.00	0.16	111115
170	"17:44:08"	20180318	77	0	6.15	0.0507	167	2.43	3.33	33.89	6	1.42	1	2.84	39.55	33.89	41.86	400.25	386.06	22.844	27.568	22.68	27.37	299.9	1699	2	71.86	11.6	-0.222	0.7	-0.22	2.74	1.00	0.00	0.16	111115
171	"17:44:08"	20180318	77	0	6.13	0.0507	168	2.43	3.32	33.87	6	1.42	1	2.84	39.55	33.87	41.86	400.25	386.11	22.843	27.567	22.68	27.37	299.9	1699	2	71.86	11.6	-0.222	0.7	-0.22	2.74	1.00	0.00	0.16	111115
172	"17:44:09"	20180318	77	0	6.14	0.0508	168	2.43	3.32	33.86	6	1.42	1	2.84	39.56	33.86	41.86	400.29	386.13	22.843	27.566	22.67	27.36	299.9	1699	2	71.86	11.6	-0.222	0.7	-0.22	2.74	1.00	0.00	0.16	111115
173	"17:44:26"	20180318	77	0	5.79	0.0498	175	2.42	3.37	34.02	6	1.42	1	2.84	39.62	34.02	41.87	399.74	386.29	22.843	27.548	22.60	27.25	299.9	1699	2	71.86	11.6	-0.222	1.0	-0.22	2.74	1.00	0.00	0.16	111115
174	"17:44:26"	20180318	77	0	5.82	0.0498	174	2.42	3.37	34.02	6	1.42	1	2.84	39.62	34.02	41.87	399.77	386.26	22.843	27.551	22.60	27.25	299.9	1699	2	71.86	11.6	-0.222	1.0	-0.22	2.74	1.00	0.00	0.16	111115
175	"17:44:27"	20180318	77	0	5.82	0.0498	174	2.42	3.37	34.02	6	1.42	1	2.84	39.62	34.02	41.87	399.77	386.26	22.843	27.551	22.60	27.25	299.9	1699	2	71.86	11.6	-0.222	1.0	-0.22	2.74	1.00	0.00	0.16	111115
176	"17:44:27"	20180318	77	0	5.84	0.0498	174	2.42	3.37	34.03	6	1.42	1	2.84	39.62	34.03	41.87	399.78	386.22	22.844	27.554	22.59	27.25	299.9	1699	2	71.86	11.6	-0.222	1.0	-0.22	2.74	1.00	0.00	0.16	111115
177	"17:44:28"	20180318	77	0	5.84	0.0497	173	2.42	3.38	34.04	6	1.42	1	2.84	39.63	34.04	41.87	399.80	386.24	22.844	27.552	22.59	27.25	299.9	1699	2	71.86	11.6	-0.222	1.0	-0.22	2.74	1.00	0.00	0.16	111115
178	"17:44:28"	20180318	77	0	5.85	0.0498	173	2.42	3.37	34.04	6	1.42	1	2.84	39.63	34.04	41.87	399.80	386.23	22.844	27.551	22.59	27.24	299.9	1699	2	71.86	11.6	-0.222	1.0	-0.22	2.74	1.00	0.00	0.16	111115
179	"17:44:29"	20180318	77	0	5.87	0.0497	173	2.42	3.37	34.04	6	1.42	1	2.84	39.63	34.04	41.87	399.83	386.22	22.843	27.549	22.58	27.24	299.9	1699	2	71.86	11.6	-0.222	0.7	-0.22	2.74	1.00	0.00	0.16	111115
180	"17:44:29"	20180318	77	0	5.89	0.0498	172	2.42	3.37	34.03	6	1.42	1	2.84	39.63	34.03	41.87	399.87	386.22	22.842	27.550	22.58	27.24	299.9	1699	2	71.86	11.6	-0.222	0.7	-0.22	2.74	1.00	0.00	0.16	111115
181	"17:44:48"	20180318	77	0	6	0.0487	164	2.4	3.42	34.18	6	1.42	1	2.84	39.69	34.18	41.86	400.06	386.20	22.843	27.514	22.51	27.12	299.9	1698	2	71.87	11.6	-0.222	1.0	-0.22	2.74	1.00	0.00	0.16	111115
182	"17:44:49"	20180318	77	0	6.01	0.0487	164	2.4	3.42	34.17	6	1.42	1	2.84	39.69	34.17	41.86	400.10	386.23	22.843	27.516	22.51	27.12	299.9	1698	2	71.87	11.6	-0.222	1.0	-0.22	2.74	1.00	0.00	0.16	111115
183	"17:44:49"	20180318	77	0	6.01	0.0487	164	2.4	3.42	34.17	6	1.42	1	2.84	39.69	34.17	41.86	400.10	386.23	22.843	27.516	22.51	27.12	299.9	1698	2	71.87	11.6	-0.222	1.0	-0.22	2.74	1.00	0.00	0.16	111115
184	"17:44:50"	20180318	77	0	6.02	0.0487	164	2.4	3.42	34.18	6	1.42	1	2.84	39.69	34.18	41.86	400.16	386.27	22.843	27.518	22.51	27.12	299.9	1699	2	71.87	11.6	-0.222	1.0	-0.22	2.74	1.00	0.00	0.16	111115
185	"17:44:50"	20180318	77	0	6.01	0.0488	164	2.4	3.42	34.18	6	1.42	1	2.84	39.69	34.18	41.86	400.18	386.31	22.841	27.519	22.51	27.12	299.9	1699	2	71.87	11.6	-0.222	1.0	-0.22	2.74	1.00	0.00	0.16	111115
186	"17:44:50"	20180318	77	0	6	0.0487	164	2.4	3.42	34.19	6	1.42	1	2.84	39.70	34.19	41.86	400.19	386.32	22.842	27.518	22.51	27.11	299.9	1699	2	71.86	11.6	-0.222	1.0	-0.22	2.74	1.00	0.00	0.16	111115
187	"17:44:51"	20180318	77	0	5.99	0.0486	164	2.4	3.43	34.20	6	1.42	1	2.84	39.70	34.20	41.86	400.23	386.38	22.843	27.517	22.50	27.11	299.9	1699	2	71.86	11.6	-0.222	1.0	-0.22	2.74	1.00	0.00	0.16	111115
188	"17:44:51"	20180318	77	0	5.97	0.0486	165	2.4	3.43	34.22	6	1.42	1	2.84	39.70	34.22	41.86	400.26	386.46	22.842	27.516	22.50	27.11	299.9	1699	2	71.86	11.6	-0.222	1.0	-0.22	2.74	1.00	0.00	0.16	111115
189	"17:44:52"	20180318	77	0	5.95	0.0485	165	2.4	3.44	34.23	6	1.42	1	2.84	39.70	34.23	41.86	400.28	386.51	22.841	27.514	22.50	27.10	299.9	1700	2	71.86	11.6	-0.222	1.0	-0.22	2.74	1.00	0.00	0.16	111115
190	"17:44:52"	20180318	77	0	5.95	0.0485	165	2.4	3.44	34.23	6	1.42	1	2.84	39.70	34.23	41.86	400.28	386.51	22.841	27.514	22.50	27.10	299.9	1700	2	71.86	11.6	-0.222	1.0	-0.22	2.74	1.00	0.00	0.16	111115
191	"17:44:53"	20180318	77	0	5.96	0.0485	165	2.4	3.44	34.23	6	1.42	1	2.84	39.70	34.23	41.86	400.29	386.51	22.841	27.514	22.50	27.10	299.9	1700	2	71.87	11.6	-0.222	1.0	-0.22	2.74	1.00	0.00	0.16	111115
192	"17:44:53"	20180318	77	0	5.94	0.0485	165	2.4	3.43	34.23	6	1.42	1	2.84	39.70	34.23	41.86	400.28	386.53	22.841	27.513	22.50	27.10	299.9	1700	2	71.87	11.6	-0.222	1.0	-0.22	2.74	1.00	0.00	0.16	111115
193	"17:44:54"	20180318	77	0	5.94	0.0486	166	2.4	3.43	34.21	6	1.42	1	2.84	39.70	34.21	41.86	400.27	386.53	22.839	27.516	22.49	27.10	299.9	1700	2	71.87	11.6	-0.222	1.0	-0.22	2.74	1.00	0.00	0.16	111115
194	"17:44:54"	20180318	77	0	5.94	0.0487	167	2.4	3.42	34.18	6	1.42	1	2.84	39.71	34.18	41.86	400.28	386.54	22.841	27.516	22.49	27.10	299.9	1700	2	71.87	11.6	-0.222	0.7	-0.22	2.74	1.00	0.00	0.16	111115
195	"17:44:55"	20180318	77	0	5.94	0.0488	167	2.4	3.42	34.17	6	1.42	1	2.84	39.71	34.17	41.86	400.31	386.57	22.840	27.516	22.49	27.10	299.9	1700	2	71.87	11.6	-0.222	0.7	-0.22	2.74	1.00	0.00	0.16	111115
"17:45:13 Coolers: Tblock -> 46.80 C"
"17:47:46 Flow: Fixed -> 300 umol/s"
196	"17:48:09"	20180318	77	0	5.02	0.0442	176	2.65	4.13	36.49	6	1.42	1	2.84	44.02	36.49	46.86	399.96	387.85	22.650	27.809	17.77	21.82	300.0	1699	1	71.87	13.4	-0.219	1.0	-0.22	2.74	1.00	0.00	0.16	111115
197	"17:48:10"	20180318	77	0	5.03	0.0442	176	2.65	4.13	36.48	6	1.42	1	2.84	44.02	36.48	46.86	399.96	387.84	22.650	27.809	17.77	21.82	299.9	1699	1	71.87	13.4	-0.219	1.0	-0.22	2.74	1.00	0.00	0.16	111115
198	"17:48:10"	20180318	77	0	5.03	0.0442	176	2.65	4.13	36.48	6	1.42	1	2.84	44.02	36.48	46.86	399.96	387.84	22.650	27.809	17.77	21.82	299.9	1699	1	71.87	13.4	-0.219	1.0	-0.22	2.74	1.00	0.00	0.16	111115
199	"17:48:10"	20180318	77	0	5.08	0.0443	174	2.65	4.13	36.48	6	1.42	1	2.84	44.02	36.48	46.86	399.99	387.78	22.649	27.809	17.77	21.81	300.0	1699	1	71.87	13.4	-0.219	1.0	-0.22	2.74	1.00	0.00	0.16	111115
200	"17:48:11"	20180318	77	0	5.07	0.0442	175	2.65	4.13	36.48	6	1.42	1	2.84	44.02	36.48	46.86	399.98	387.79	22.649	27.807	17.76	21.81	300.0	1699	1	71.87	13.4	-0.219	1.0	-0.22	2.74	1.00	0.00	0.16	111115
201	"17:48:11"	20180318	77	0	5.06	0.0442	175	2.65	4.13	36.50	6	1.42	1	2.84	44.02	36.50	46.86	399.97	387.79	22.648	27.804	17.76	21.81	299.9	1699	1	71.87	13.4	-0.219	1.0	-0.22	2.74	1.00	0.00	0.16	111115
202	"17:48:12"	20180318	77	0	5.06	0.0442	175	2.65	4.13	36.50	6	1.42	1	2.84	44.02	36.50	46.86	399.97	387.79	22.648	27.804	17.76	21.81	299.9	1699	1	71.87	13.4	-0.219	1.0	-0.22	2.74	1.00	0.00	0.16	111115
203	"17:48:12"	20180318	77	0	5.05	0.044	175	2.65	4.14	36.52	6	1.42	1	2.84	44.03	36.52	46.86	399.97	387.82	22.649	27.802	17.76	21.80	300.0	1699	1	71.87	13.4	-0.219	1.0	-0.22	2.74	1.00	0.00	0.16	111115
204	"17:48:13"	20180318	77	0	5.1	0.044	173	2.65	4.15	36.53	6	1.42	1	2.84	44.03	36.53	46.85	400.01	387.76	22.650	27.801	17.76	21.80	300.0	1699	1	71.87	13.4	-0.219	1.0	-0.22	2.74	1.00	0.00	0.16	111115
205	"17:48:13"	20180318	77	0	5.11	0.0441	172	2.65	4.14	36.51	6	1.42	1	2.84	44.03	36.51	46.85	400.02	387.75	22.651	27.805	17.76	21.80	300.0	1699	1	71.87	13.4	-0.219	1.0	-0.22	2.74	1.00	0.00	0.16	111115
206	"17:48:14"	20180318	77	0	5.14	0.0441	172	2.65	4.14	36.50	6	1.42	1	2.84	44.03	36.50	46.85	400.04	387.70	22.650	27.805	17.76	21.80	300.0	1699	1	71.87	13.4	-0.219	1.0	-0.22	2.74	1.00	0.00	0.16	111115
207	"17:48:14"	20180318	77	0	5.15	0.0442	172	2.65	4.13	36.49	6	1.42	1	2.84	44.03	36.49	46.85	400.05	387.70	22.651	27.805	17.76	21.80	300.0	1699	1	71.88	13.4	-0.219	1.0	-0.22	2.74	1.00	0.00	0.16	111115
208	"17:48:15"	20180318	77	0	5.14	0.0442	172	2.65	4.13	36.47	6	1.42	1	2.84	44.03	36.47	46.85	400.03	387.68	22.652	27.805	17.76	21.80	299.9	1699	1	71.87	13.4	-0.219	1.0	-0.22	2.74	1.00	0.00	0.16	111115
209	"17:48:15"	20180318	77	0	5.17	0.0443	171	2.65	4.12	36.47	6	1.42	1	2.84	44.04	36.47	46.85	400.05	387.64	22.651	27.807	17.75	21.80	299.9	1699	1	71.88	13.4	-0.219	1.0	-0.22	2.74	1.00	0.00	0.16	111115
210	"17:48:16"	20180318	77	0	5.2	0.0443	170	2.65	4.12	36.46	6	1.42	1	2.84	44.04	36.46	46.85	400.08	387.63	22.652	27.808	17.75	21.80	299.9	1699	1	71.88	13.4	-0.219	1.0	-0.22	2.74	1.00	0.00	0.16	111115
"17:48:31 Coolers: Tblock -> 50.00 C"
"17:50:49 Flow: Fixed -> 300 umol/s"
211	"17:51:05"	20180318	77	0	4.65	0.0421	178	2.86	4.65	38.05	6	1.42	1	2.84	46.68	38.05	49.74	399.80	388.27	22.530	28.094	15.41	19.22	300.0	1699	1	71.88	14	-0.221	1.0	-0.22	2.74	1.00	0.00	0.16	111115
212	"17:51:06"	20180318	77	0	4.65	0.0421	178	2.86	4.66	38.07	6	1.42	1	2.84	46.69	38.07	49.74	399.78	388.25	22.530	28.095	15.41	19.22	300.0	1699	1	71.88	14	-0.221	1.0	-0.22	2.74	1.00	0.00	0.16	111115
213	"17:51:06"	20180318	77	0	4.62	0.042	179	2.86	4.67	38.09	6	1.42	1	2.84	46.69	38.09	49.74	399.71	388.23	22.528	28.094	15.41	19.22	300.0	1699	1	71.88	14	-0.221	1.0	-0.22	2.74	1.00	0.00	0.16	111115
214	"17:51:06"	20180318	77	0	4.62	0.042	179	2.86	4.67	38.09	6	1.42	1	2.84	46.69	38.09	49.74	399.71	388.23	22.528	28.094	15.41	19.22	300.0	1699	1	71.88	14	-0.221	1.0	-0.22	2.74	1.00	0.00	0.16	111115
215	"17:51:07"	20180318	77	0	4.59	0.0422	181	2.86	4.65	38.03	6	1.42	1	2.84	46.69	38.03	49.74	399.64	388.23	22.530	28.091	15.41	19.21	300.0	1699	1	71.88	14	-0.221	1.0	-0.22	2.74	1.00	0.00	0.16	111115
216	"17:51:07"	20180318	77	0	4.59	0.0422	181	2.86	4.65	38.03	6	1.42	1	2.84	46.69	38.03	49.74	399.64	388.23	22.530	28.091	15.41	19.21	300.0	1699	1	71.88	14	-0.221	1.0	-0.22	2.74	1.00	0.00	0.16	111115
217	"17:51:08"	20180318	77	0	4.59	0.0423	181	2.86	4.64	38.00	6	1.42	1	2.84	46.69	38.00	49.74	399.61	388.21	22.529	28.096	15.41	19.21	300.0	1699	1	71.88	14	-0.221	1.0	-0.22	2.74	1.00	0.00	0.16	111115
218	"17:51:08"	20180318	77	0	4.58	0.0423	181	2.86	4.64	38.01	6	1.42	1	2.84	46.69	38.01	49.74	399.58	388.20	22.528	28.093	15.40	19.21	300.0	1699	1	71.88	14	-0.221	1.0	-0.22	2.74	1.00	0.00	0.16	111115
219	"17:51:09"	20180318	77	0	4.55	0.0422	182	2.86	4.65	38.03	6	1.42	1	2.84	46.70	38.03	49.74	399.55	388.22	22.529	28.095	15.40	19.21	300.0	1699	1	71.88	14	-0.221	1.0	-0.22	2.74	1.00	0.00	0.16	111115
220	"17:51:09"	20180318	77	0	4.6	0.0421	180	2.86	4.65	38.05	6	1.42	1	2.84	46.70	38.05	49.74	399.57	388.14	22.529	28.093	15.40	19.20	300.0	1699	1	71.88	14	-0.221	1.0	-0.22	2.74	1.00	0.00	0.16	111115
221	"17:51:10"	20180318	77	0	4.64	0.0421	178	2.86	4.66	38.05	6	1.42	1	2.84	46.70	38.05	49.74	399.58	388.07	22.528	28.091	15.40	19.20	300.0	1699	1	71.88	14	-0.221	1.0	-0.22	2.74	1.00	0.00	0.16	111115
222	"17:51:10"	20180318	77	0	4.66	0.0421	177	2.86	4.66	38.05	6	1.42	1	2.84	46.70	38.05	49.74	399.57	388.02	22.529	28.093	15.40	19.20	299.9	1699	1	71.88	14	-0.221	1.0	-0.22	2.74	1.00	0.00	0.16	111115
223	"17:51:11"	20180318	77	0	4.65	0.0421	178	2.86	4.66	38.07	6	1.42	1	2.84	46.70	38.07	49.74	399.56	388.03	22.529	28.093	15.40	19.20	300.0	1699	1	71.88	14	-0.221	1.0	-0.22	2.74	1.00	0.00	0.16	111115
224	"17:51:11"	20180318	77	0	4.67	0.0419	176	2.86	4.68	38.12	6	1.42	1	2.84	46.71	38.12	49.74	399.58	388.02	22.529	28.096	15.39	19.20	300.0	1699	1	71.88	14	-0.221	1.0	-0.22	2.74	1.00	0.00	0.16	111115
225	"17:51:11"	20180318	77	0	4.68	0.0419	176	2.86	4.68	38.13	6	1.42	1	2.84	46.71	38.13	49.74	399.57	387.99	22.530	28.095	15.39	19.20	300.0	1699	1	71.88	14	-0.221	1.0	-0.22	2.74	1.00	0.00	0.16	111115
