"OPEN 6.3.4"
"Mon Mar 19 2018 08:22:07"
<open><version>"6.3.4"</version></open>
<open><configfile>"/User/Configs/UserPrefs/LED2x3.xml"</configfile></open>
<open><light><source>"6400-02 or -02B LED Source"</source><par_in>1<sensor>"SI-2503"<cal>-0.86<actinity>1.00</actinity><transm>1.00</transm></cal></sensor><transm>1</transm></par_in><par_out>1<sensor>"Q40491"<cal>6.5</cal></sensor></par_out></light></open>
<open><comps><file>"/User/Configs/Comps/StdComps_6.1"<header>""</header><extras></extras></file><energybal>no<f_parIn>1</f_parIn><f_parOut>0</f_parOut><alphaK>0.16</alphaK></energybal><bc_total>2.840<stomatal_ratio>1</stomatal_ratio><bc_oneside>1.420<type>2</type><table>"/Sys/Lib/StdBLCTable"</table><area>6</area><slope>-0.219565</slope><offset>2.73739</offset><fan>5</fan></bc_oneside></bc_total></comps></open>
<open><prompts><onlog>off</onlog><items>"Default (none)"</items></prompts></open>
<open><constants><oxygen>21 %</oxygen><bb_vapor>1.5</bb_vapor><bb_oxy>0.9</bb_oxy></constants></open>
<open><stability><items>"Std Stability"<items[1]><id>-2</id><size>15</size><pcv><onoff>0</onoff><value>1</value></pcv><std><onoff>0</onoff><value>1</value></std><slp><onoff>1</onoff><value>1</value></slp></items[1]><items[2]><id>-5</id><size>15</size><pcv><onoff>0</onoff><value>1</value></pcv><std><onoff>0</onoff><value>1</value></std><slp><onoff>1</onoff><value>1</value></slp></items[2]><items[3]><id>-7</id><size>15</size><pcv><onoff>0</onoff><value>1</value></pcv><std><onoff>0</onoff><value>1</value></std><slp><onoff>1</onoff><value>1</value></slp></items[3]></items></stability></open>
<open><log><format>"StdLogFmt_6.0"<items>{ -35 -21 -70 -69 -76 30 23 36 21 25 221 -33 111 -34 11 -9 -10 -8 -1 -2 -4 -5 -14 -15 -7 -12 -13 -11 -65 -66 -72 -18 -19 -77 -78 -79 -23  }<hdr>{  }</hdr></items></format><options><beep>on</beep><match>"never"<time>30</time><co2>100</co2><delta>10</delta></match><hdr>normal</hdr><rem>normal</rem><stab>no</stab><stats>no<mean>no</mean><file>no</file><period>15</period></stats><excel>yes</excel><controls>yes</controls><comm>no</comm></options><datafile>"/User/031918-LH-HAL6233"</datafile><button><action>"Normal Log"<code>" LogOneObsManual "</code></action></button><autoprog>"/User/Configs/AutoProgs/AutoLog2"<active>no</active></autoprog></log></open>
<open><a2d><avgtime>4.0 secs</avgtime><userchans><ch20>"Off"</ch20><ch21>"Off"</ch21><ch22>"Off"</ch22><ch23>"Off"</ch23></userchans></a2d></open>
<open><matching><type>0</type><disp>'a'</disp><settings>><CO2Limit>10.0</CO2Limit><H2OLimit>1.0</H2OLimit><MaxAutoTime>60</MaxAutoTime><AverageTime>10</AverageTime></settings></matching></open>
<li6400><factory><unit>"PSC-2470"</unit><serviced>"5 Feb 2018"</serviced><fuseaware>0</fuseaware><co2mixer>yes</co2mixer><co2><coeffs>{ 0 0.214772 2.55802e-05 1.93228e-08 -3.02262e-12 2.75724e-16  }</coeffs><dvdt>-4</dvdt><xs>{ 9.11e-05 0.00178  }</xs></co2><h2o><coeffs>{ 0 0.00581526 2.16703e-06 7.69607e-12  }</coeffs><dvdt>-2.9</dvdt><xs>{ -0.000111 -0.00256  }</xs></h2o><flow>{ 0 0.3696  }</flow><press>{ 86.913 0.00551  }</press></factory></li6400>
<li6400><user><flow_zero>-3.5</flow_zero><irga_zero><co2>113.5 152.5<at>27.1329</at></co2><h2o>-3.5 -3.5<at>28.1091</at></h2o></irga_zero><irga_span><co2>{ 0.990134 0.992694  }</co2><h2o>{ 0.996743 0.99801  }</h2o></irga_span><irga_match><co2>{ 0.110267 5.76313  }</co2><h2o>{ -0.0816591 0.052832  }</h2o></irga_match><co2_mixer><pump_mv>4500</pump_mv><ppm>{ 2352.67 1117.67 439.284 266.3 121.188 70.6751 48.8233 48.8102  }</ppm><mv>{ 5000 3000 1500 1000 500 300 200 100  }</mv></co2_mixer><parin_offset>-0.211894</parin_offset><led_cal><unit>"SI-2503"</unit><mv>{ 10 25 50 100 1000 2000 3000 4000 5000  }</mv><qntm>{ 1.83047 9.20354 23.3042 57.5395 736.221 1467.2 2160.1 2821.48 3447.04  }</qntm></led_cal><lcf_cal><unit>"LCF-0981"</unit><red><mv>{ 50 100 200 400 800 1500  }</mv><qntm>{ 64.6036 145.758 312.409 661.73 1377.94 2641.23  }</qntm></red><blue><mv>{ 100 500 1000 2000 3000 4000 5000  }</mv><qntm>{ 11.107 44.4539 81.9578 145.168 203.372 256.093 300.56  }</qntm></blue></lcf_cal></user></li6400>
"08:22:09 "
$STARTOFDATA$
"Obs"	"HHMMSS"	"YYYYMMDD"	"DOY"	"EBal?"	"Photo"	"Cond"	"Ci"	"Trmmol"	"VpdL"	"CTleaf"	"Area"	"BLC_1"	"StmRat"	"BLCond"	"Tair"	"Tleaf"	"TBlk"	"CO2R"	"CO2S"	"H2OR"	"H2OS"	"RH_R"	"RH_S"	"Flow"	"PARi"	"PARo"	"Press"	"CsMch"	"HsMch"	"StableF"	"BLCslope"	"BLCoffst"	"f_parin"	"f_parout"	"alphaK"	"Status"
1	"08:22:21"	20180319	78	0	3.36	0.0512	277	0.854	1.21	13.74	6	1.42	1	2.84	6.35	13.74	4.14	400.12	392.72	3.412	5.111	25.59	38.34	300.0	1699	4	72.17	5.76	0.0528	1.0	-0.22	2.74	1.00	0.00	0.16	111115
2	"08:22:22"	20180319	78	0	3.36	0.0512	277	0.854	1.21	13.74	6	1.42	1	2.84	6.35	13.74	4.14	400.12	392.72	3.412	5.111	25.59	38.34	300.0	1699	4	72.17	5.76	0.0528	1.0	-0.22	2.74	1.00	0.00	0.16	111115
3	"08:22:22"	20180319	78	0	3.35	0.0511	277	0.853	1.21	13.75	6	1.42	1	2.84	6.35	13.75	4.14	400.07	392.70	3.413	5.110	25.60	38.34	300.0	1699	4	72.17	5.76	0.0528	1.0	-0.22	2.74	1.00	0.00	0.16	111115
4	"08:22:23"	20180319	78	0	3.36	0.051	277	0.852	1.21	13.75	6	1.42	1	2.84	6.35	13.75	4.14	400.04	392.65	3.414	5.108	25.61	38.32	300.0	1699	4	72.17	5.76	0.0528	1.0	-0.22	2.74	1.00	0.00	0.16	111115
5	"08:22:23"	20180319	78	0	3.34	0.051	277	0.851	1.21	13.75	6	1.42	1	2.84	6.35	13.75	4.14	400.00	392.65	3.415	5.108	25.61	38.32	300.0	1699	4	72.17	5.76	0.0528	1.0	-0.22	2.74	1.00	0.00	0.16	111115
6	"08:22:24"	20180319	78	0	3.36	0.051	277	0.852	1.21	13.75	6	1.42	1	2.84	6.36	13.75	4.14	400.00	392.62	3.415	5.109	25.61	38.32	300.1	1699	4	72.17	5.76	0.0528	1.0	-0.22	2.74	1.00	0.00	0.16	111115
7	"08:22:24"	20180319	78	0	3.33	0.051	277	0.851	1.21	13.75	6	1.42	1	2.84	6.36	13.75	4.14	399.95	392.61	3.416	5.109	25.62	38.32	300.1	1699	4	72.17	5.76	0.0528	0.7	-0.22	2.74	1.00	0.00	0.16	111115
8	"08:22:25"	20180319	78	0	3.3	0.051	278	0.85	1.21	13.75	6	1.42	1	2.84	6.36	13.75	4.14	399.86	392.60	3.417	5.109	25.63	38.32	300.1	1699	4	72.17	5.76	0.0528	0.7	-0.22	2.74	1.00	0.00	0.16	111115
9	"08:22:26"	20180319	78	0	3.27	0.051	279	0.851	1.21	13.75	6	1.42	1	2.84	6.36	13.75	4.14	399.81	392.61	3.417	5.109	25.63	38.32	300.1	1699	4	72.17	5.76	0.0528	0.7	-0.22	2.74	1.00	0.00	0.16	111115
10	"08:22:26"	20180319	78	0	3.26	0.0509	279	0.85	1.21	13.75	6	1.42	1	2.84	6.36	13.75	4.14	399.73	392.54	3.417	5.107	25.62	38.30	300.1	1699	5	72.17	5.76	0.0528	0.7	-0.22	2.74	1.00	0.00	0.16	111115
11	"08:22:27"	20180319	78	0	3.23	0.051	280	0.851	1.21	13.75	6	1.42	1	2.84	6.36	13.75	4.14	399.68	392.54	3.416	5.110	25.62	38.32	300.1	1699	5	72.17	5.76	0.0528	0.7	-0.22	2.74	1.00	0.00	0.16	111115
12	"08:22:28"	20180319	78	0	3.24	0.051	280	0.851	1.21	13.75	6	1.42	1	2.84	6.36	13.75	4.14	399.66	392.51	3.416	5.109	25.62	38.32	300.1	1699	5	72.17	5.76	0.0528	0.7	-0.22	2.74	1.00	0.00	0.16	111115
13	"08:22:28"	20180319	78	0	3.24	0.051	280	0.851	1.21	13.75	6	1.42	1	2.84	6.36	13.75	4.14	399.60	392.44	3.416	5.109	25.62	38.31	300.0	1699	4	72.17	5.76	0.0528	0.7	-0.22	2.74	1.00	0.00	0.16	111115
14	"08:22:29"	20180319	78	0	3.27	0.051	279	0.852	1.21	13.76	6	1.42	1	2.84	6.36	13.76	4.14	399.61	392.41	3.416	5.110	25.61	38.32	300.0	1699	4	72.17	5.76	0.0528	0.7	-0.22	2.74	1.00	0.00	0.16	111115
15	"08:22:29"	20180319	78	0	3.27	0.051	279	0.852	1.21	13.75	6	1.42	1	2.84	6.36	13.75	4.14	399.57	392.36	3.415	5.111	25.61	38.32	300.0	1699	4	72.17	5.76	0.0528	0.7	-0.22	2.74	1.00	0.00	0.16	111115
"08:22:47 Coolers: Tblock -> 9.00 C"
"08:27:42 Flow: Fixed -> 300 umol/s"
"08:29:57 Flow: Fixed -> 300 umol/s"
16	"08:30:04"	20180319	78	0	4.11	0.0541	258	1.02	1.36	16.15	6	1.42	1	2.84	10.50	16.15	9.05	400.02	391.00	4.602	6.628	26.06	37.53	300.1	1699	4	72.17	6.15	0.0484	1.0	-0.22	2.74	1.00	0.00	0.16	111115
17	"08:30:04"	20180319	78	0	4.11	0.0541	258	1.02	1.36	16.15	6	1.42	1	2.84	10.50	16.15	9.05	400.02	391.00	4.602	6.628	26.06	37.53	300.1	1699	4	72.17	6.15	0.0484	1.0	-0.22	2.74	1.00	0.00	0.16	111115
18	"08:30:05"	20180319	78	0	4.09	0.0541	258	1.02	1.36	16.14	6	1.42	1	2.84	10.50	16.14	9.05	399.99	391.02	4.601	6.626	26.06	37.53	300.0	1700	4	72.17	6.15	0.0484	1.0	-0.22	2.74	1.00	0.00	0.16	111115
19	"08:30:05"	20180319	78	0	4.06	0.0542	259	1.02	1.36	16.14	6	1.42	1	2.84	10.50	16.14	9.05	399.98	391.05	4.601	6.628	26.05	37.53	300.0	1699	4	72.17	6.15	0.0484	1.0	-0.22	2.74	1.00	0.00	0.16	111115
20	"08:30:06"	20180319	78	0	4.07	0.0542	259	1.02	1.36	16.13	6	1.42	1	2.84	10.50	16.13	9.05	399.96	391.02	4.601	6.626	26.06	37.52	300.0	1700	4	72.17	6.15	0.0484	1.0	-0.22	2.74	1.00	0.00	0.16	111115
21	"08:30:06"	20180319	78	0	4.08	0.0542	258	1.02	1.36	16.13	6	1.42	1	2.84	10.50	16.13	9.05	399.95	390.99	4.601	6.625	26.05	37.52	300.0	1700	4	72.17	6.15	0.0484	1.0	-0.22	2.74	1.00	0.00	0.16	111115
22	"08:30:07"	20180319	78	0	4.07	0.0542	259	1.02	1.36	16.13	6	1.42	1	2.84	10.50	16.13	9.05	399.97	391.03	4.601	6.626	26.05	37.52	300.0	1700	4	72.17	6.15	0.0484	1.0	-0.22	2.74	1.00	0.00	0.16	111115
23	"08:30:07"	20180319	78	0	4.09	0.0541	258	1.02	1.36	16.14	6	1.42	1	2.84	10.50	16.14	9.05	399.97	391.00	4.602	6.626	26.06	37.52	300.0	1700	4	72.17	6.15	0.0484	1.0	-0.22	2.74	1.00	0.00	0.16	111115
24	"08:30:08"	20180319	78	0	4.08	0.0541	258	1.02	1.36	16.14	6	1.42	1	2.84	10.50	16.14	9.05	399.95	390.99	4.602	6.627	26.06	37.52	300.1	1700	4	72.17	6.15	0.0484	1.0	-0.22	2.74	1.00	0.00	0.16	111115
25	"08:30:08"	20180319	78	0	4.08	0.0541	258	1.02	1.36	16.13	6	1.42	1	2.84	10.50	16.13	9.05	399.95	390.99	4.602	6.625	26.06	37.51	300.1	1700	4	72.17	6.15	0.0484	1.0	-0.22	2.74	1.00	0.00	0.16	111115
26	"08:30:09"	20180319	78	0	4.09	0.054	258	1.02	1.36	16.13	6	1.42	1	2.84	10.50	16.13	9.05	399.95	390.98	4.603	6.623	26.06	37.50	300.1	1700	4	72.17	6.15	0.0484	1.0	-0.22	2.74	1.00	0.00	0.16	111115
27	"08:30:09"	20180319	78	0	4.09	0.054	258	1.02	1.36	16.13	6	1.42	1	2.84	10.50	16.13	9.05	399.95	390.98	4.602	6.622	26.05	37.49	300.0	1699	4	72.17	6.15	0.0484	1.0	-0.22	2.74	1.00	0.00	0.16	111115
28	"08:30:10"	20180319	78	0	4.1	0.054	257	1.02	1.36	16.14	6	1.42	1	2.84	10.50	16.14	9.05	399.96	390.96	4.603	6.622	26.06	37.49	300.1	1699	4	72.17	6.15	0.0484	1.0	-0.22	2.74	1.00	0.00	0.16	111115
29	"08:30:11"	20180319	78	0	4.13	0.054	257	1.02	1.36	16.13	6	1.42	1	2.84	10.50	16.13	9.05	399.96	390.91	4.603	6.621	26.06	37.49	300.1	1699	4	72.17	6.15	0.0484	1.0	-0.22	2.74	1.00	0.00	0.16	111115
30	"08:30:11"	20180319	78	0	4.12	0.054	257	1.02	1.36	16.12	6	1.42	1	2.84	10.50	16.12	9.05	399.93	390.90	4.602	6.620	26.06	37.48	300.0	1699	4	72.17	6.15	0.0484	1.0	-0.22	2.74	1.00	0.00	0.16	111115
"08:30:23 Coolers: Tblock -> 14.00 C"
"08:33:37 Flow: Fixed -> 300 umol/s"
31	"08:33:44"	20180319	78	0	4.76	0.0562	241	1.15	1.48	18.07	6	1.42	1	2.84	14.52	18.07	14.05	399.99	389.59	6.025	8.309	26.22	36.15	300.0	1700	4	72.18	6.15	0.0484	1.0	-0.22	2.74	1.00	0.00	0.16	111115
32	"08:33:44"	20180319	78	0	4.76	0.0562	241	1.15	1.48	18.07	6	1.42	1	2.84	14.52	18.07	14.05	399.99	389.59	6.025	8.309	26.22	36.15	300.0	1700	4	72.18	6.15	0.0484	1.0	-0.22	2.74	1.00	0.00	0.16	111115
33	"08:33:45"	20180319	78	0	4.8	0.0562	240	1.15	1.48	18.07	6	1.42	1	2.84	14.52	18.07	14.05	400.08	389.58	6.026	8.309	26.22	36.15	300.0	1699	4	72.18	6.15	0.0484	1.0	-0.22	2.74	1.00	0.00	0.16	111115
34	"08:33:45"	20180319	78	0	4.79	0.0562	240	1.15	1.48	18.07	6	1.42	1	2.84	14.52	18.07	14.05	400.09	389.60	6.026	8.310	26.22	36.15	300.0	1699	4	72.18	6.15	0.0484	1.0	-0.22	2.74	1.00	0.00	0.16	111115
35	"08:33:46"	20180319	78	0	4.81	0.0562	240	1.15	1.48	18.08	6	1.42	1	2.84	14.52	18.08	14.05	400.10	389.58	6.027	8.311	26.22	36.16	300.0	1699	4	72.18	6.15	0.0484	1.0	-0.22	2.74	1.00	0.00	0.16	111115
36	"08:33:46"	20180319	78	0	4.8	0.0562	240	1.15	1.48	18.08	6	1.42	1	2.84	14.52	18.08	14.05	400.09	389.60	6.027	8.314	26.22	36.16	300.0	1700	4	72.18	6.15	0.0484	1.0	-0.22	2.74	1.00	0.00	0.16	111115
37	"08:33:47"	20180319	78	0	4.8	0.0562	240	1.15	1.48	18.08	6	1.42	1	2.84	14.52	18.08	14.05	400.11	389.61	6.028	8.314	26.22	36.17	300.0	1700	4	72.18	6.15	0.0484	1.0	-0.22	2.74	1.00	0.00	0.16	111115
38	"08:33:47"	20180319	78	0	4.76	0.0562	241	1.15	1.48	18.08	6	1.42	1	2.84	14.52	18.08	14.05	400.07	389.65	6.028	8.315	26.22	36.16	300.0	1700	4	72.18	6.15	0.0484	1.0	-0.22	2.74	1.00	0.00	0.16	111115
39	"08:33:48"	20180319	78	0	4.77	0.0563	241	1.15	1.48	18.08	6	1.42	1	2.84	14.52	18.08	14.05	400.05	389.62	6.029	8.317	26.22	36.17	300.0	1700	4	72.18	6.15	0.0484	1.0	-0.22	2.74	1.00	0.00	0.16	111115
40	"08:33:48"	20180319	78	0	4.65	0.0564	245	1.16	1.48	18.08	6	1.42	1	2.84	14.53	18.08	14.05	399.91	389.70	6.029	8.320	26.22	36.18	300.0	1700	4	72.18	6.15	0.0484	1.0	-0.22	2.74	1.00	0.00	0.16	111115
41	"08:33:49"	20180319	78	0	4.64	0.0564	245	1.16	1.48	18.08	6	1.42	1	2.84	14.53	18.08	14.05	399.88	389.69	6.029	8.322	26.22	36.19	300.0	1700	4	72.18	6.15	0.0484	1.0	-0.22	2.74	1.00	0.00	0.16	111115
42	"08:33:49"	20180319	78	0	4.63	0.0564	245	1.16	1.48	18.08	6	1.42	1	2.84	14.53	18.08	14.05	399.88	389.71	6.030	8.324	26.22	36.19	300.0	1700	4	72.18	6.15	0.0484	1.0	-0.22	2.74	1.00	0.00	0.16	111115
43	"08:33:50"	20180319	78	0	4.64	0.0564	245	1.16	1.48	18.08	6	1.42	1	2.84	14.53	18.08	14.05	399.88	389.71	6.030	8.323	26.22	36.19	300.1	1699	4	72.18	6.15	0.0484	1.0	-0.22	2.74	1.00	0.00	0.16	111115
44	"08:33:50"	20180319	78	0	4.64	0.0565	245	1.16	1.48	18.08	6	1.42	1	2.84	14.53	18.08	14.05	399.88	389.70	6.030	8.327	26.21	36.20	300.1	1699	4	72.18	6.15	0.0484	1.0	-0.22	2.74	1.00	0.00	0.16	111115
45	"08:33:51"	20180319	78	0	4.68	0.0565	245	1.16	1.48	18.08	6	1.42	1	2.84	14.53	18.08	14.05	399.92	389.67	6.030	8.327	26.21	36.20	300.0	1699	4	72.18	6.15	0.0484	1.0	-0.22	2.74	1.00	0.00	0.16	111115
"08:34:08 Coolers: Tblock -> 19.00 C"
"08:39:22 Flow: Fixed -> 300 umol/s"
"08:40:39 Flow: Fixed -> 300 umol/s"
46	"08:40:47"	20180319	78	0	5.07	0.0564	231	1.31	1.68	20.62	6	1.42	1	2.84	18.96	20.62	19.09	400.12	388.95	7.937	10.538	26.05	34.58	300.0	1700	3	72.19	7.15	0.0192	1.0	-0.22	2.74	1.00	0.00	0.16	111115
47	"08:40:48"	20180319	78	0	5.07	0.0564	231	1.31	1.68	20.62	6	1.42	1	2.84	18.96	20.62	19.09	400.12	388.95	7.937	10.538	26.05	34.58	300.0	1700	3	72.19	7.15	0.0192	1.0	-0.22	2.74	1.00	0.00	0.16	111115
48	"08:40:48"	20180319	78	0	5.07	0.0564	231	1.32	1.68	20.63	6	1.42	1	2.84	18.96	20.63	19.09	400.13	388.97	7.937	10.541	26.05	34.59	300.0	1700	3	72.19	7.15	0.0192	1.0	-0.22	2.74	1.00	0.00	0.16	111115
49	"08:40:49"	20180319	78	0	5.09	0.0565	230	1.32	1.68	20.64	6	1.42	1	2.84	18.96	20.64	19.09	400.15	388.93	7.938	10.546	26.05	34.61	300.0	1700	3	72.19	7.15	0.0192	1.0	-0.22	2.74	1.00	0.00	0.16	111115
50	"08:40:49"	20180319	78	0	5.08	0.0565	231	1.32	1.68	20.64	6	1.42	1	2.84	18.96	20.64	19.09	400.11	388.93	7.938	10.547	26.05	34.61	300.1	1700	3	72.19	7.15	0.0192	1.0	-0.22	2.74	1.00	0.00	0.16	111115
51	"08:40:50"	20180319	78	0	5.09	0.0565	231	1.32	1.68	20.65	6	1.42	1	2.84	18.96	20.65	19.09	400.09	388.89	7.939	10.550	26.05	34.62	300.0	1700	3	72.19	7.15	0.0192	1.0	-0.22	2.74	1.00	0.00	0.16	111115
52	"08:40:50"	20180319	78	0	5.1	0.0566	231	1.32	1.68	20.65	6	1.42	1	2.84	18.96	20.65	19.09	400.09	388.87	7.939	10.553	26.05	34.63	300.1	1700	3	72.19	7.15	0.0192	1.0	-0.22	2.74	1.00	0.00	0.16	111115
53	"08:40:51"	20180319	78	0	5.07	0.0567	231	1.32	1.68	20.65	6	1.42	1	2.84	18.96	20.65	19.09	400.03	388.87	7.939	10.557	26.05	34.64	300.0	1700	3	72.19	7.15	0.0192	1.0	-0.22	2.74	1.00	0.00	0.16	111115
54	"08:40:52"	20180319	78	0	5.03	0.0567	233	1.32	1.68	20.66	6	1.42	1	2.84	18.96	20.66	19.09	399.96	388.88	7.939	10.559	26.05	34.64	300.0	1700	3	72.19	7.15	0.0192	1.0	-0.22	2.74	1.00	0.00	0.16	111115
55	"08:40:52"	20180319	78	0	5	0.0566	233	1.32	1.68	20.67	6	1.42	1	2.84	18.97	20.67	19.09	399.91	388.87	7.939	10.559	26.05	34.64	300.0	1700	3	72.19	7.15	0.0192	1.0	-0.22	2.74	1.00	0.00	0.16	111115
56	"08:40:53"	20180319	78	0	4.98	0.0567	234	1.33	1.68	20.67	6	1.42	1	2.84	18.97	20.67	19.09	399.88	388.90	7.939	10.561	26.04	34.65	300.0	1700	3	72.19	7.15	0.0192	1.0	-0.22	2.74	1.00	0.00	0.16	111115
57	"08:40:53"	20180319	78	0	4.96	0.0567	235	1.33	1.68	20.67	6	1.42	1	2.84	18.97	20.67	19.09	399.89	388.94	7.940	10.564	26.05	34.66	300.0	1700	3	72.19	7.15	0.0192	1.0	-0.22	2.74	1.00	0.00	0.16	111115
58	"08:40:54"	20180319	78	0	4.98	0.0568	234	1.33	1.68	20.67	6	1.42	1	2.84	18.97	20.67	19.09	399.91	388.91	7.940	10.567	26.05	34.67	300.0	1700	3	72.19	7.15	0.0192	1.0	-0.22	2.74	1.00	0.00	0.16	111115
59	"08:40:54"	20180319	78	0	4.99	0.0568	234	1.33	1.68	20.68	6	1.42	1	2.84	18.97	20.68	19.09	399.93	388.91	7.941	10.570	26.05	34.68	300.0	1700	3	72.19	7.15	0.0192	1.0	-0.22	2.74	1.00	0.00	0.16	111115
60	"08:40:55"	20180319	78	0	5	0.0568	234	1.33	1.68	20.68	6	1.42	1	2.84	18.97	20.68	19.09	399.95	388.91	7.942	10.573	26.05	34.68	300.0	1700	3	72.19	7.15	0.0192	1.0	-0.22	2.74	1.00	0.00	0.16	111115
"08:41:10 Coolers: Tblock -> 24.00 C"
"08:44:19 Flow: Fixed -> 300 umol/s"
61	"08:44:59"	20180319	78	0	5.54	0.0573	218	1.43	1.79	22.59	6	1.42	1	2.84	23.07	22.59	24.08	399.96	387.76	10.422	13.248	26.57	33.78	300.0	1700	3	72.2	7.15	0.0192	1.0	-0.22	2.74	1.00	0.00	0.16	111115
62	"08:45:00"	20180319	78	0	5.54	0.0573	218	1.43	1.79	22.59	6	1.42	1	2.84	23.07	22.59	24.08	399.96	387.76	10.422	13.248	26.57	33.78	300.0	1700	3	72.2	7.15	0.0192	1.0	-0.22	2.74	1.00	0.00	0.16	111115
63	"08:45:00"	20180319	78	0	5.53	0.0573	218	1.43	1.79	22.60	6	1.42	1	2.84	23.07	22.60	24.08	399.99	387.81	10.422	13.248	26.57	33.78	300.0	1700	3	72.2	7.15	0.0192	1.0	-0.22	2.74	1.00	0.00	0.16	111115
64	"08:45:01"	20180319	78	0	5.49	0.0573	219	1.43	1.79	22.59	6	1.42	1	2.84	23.07	22.59	24.08	399.99	387.89	10.422	13.249	26.57	33.78	300.0	1700	3	72.2	7.15	0.0192	1.0	-0.22	2.74	1.00	0.00	0.16	111115
65	"08:45:01"	20180319	78	0	5.49	0.0574	220	1.43	1.79	22.59	6	1.42	1	2.84	23.07	22.59	24.08	399.99	387.91	10.421	13.251	26.56	33.78	300.0	1700	3	72.2	7.15	0.0192	1.0	-0.22	2.74	1.00	0.00	0.16	111115
66	"08:45:02"	20180319	78	0	5.48	0.0574	220	1.43	1.79	22.59	6	1.42	1	2.84	23.07	22.59	24.08	399.98	387.91	10.420	13.251	26.56	33.78	300.0	1700	3	72.2	7.15	0.0192	1.0	-0.22	2.74	1.00	0.00	0.16	111115
67	"08:45:02"	20180319	78	0	5.48	0.0575	220	1.44	1.79	22.58	6	1.42	1	2.84	23.08	22.58	24.08	399.98	387.91	10.420	13.254	26.56	33.78	300.0	1700	3	72.2	7.15	0.0192	1.0	-0.22	2.74	1.00	0.00	0.16	111115
68	"08:45:03"	20180319	78	0	5.45	0.0575	221	1.44	1.79	22.59	6	1.42	1	2.84	23.08	22.59	24.09	399.98	387.97	10.421	13.256	26.56	33.78	300.0	1700	3	72.2	7.15	0.0192	1.0	-0.22	2.74	1.00	0.00	0.16	111115
69	"08:45:04"	20180319	78	0	5.41	0.0575	223	1.44	1.79	22.59	6	1.42	1	2.84	23.08	22.59	24.09	399.97	388.04	10.420	13.256	26.55	33.78	300.0	1700	3	72.2	7.15	0.0192	0.7	-0.22	2.74	1.00	0.00	0.16	111115
70	"08:45:04"	20180319	78	0	5.45	0.0575	221	1.44	1.8	22.60	6	1.42	1	2.84	23.08	22.60	24.10	400.01	388.01	10.422	13.259	26.55	33.78	300.0	1700	3	72.2	7.15	0.0192	0.7	-0.22	2.74	1.00	0.00	0.16	111115
71	"08:45:05"	20180319	78	0	5.43	0.0573	221	1.44	1.8	22.62	6	1.42	1	2.84	23.09	22.62	24.10	400.01	388.04	10.424	13.260	26.55	33.77	300.0	1700	3	72.2	7.15	0.0192	0.7	-0.22	2.74	1.00	0.00	0.16	111115
72	"08:45:06"	20180319	78	0	5.4	0.0572	222	1.44	1.8	22.63	6	1.42	1	2.84	23.09	22.63	24.10	400.02	388.11	10.425	13.260	26.55	33.77	300.0	1700	3	72.2	7.15	0.0192	0.7	-0.22	2.74	1.00	0.00	0.16	111115
73	"08:45:06"	20180319	78	0	5.42	0.0572	222	1.44	1.8	22.64	6	1.42	1	2.84	23.09	22.64	24.11	400.03	388.09	10.426	13.260	26.55	33.76	300.0	1700	3	72.2	7.15	0.0192	0.7	-0.22	2.74	1.00	0.00	0.16	111115
74	"08:45:07"	20180319	78	0	5.42	0.0572	222	1.44	1.8	22.64	6	1.42	1	2.84	23.09	22.64	24.11	400.03	388.09	10.426	13.260	26.55	33.76	300.0	1700	3	72.2	7.15	0.0192	0.7	-0.22	2.74	1.00	0.00	0.16	111115
75	"08:45:08"	20180319	78	0	5.36	0.0571	223	1.44	1.81	22.67	6	1.42	1	2.84	23.10	22.67	24.10	399.99	388.16	10.427	13.262	26.53	33.75	300.0	1700	3	72.2	7.15	0.0192	0.7	-0.22	2.74	1.00	0.00	0.16	111115
"08:45:24 Coolers: Tblock -> 29.00 C"
"08:50:59 Flow: Fixed -> 300 umol/s"
"08:51:38 Flow: Fixed -> 300 umol/s"
76	"08:51:55"	20180319	78	0	4.92	0.0527	222	1.54	2.08	25.79	6	1.42	1	2.84	27.85	25.79	29.07	399.29	388.26	14.321	17.345	27.49	33.30	300.0	1700	4	72.2	8.78	-0.0643	1.0	-0.22	2.74	1.00	0.00	0.16	111115
77	"08:51:55"	20180319	78	0	4.92	0.0527	222	1.54	2.08	25.79	6	1.42	1	2.84	27.85	25.79	29.07	399.29	388.26	14.321	17.345	27.49	33.30	300.0	1700	4	72.2	8.78	-0.0643	1.0	-0.22	2.74	1.00	0.00	0.16	111115
78	"08:51:56"	20180319	78	0	4.9	0.0527	223	1.54	2.08	25.79	6	1.42	1	2.84	27.85	25.79	29.07	399.31	388.32	14.320	17.348	27.49	33.30	300.0	1700	4	72.2	8.78	-0.0643	1.0	-0.22	2.74	1.00	0.00	0.16	111115
79	"08:51:56"	20180319	78	0	4.91	0.0528	223	1.54	2.08	25.79	6	1.42	1	2.84	27.85	25.79	29.07	399.32	388.31	14.320	17.351	27.49	33.31	300.0	1700	4	72.2	8.78	-0.0643	1.0	-0.22	2.74	1.00	0.00	0.16	111115
80	"08:51:57"	20180319	78	0	4.93	0.0528	222	1.54	2.08	25.79	6	1.42	1	2.84	27.85	25.79	29.07	399.35	388.29	14.319	17.348	27.48	33.30	300.0	1700	4	72.2	8.78	-0.0643	1.0	-0.22	2.74	1.00	0.00	0.16	111115
81	"08:51:57"	20180319	78	0	4.92	0.0528	222	1.54	2.08	25.78	6	1.42	1	2.84	27.85	25.78	29.07	399.36	388.32	14.319	17.347	27.48	33.29	300.0	1700	4	72.2	8.78	-0.0643	1.0	-0.22	2.74	1.00	0.00	0.16	111115
82	"08:51:58"	20180319	78	0	4.97	0.0527	220	1.54	2.08	25.79	6	1.42	1	2.84	27.85	25.79	29.07	399.44	388.29	14.319	17.345	27.48	33.29	300.0	1700	4	72.2	8.78	-0.0643	1.0	-0.22	2.74	1.00	0.00	0.16	111115
83	"08:51:58"	20180319	78	0	4.98	0.0527	220	1.54	2.08	25.79	6	1.42	1	2.84	27.85	25.79	29.07	399.48	388.32	14.319	17.347	27.48	33.29	300.0	1700	4	72.2	8.78	-0.0643	1.0	-0.22	2.74	1.00	0.00	0.16	111115
84	"08:51:59"	20180319	78	0	5	0.0527	220	1.54	2.08	25.79	6	1.42	1	2.84	27.85	25.79	29.07	399.51	388.31	14.319	17.346	27.48	33.29	300.0	1700	4	72.2	8.78	-0.0643	1.0	-0.22	2.74	1.00	0.00	0.16	111115
85	"08:52:00"	20180319	78	0	5.01	0.0526	219	1.54	2.08	25.80	6	1.42	1	2.84	27.85	25.80	29.07	399.53	388.32	14.320	17.344	27.48	33.28	300.0	1700	4	72.2	8.78	-0.0643	1.0	-0.22	2.74	1.00	0.00	0.16	111115
86	"08:52:00"	20180319	78	0	5.01	0.0525	219	1.54	2.08	25.81	6	1.42	1	2.84	27.86	25.81	29.07	399.56	388.34	14.320	17.340	27.48	33.27	300.0	1700	4	72.2	8.78	-0.0643	1.0	-0.22	2.74	1.00	0.00	0.16	111115
87	"08:52:01"	20180319	78	0	5	0.0525	219	1.54	2.09	25.81	6	1.42	1	2.84	27.86	25.81	29.07	399.55	388.35	14.321	17.342	27.48	33.27	300.0	1700	4	72.2	8.78	-0.0643	1.0	-0.22	2.74	1.00	0.00	0.16	111115
88	"08:52:01"	20180319	78	0	4.97	0.0525	220	1.54	2.09	25.81	6	1.42	1	2.84	27.86	25.81	29.07	399.54	388.40	14.322	17.343	27.48	33.27	300.0	1700	4	72.2	8.78	-0.0643	1.0	-0.22	2.74	1.00	0.00	0.16	111115
89	"08:52:02"	20180319	78	0	4.94	0.0525	221	1.54	2.08	25.81	6	1.42	1	2.84	27.86	25.81	29.07	399.49	388.41	14.321	17.344	27.47	33.27	300.0	1700	4	72.2	8.78	-0.0643	1.0	-0.22	2.74	1.00	0.00	0.16	111115
90	"08:52:02"	20180319	78	0	4.89	0.0525	223	1.54	2.08	25.81	6	1.42	1	2.84	27.86	25.81	29.07	399.44	388.47	14.321	17.343	27.47	33.27	300.1	1700	4	72.2	8.78	-0.0643	1.0	-0.22	2.74	1.00	0.00	0.16	111115
91	"08:52:03"	20180319	78	0	4.87	0.0526	223	1.54	2.08	25.81	6	1.42	1	2.84	27.86	25.81	29.07	399.41	388.47	14.321	17.344	27.47	33.27	300.0	1700	4	72.2	8.78	-0.0643	1.0	-0.22	2.74	1.00	0.00	0.16	111115
92	"08:52:03"	20180319	78	0	4.86	0.0527	224	1.54	2.08	25.80	6	1.42	1	2.84	27.86	25.80	29.07	399.41	388.49	14.320	17.348	27.47	33.27	300.1	1700	4	72.2	8.78	-0.0643	1.0	-0.22	2.74	1.00	0.00	0.16	111115
93	"08:52:04"	20180319	78	0	4.86	0.0527	224	1.54	2.08	25.80	6	1.42	1	2.84	27.86	25.80	29.07	399.44	388.52	14.321	17.349	27.47	33.27	300.1	1700	4	72.2	8.78	-0.0643	1.0	-0.22	2.74	1.00	0.00	0.16	111115
"08:52:24 Coolers: Tblock -> 34.00 C"
"08:57:17 Flow: Fixed -> 300 umol/s"
94	"08:58:17"	20180319	78	0	5.08	0.046	192	1.66	2.54	29.65	6	1.42	1	2.84	32.57	29.65	34.07	400.17	388.72	19.427	22.668	28.44	33.18	300.0	1700	4	72.2	9.54	-0.181	1.0	-0.22	2.74	1.00	0.00	0.16	111115
95	"08:58:18"	20180319	78	0	5.08	0.046	192	1.66	2.54	29.65	6	1.42	1	2.84	32.57	29.65	34.07	400.17	388.72	19.427	22.668	28.44	33.18	300.0	1700	4	72.2	9.54	-0.181	1.0	-0.22	2.74	1.00	0.00	0.16	111115
96	"08:58:18"	20180319	78	0	5.11	0.046	191	1.66	2.54	29.66	6	1.42	1	2.84	32.57	29.66	34.07	400.19	388.68	19.426	22.668	28.43	33.18	300.0	1700	4	72.2	9.54	-0.181	1.0	-0.22	2.74	1.00	0.00	0.16	111115
97	"08:58:19"	20180319	78	0	5.09	0.0459	192	1.66	2.54	29.66	6	1.42	1	2.84	32.58	29.66	34.07	400.15	388.68	19.428	22.670	28.43	33.18	300.0	1700	4	72.2	9.54	-0.181	1.0	-0.22	2.74	1.00	0.00	0.16	111115
98	"08:58:19"	20180319	78	0	5.1	0.0459	192	1.66	2.54	29.67	6	1.42	1	2.84	32.58	29.67	34.07	400.14	388.66	19.427	22.671	28.43	33.18	300.0	1700	4	72.2	9.54	-0.181	1.0	-0.22	2.74	1.00	0.00	0.16	111115
99	"08:58:20"	20180319	78	0	5.05	0.0459	193	1.66	2.55	29.68	6	1.42	1	2.84	32.58	29.68	34.07	400.09	388.70	19.428	22.673	28.43	33.18	300.0	1700	4	72.2	9.54	-0.181	1.0	-0.22	2.74	1.00	0.00	0.16	111115
100	"08:58:20"	20180319	78	0	5.07	0.0459	192	1.66	2.55	29.69	6	1.42	1	2.84	32.58	29.69	34.07	400.11	388.68	19.428	22.672	28.43	33.17	300.0	1700	4	72.2	9.54	-0.181	1.0	-0.22	2.74	1.00	0.00	0.16	111115
101	"08:58:21"	20180319	78	0	5.07	0.0459	192	1.66	2.55	29.69	6	1.42	1	2.84	32.58	29.69	34.07	400.12	388.68	19.429	22.673	28.42	33.17	300.0	1700	4	72.2	9.54	-0.181	1.0	-0.22	2.74	1.00	0.00	0.16	111115
102	"08:58:21"	20180319	78	0	5.1	0.0458	191	1.66	2.55	29.70	6	1.42	1	2.84	32.59	29.70	34.07	400.18	388.69	19.432	22.677	28.43	33.17	300.0	1700	4	72.2	9.54	-0.181	1.0	-0.22	2.74	1.00	0.00	0.16	111115
103	"08:58:22"	20180319	78	0	5.1	0.0458	191	1.66	2.55	29.70	6	1.42	1	2.84	32.59	29.70	34.07	400.21	388.72	19.435	22.680	28.43	33.17	300.0	1700	4	72.2	9.54	-0.181	1.0	-0.22	2.74	1.00	0.00	0.16	111115
104	"08:58:23"	20180319	78	0	5.15	0.0459	190	1.66	2.55	29.71	6	1.42	1	2.84	32.59	29.71	34.07	400.29	388.69	19.434	22.684	28.42	33.18	300.0	1700	4	72.2	9.54	-0.181	1.0	-0.22	2.74	1.00	0.00	0.16	111115
105	"08:58:23"	20180319	78	0	5.11	0.0459	191	1.66	2.55	29.70	6	1.42	1	2.84	32.59	29.70	34.08	400.27	388.75	19.436	22.686	28.42	33.18	300.0	1700	4	72.2	9.54	-0.181	1.0	-0.22	2.74	1.00	0.00	0.16	111115
106	"08:58:24"	20180319	78	0	5.12	0.0459	191	1.66	2.55	29.70	6	1.42	1	2.84	32.59	29.70	34.08	400.27	388.74	19.437	22.688	28.42	33.18	300.0	1700	4	72.2	9.54	-0.181	1.0	-0.22	2.74	1.00	0.00	0.16	111115
107	"08:58:24"	20180319	78	0	5.11	0.0459	191	1.66	2.55	29.71	6	1.42	1	2.84	32.59	29.71	34.08	400.26	388.75	19.438	22.689	28.42	33.18	300.0	1700	4	72.2	9.54	-0.181	1.0	-0.22	2.74	1.00	0.00	0.16	111115
108	"08:58:25"	20180319	78	0	5.1	0.0459	191	1.66	2.55	29.71	6	1.42	1	2.84	32.59	29.71	34.08	400.26	388.77	19.438	22.689	28.42	33.17	300.0	1700	4	72.2	9.54	-0.181	1.0	-0.22	2.74	1.00	0.00	0.16	111115
"08:58:39 Coolers: Tblock -> 39.00 C"
"09:00:15 Flow: Fixed -> 300 umol/s"
109	"09:00:31"	20180319	78	0	4.62	0.0455	204	1.95	3	31.66	6	1.42	1	2.84	36.60	31.66	38.95	400.25	389.48	19.496	23.301	22.82	27.27	300.0	1700	4	72.2	10.4	-0.217	1.0	-0.22	2.74	1.00	0.00	0.16	111115
110	"09:00:32"	20180319	78	0	4.62	0.0455	204	1.95	3	31.66	6	1.42	1	2.84	36.60	31.66	38.95	400.25	389.48	19.496	23.301	22.82	27.27	300.0	1700	4	72.2	10.4	-0.217	1.0	-0.22	2.74	1.00	0.00	0.16	111115
111	"09:00:32"	20180319	78	0	4.61	0.0455	205	1.95	3	31.66	6	1.42	1	2.84	36.60	31.66	38.95	400.27	389.53	19.497	23.303	22.82	27.27	300.0	1700	4	72.2	10.4	-0.217	1.0	-0.22	2.74	1.00	0.00	0.16	111115
112	"09:00:33"	20180319	78	0	4.6	0.0455	205	1.95	3	31.66	6	1.42	1	2.84	36.60	31.66	38.96	400.27	389.54	19.497	23.302	22.82	27.27	300.0	1700	4	72.2	10.4	-0.217	1.0	-0.22	2.74	1.00	0.00	0.16	111115
113	"09:00:33"	20180319	78	0	4.61	0.0455	204	1.95	3	31.67	6	1.42	1	2.84	36.60	31.67	38.96	400.31	389.56	19.497	23.304	22.81	27.27	300.0	1700	4	72.2	10.4	-0.217	1.0	-0.22	2.74	1.00	0.00	0.16	111115
114	"09:00:34"	20180319	78	0	4.65	0.0455	203	1.95	3	31.67	6	1.42	1	2.84	36.61	31.67	38.96	400.35	389.53	19.497	23.307	22.81	27.27	300.0	1700	4	72.2	10.4	-0.217	1.0	-0.22	2.74	1.00	0.00	0.16	111115
115	"09:00:35"	20180319	78	0	4.66	0.0455	203	1.95	3.01	31.68	6	1.42	1	2.84	36.61	31.68	38.96	400.35	389.52	19.497	23.309	22.81	27.27	300.0	1700	4	72.2	10.4	-0.217	1.0	-0.22	2.74	1.00	0.00	0.16	111115
116	"09:00:35"	20180319	78	0	4.63	0.0455	204	1.95	3	31.67	6	1.42	1	2.84	36.61	31.67	38.97	400.34	389.56	19.498	23.309	22.81	27.27	300.0	1700	4	72.2	10.4	-0.217	1.0	-0.22	2.74	1.00	0.00	0.16	111115
117	"09:00:36"	20180319	78	0	4.61	0.0456	205	1.95	3	31.67	6	1.42	1	2.84	36.61	31.67	38.97	400.33	389.59	19.500	23.311	22.81	27.27	300.0	1700	4	72.2	10.4	-0.217	1.0	-0.22	2.74	1.00	0.00	0.16	111115
118	"09:00:36"	20180319	78	0	4.63	0.0456	204	1.95	3	31.67	6	1.42	1	2.84	36.61	31.67	38.97	400.32	389.53	19.500	23.312	22.81	27.26	300.0	1700	4	72.2	10.4	-0.217	1.0	-0.22	2.74	1.00	0.00	0.16	111115
119	"09:00:37"	20180319	78	0	4.63	0.0455	204	1.95	3	31.67	6	1.42	1	2.84	36.62	31.67	38.97	400.32	389.53	19.500	23.309	22.80	27.26	300.0	1700	4	72.2	10.4	-0.217	1.0	-0.22	2.74	1.00	0.00	0.16	111115
120	"09:00:37"	20180319	78	0	4.62	0.0454	204	1.95	3.01	31.69	6	1.42	1	2.84	36.62	31.69	38.98	400.34	389.58	19.502	23.308	22.80	27.25	300.0	1700	4	72.2	10.4	-0.217	1.0	-0.22	2.74	1.00	0.00	0.16	111115
121	"09:00:38"	20180319	78	0	4.59	0.0454	205	1.95	3.01	31.69	6	1.42	1	2.84	36.62	31.69	38.98	400.32	389.61	19.501	23.308	22.80	27.25	300.0	1700	4	72.2	10.4	-0.217	1.0	-0.22	2.74	1.00	0.00	0.16	111115
122	"09:00:39"	20180319	78	0	4.56	0.0454	206	1.95	3.01	31.69	6	1.42	1	2.84	36.62	31.69	38.98	400.31	389.66	19.502	23.307	22.80	27.24	300.0	1700	4	72.2	10.4	-0.217	0.7	-0.22	2.74	1.00	0.00	0.16	111115
123	"09:00:39"	20180319	78	0	4.56	0.0453	206	1.95	3.01	31.70	6	1.42	1	2.84	36.63	31.70	38.98	400.29	389.66	19.502	23.309	22.79	27.24	300.0	1700	4	72.2	10.4	-0.217	0.7	-0.22	2.74	1.00	0.00	0.16	111115
124	"09:02:45"	20180319	78	0	4.58	0.0439	200	1.88	3.01	31.68	6	1.42	1	2.84	37.09	31.68	39.06	400.15	389.53	19.593	23.274	22.32	26.52	300.0	1699	3	72.2	10.4	-0.217	1.0	-0.22	2.74	1.00	0.00	0.16	111115
125	"09:02:45"	20180319	78	0	4.58	0.0439	200	1.88	3.01	31.68	6	1.42	1	2.84	37.09	31.68	39.06	400.15	389.53	19.593	23.274	22.32	26.52	300.0	1699	3	72.2	10.4	-0.217	1.0	-0.22	2.74	1.00	0.00	0.16	111115
126	"09:02:46"	20180319	78	0	4.59	0.0439	199	1.88	3.01	31.68	6	1.42	1	2.84	37.09	31.68	39.06	400.15	389.50	19.594	23.274	22.32	26.51	300.0	1699	3	72.2	10.4	-0.217	1.0	-0.22	2.74	1.00	0.00	0.16	111115
127	"09:02:46"	20180319	78	0	4.58	0.0439	200	1.88	3.01	31.68	6	1.42	1	2.84	37.09	31.68	39.06	400.14	389.50	19.595	23.276	22.32	26.52	300.0	1699	3	72.2	10.4	-0.217	1.0	-0.22	2.74	1.00	0.00	0.16	111115
128	"09:02:47"	20180319	78	0	4.56	0.0438	200	1.88	3.01	31.68	6	1.42	1	2.84	37.10	31.68	39.06	400.12	389.52	19.595	23.274	22.32	26.51	300.0	1699	3	72.2	10.4	-0.217	1.0	-0.22	2.74	1.00	0.00	0.16	111115
129	"09:02:48"	20180319	78	0	4.56	0.0439	200	1.88	3.01	31.69	6	1.42	1	2.84	37.10	31.69	39.06	400.12	389.53	19.596	23.276	22.32	26.51	300.0	1699	4	72.2	10.4	-0.217	1.0	-0.22	2.74	1.00	0.00	0.16	111115
130	"09:02:48"	20180319	78	0	4.56	0.0438	200	1.88	3.01	31.69	6	1.42	1	2.84	37.10	31.69	39.06	400.12	389.54	19.597	23.277	22.32	26.51	300.0	1699	4	72.2	10.4	-0.217	1.0	-0.22	2.74	1.00	0.00	0.16	111115
131	"09:02:49"	20180319	78	0	4.54	0.0439	201	1.89	3.01	31.69	6	1.42	1	2.84	37.10	31.69	39.06	400.11	389.57	19.597	23.280	22.32	26.51	300.0	1699	4	72.2	10.4	-0.217	1.0	-0.22	2.74	1.00	0.00	0.16	111115
132	"09:02:49"	20180319	78	0	4.52	0.0438	201	1.88	3.01	31.70	6	1.42	1	2.84	37.10	31.70	39.06	400.10	389.58	19.600	23.278	22.32	26.51	300.0	1700	4	72.2	10.4	-0.217	1.0	-0.22	2.74	1.00	0.00	0.16	111115
133	"09:02:50"	20180319	78	0	4.55	0.0438	200	1.88	3.02	31.71	6	1.42	1	2.84	37.10	31.71	39.05	400.12	389.55	19.601	23.282	22.32	26.51	300.0	1700	4	72.2	10.4	-0.217	1.0	-0.22	2.74	1.00	0.00	0.16	111115
134	"09:02:51"	20180319	78	0	4.54	0.0438	201	1.89	3.02	31.71	6	1.42	1	2.84	37.10	31.71	39.05	400.11	389.55	19.604	23.286	22.32	26.51	300.0	1700	4	72.2	10.4	-0.217	1.0	-0.22	2.74	1.00	0.00	0.16	111115
135	"09:02:51"	20180319	78	0	4.57	0.0437	200	1.88	3.02	31.72	6	1.42	1	2.84	37.11	31.72	39.05	400.13	389.53	19.605	23.285	22.32	26.51	300.0	1700	4	72.2	10.4	-0.217	1.0	-0.22	2.74	1.00	0.00	0.16	111115
136	"09:02:52"	20180319	78	0	4.57	0.0437	199	1.88	3.02	31.73	6	1.42	1	2.84	37.11	31.73	39.05	400.11	389.51	19.605	23.285	22.32	26.51	300.0	1700	4	72.2	10.4	-0.217	1.0	-0.22	2.74	1.00	0.00	0.16	111115
137	"09:02:52"	20180319	78	0	4.6	0.0437	198	1.88	3.02	31.74	6	1.42	1	2.84	37.11	31.74	39.05	400.14	389.47	19.606	23.287	22.32	26.51	300.0	1700	3	72.2	10.4	-0.217	1.0	-0.22	2.74	1.00	0.00	0.16	111115
138	"09:02:53"	20180319	78	0	4.58	0.0437	199	1.88	3.02	31.74	6	1.42	1	2.84	37.11	31.74	39.05	400.12	389.48	19.606	23.288	22.32	26.51	300.0	1700	4	72.2	10.4	-0.217	1.0	-0.22	2.74	1.00	0.00	0.16	111115
"09:03:02 Coolers: Tblock -> 44.00 C"
"09:05:31 Flow: Fixed -> 300 umol/s"
139	"09:05:50"	20180319	78	0	4.13	0.0396	195	2.22	3.9	34.95	6	1.42	1	2.84	41.35	34.95	44.05	400.14	390.15	19.703	24.040	17.86	21.79	299.9	1700	3	72.2	11.7	-0.22	1.0	-0.22	2.74	1.00	0.00	0.16	111115
140	"09:05:50"	20180319	78	0	4.13	0.0396	195	2.22	3.9	34.95	6	1.42	1	2.84	41.35	34.95	44.05	400.14	390.15	19.703	24.040	17.86	21.79	299.9	1700	3	72.2	11.7	-0.22	1.0	-0.22	2.74	1.00	0.00	0.16	111115
141	"09:05:51"	20180319	78	0	4.1	0.0395	196	2.22	3.9	34.96	6	1.42	1	2.84	41.35	34.96	44.05	400.09	390.17	19.704	24.036	17.86	21.79	299.9	1700	4	72.2	11.7	-0.22	1.0	-0.22	2.74	1.00	0.00	0.16	111115
142	"09:05:51"	20180319	78	0	4.1	0.0395	195	2.22	3.9	34.96	6	1.42	1	2.84	41.35	34.96	44.05	400.11	390.17	19.705	24.036	17.86	21.78	299.9	1700	4	72.2	11.7	-0.22	1.0	-0.22	2.74	1.00	0.00	0.16	111115
143	"09:05:52"	20180319	78	0	4.09	0.0395	196	2.22	3.9	34.96	6	1.42	1	2.84	41.35	34.96	44.05	400.08	390.16	19.706	24.035	17.86	21.78	299.9	1700	4	72.2	11.7	-0.22	1.0	-0.22	2.74	1.00	0.00	0.16	111115
144	"09:05:52"	20180319	78	0	4.12	0.0394	194	2.22	3.91	34.98	6	1.42	1	2.84	41.36	34.98	44.05	400.07	390.10	19.705	24.033	17.86	21.78	299.9	1700	4	72.2	11.7	-0.22	1.0	-0.22	2.74	1.00	0.00	0.16	111115
145	"09:05:53"	20180319	78	0	4.14	0.0394	193	2.22	3.91	34.99	6	1.42	1	2.84	41.36	34.99	44.05	400.06	390.05	19.707	24.035	17.86	21.78	299.9	1700	4	72.2	11.7	-0.22	0.7	-0.22	2.74	1.00	0.00	0.16	111115
146	"09:05:54"	20180319	78	0	4.16	0.0394	193	2.22	3.91	34.99	6	1.42	1	2.84	41.36	34.99	44.05	400.11	390.06	19.708	24.037	17.85	21.78	299.9	1700	3	72.2	11.7	-0.22	0.7	-0.22	2.74	1.00	0.00	0.16	111115
147	"09:05:54"	20180319	78	0	4.16	0.0394	193	2.22	3.91	34.99	6	1.42	1	2.84	41.36	34.99	44.05	400.12	390.07	19.706	24.037	17.85	21.77	299.9	1700	3	72.2	11.7	-0.22	0.7	-0.22	2.74	1.00	0.00	0.16	111115
148	"09:05:55"	20180319	78	0	4.21	0.0395	191	2.22	3.91	34.98	6	1.42	1	2.84	41.36	34.98	44.05	400.17	390.01	19.707	24.040	17.85	21.78	299.9	1700	3	72.2	11.7	-0.22	0.7	-0.22	2.74	1.00	0.00	0.16	111115
149	"09:05:56"	20180319	78	0	4.15	0.0395	194	2.22	3.9	34.97	6	1.42	1	2.84	41.37	34.97	44.05	400.06	390.03	19.706	24.041	17.84	21.77	299.9	1700	3	72.2	11.7	-0.22	0.7	-0.22	2.74	1.00	0.00	0.16	111115
150	"09:05:56"	20180319	78	0	4.06	0.0395	197	2.22	3.9	34.97	6	1.42	1	2.84	41.37	34.97	44.05	399.99	390.14	19.707	24.040	17.84	21.77	299.9	1700	3	72.2	11.7	-0.22	0.7	-0.22	2.74	1.00	0.00	0.16	111115
151	"09:05:57"	20180319	78	0	4.04	0.0395	198	2.22	3.9	34.97	6	1.42	1	2.84	41.37	34.97	44.05	399.95	390.13	19.707	24.038	17.84	21.76	299.9	1700	3	72.2	11.7	-0.22	0.7	-0.22	2.74	1.00	0.00	0.16	111115
152	"09:05:57"	20180319	78	0	4.04	0.0395	198	2.22	3.9	34.97	6	1.42	1	2.84	41.37	34.97	44.05	399.95	390.13	19.707	24.038	17.84	21.76	299.9	1700	3	72.2	11.7	-0.22	0.7	-0.22	2.74	1.00	0.00	0.16	111115
153	"09:05:58"	20180319	78	0	4.03	0.0394	198	2.22	3.91	34.98	6	1.42	1	2.84	41.37	34.98	44.05	399.90	390.10	19.710	24.036	17.84	21.76	299.9	1700	3	72.2	11.7	-0.22	0.7	-0.22	2.74	1.00	0.00	0.16	111115
"09:06:15 Coolers: Tblock -> 49.00 C"
"09:09:06 Flow: Fixed -> 300 umol/s"
154	"09:09:27"	20180319	78	0	3.33	0.0369	212	2.47	4.61	37.23	6	1.42	1	2.84	45.78	37.23	49.05	399.36	390.77	19.756	24.566	14.22	17.68	299.9	1699	3	72.2	13.4	-0.234	1.0	-0.22	2.74	1.00	0.00	0.16	111115
155	"09:09:27"	20180319	78	0	3.33	0.0369	212	2.47	4.61	37.23	6	1.42	1	2.84	45.78	37.23	49.05	399.36	390.77	19.756	24.566	14.22	17.68	299.9	1699	3	72.2	13.4	-0.234	1.0	-0.22	2.74	1.00	0.00	0.16	111115
156	"09:09:28"	20180319	78	0	3.35	0.0369	211	2.47	4.61	37.23	6	1.42	1	2.84	45.78	37.23	49.05	399.37	390.73	19.755	24.569	14.22	17.68	299.9	1699	3	72.2	13.4	-0.234	1.0	-0.22	2.74	1.00	0.00	0.16	111115
157	"09:09:28"	20180319	78	0	3.37	0.0369	210	2.47	4.61	37.24	6	1.42	1	2.84	45.78	37.24	49.05	399.36	390.68	19.756	24.569	14.22	17.68	299.9	1699	3	72.2	13.4	-0.234	0.7	-0.22	2.74	1.00	0.00	0.16	111115
158	"09:09:29"	20180319	78	0	3.42	0.0369	208	2.47	4.62	37.25	6	1.42	1	2.84	45.78	37.25	49.05	399.40	390.63	19.756	24.568	14.21	17.68	299.9	1699	3	72.2	13.4	-0.234	0.7	-0.22	2.74	1.00	0.00	0.16	111115
159	"09:09:29"	20180319	78	0	3.44	0.0368	207	2.47	4.62	37.26	6	1.42	1	2.84	45.79	37.26	49.05	399.41	390.60	19.756	24.568	14.21	17.67	299.9	1699	3	72.2	13.4	-0.234	0.7	-0.22	2.74	1.00	0.00	0.16	111115
160	"09:09:30"	20180319	78	0	3.42	0.0368	208	2.47	4.63	37.27	6	1.42	1	2.84	45.79	37.27	49.05	399.40	390.62	19.757	24.569	14.21	17.67	299.9	1699	3	72.2	13.4	-0.234	0.7	-0.22	2.74	1.00	0.00	0.16	111115
161	"09:09:31"	20180319	78	0	3.46	0.0368	206	2.47	4.62	37.27	6	1.42	1	2.84	45.79	37.27	49.05	399.43	390.58	19.758	24.569	14.21	17.67	299.9	1699	3	72.2	13.4	-0.234	0.7	-0.22	2.74	1.00	0.00	0.16	111115
162	"09:09:31"	20180319	78	0	3.48	0.0368	205	2.47	4.63	37.28	6	1.42	1	2.84	45.79	37.28	49.04	399.42	390.53	19.759	24.569	14.21	17.67	299.9	1699	3	72.2	13.4	-0.234	0.7	-0.22	2.74	1.00	0.00	0.16	111115
163	"09:09:32"	20180319	78	0	3.47	0.0367	205	2.47	4.64	37.30	6	1.42	1	2.84	45.79	37.30	49.04	399.42	390.56	19.761	24.572	14.21	17.67	300.0	1699	3	72.2	13.4	-0.234	0.7	-0.22	2.74	1.00	0.00	0.16	111115
164	"09:09:32"	20180319	78	0	3.47	0.0366	205	2.46	4.64	37.31	6	1.42	1	2.84	45.80	37.31	49.04	399.42	390.55	19.763	24.567	14.21	17.66	300.0	1699	3	72.2	13.4	-0.234	0.7	-0.22	2.74	1.00	0.00	0.16	111115
165	"09:09:33"	20180319	78	0	3.44	0.0366	206	2.46	4.64	37.31	6	1.42	1	2.84	45.80	37.31	49.04	399.39	390.57	19.763	24.569	14.21	17.66	300.0	1699	3	72.2	13.4	-0.234	0.7	-0.22	2.74	1.00	0.00	0.16	111115
166	"09:09:33"	20180319	78	0	3.45	0.0365	205	2.46	4.65	37.34	6	1.42	1	2.84	45.80	37.34	49.04	399.38	390.56	19.765	24.571	14.21	17.66	300.0	1699	3	72.2	13.4	-0.234	0.7	-0.22	2.74	1.00	0.00	0.16	111115
167	"09:09:34"	20180319	78	0	3.51	0.0365	203	2.46	4.65	37.34	6	1.42	1	2.84	45.80	37.34	49.04	399.39	390.46	19.764	24.570	14.21	17.66	300.0	1699	3	72.2	13.4	-0.234	0.7	-0.22	2.74	1.00	0.00	0.16	111115
168	"09:09:34"	20180319	78	0	3.5	0.0365	203	2.46	4.65	37.35	6	1.42	1	2.84	45.81	37.35	49.04	399.40	390.47	19.764	24.569	14.20	17.66	300.0	1699	3	72.2	13.4	-0.234	0.7	-0.22	2.74	1.00	0.00	0.16	111115
"09:09:50 Coolers: Tblock -> 50.00 C"
"09:11:13 Flow: Fixed -> 300 umol/s"
169	"09:11:42"	20180319	78	0	3.26	0.0349	205	2.53	4.98	38.30	6	1.42	1	2.84	46.71	38.30	49.74	399.86	391.36	19.829	24.761	13.61	16.99	299.9	1700	3	72.2	14.2	-0.206	1.0	-0.22	2.74	1.00	0.00	0.16	111115
170	"09:11:43"	20180319	78	0	3.27	0.0349	205	2.53	4.98	38.30	6	1.42	1	2.84	46.71	38.30	49.74	399.89	391.36	19.829	24.758	13.61	16.99	299.9	1700	3	72.21	14.2	-0.206	1.0	-0.22	2.74	1.00	0.00	0.16	111115
171	"09:11:43"	20180319	78	0	3.27	0.0349	205	2.53	4.98	38.30	6	1.42	1	2.84	46.71	38.30	49.74	399.89	391.36	19.829	24.758	13.61	16.99	299.9	1700	3	72.21	14.2	-0.206	1.0	-0.22	2.74	1.00	0.00	0.16	111115
172	"09:11:44"	20180319	78	0	3.29	0.0349	204	2.52	4.98	38.30	6	1.42	1	2.84	46.71	38.30	49.74	399.92	391.36	19.830	24.755	13.61	16.98	299.9	1700	3	72.2	14.2	-0.206	1.0	-0.22	2.74	1.00	0.00	0.16	111115
173	"09:11:45"	20180319	78	0	3.3	0.0349	204	2.53	4.98	38.31	6	1.42	1	2.84	46.71	38.31	49.74	399.91	391.34	19.830	24.756	13.61	16.99	299.9	1700	3	72.21	14.2	-0.206	1.0	-0.22	2.74	1.00	0.00	0.16	111115
174	"09:11:45"	20180319	78	0	3.26	0.0349	205	2.53	4.98	38.30	6	1.42	1	2.84	46.72	38.30	49.74	399.89	391.38	19.829	24.756	13.60	16.98	299.9	1700	4	72.21	14.2	-0.206	1.0	-0.22	2.74	1.00	0.00	0.16	111115
175	"09:11:46"	20180319	78	0	3.27	0.0348	205	2.53	4.99	38.32	6	1.42	1	2.84	46.72	38.32	49.74	399.93	391.40	19.829	24.757	13.60	16.98	299.9	1700	4	72.21	14.2	-0.206	1.0	-0.22	2.74	1.00	0.00	0.16	111115
176	"09:11:46"	20180319	78	0	3.27	0.0348	205	2.53	4.99	38.34	6	1.42	1	2.84	46.72	38.34	49.74	399.91	391.39	19.828	24.759	13.60	16.98	300.0	1700	4	72.21	14.2	-0.206	1.0	-0.22	2.74	1.00	0.00	0.16	111115
177	"09:11:47"	20180319	78	0	3.31	0.0348	202	2.53	5	38.36	6	1.42	1	2.84	46.72	38.36	49.74	399.97	391.37	19.829	24.763	13.60	16.99	300.0	1700	3	72.21	14.2	-0.206	1.0	-0.22	2.74	1.00	0.00	0.16	111115
178	"09:11:48"	20180319	78	0	3.38	0.0347	199	2.53	5.01	38.40	6	1.42	1	2.84	46.72	38.40	49.75	400.02	391.28	19.829	24.769	13.60	16.99	300.0	1700	3	72.21	14.2	-0.206	1.0	-0.22	2.74	1.00	0.00	0.16	111115
179	"09:11:48"	20180319	78	0	3.37	0.0347	199	2.53	5.02	38.42	6	1.42	1	2.84	46.73	38.42	49.75	400.01	391.28	19.829	24.767	13.60	16.98	300.0	1700	3	72.21	14.2	-0.206	1.0	-0.22	2.74	1.00	0.00	0.16	111115
180	"09:11:49"	20180319	78	0	3.38	0.0347	199	2.53	5.02	38.42	6	1.42	1	2.84	46.73	38.42	49.75	400.03	391.30	19.829	24.767	13.60	16.98	300.0	1700	3	72.21	14.2	-0.206	1.0	-0.22	2.74	1.00	0.00	0.16	111115
181	"09:11:50"	20180319	78	0	3.42	0.0346	197	2.53	5.02	38.43	6	1.42	1	2.84	46.73	38.43	49.75	400.08	391.25	19.829	24.766	13.59	16.98	300.0	1700	3	72.21	14.2	-0.206	1.0	-0.22	2.74	1.00	0.00	0.16	111115
182	"09:11:50"	20180319	78	0	3.43	0.0346	196	2.53	5.03	38.43	6	1.42	1	2.84	46.73	38.43	49.75	400.11	391.27	19.832	24.764	13.60	16.98	300.0	1700	3	72.21	14.2	-0.206	1.0	-0.22	2.74	1.00	0.00	0.16	111115
183	"09:11:51"	20180319	78	0	3.41	0.0346	198	2.53	5.02	38.40	6	1.42	1	2.84	46.73	38.40	49.75	400.10	391.31	19.832	24.763	13.59	16.97	300.0	1700	3	72.21	14.2	-0.206	1.0	-0.22	2.74	1.00	0.00	0.16	111115
