"OPEN 6.3.4"
"Mon Mar 19 2018 09:41:30"
<open><version>"6.3.4"</version></open>
<open><configfile>"/User/Configs/UserPrefs/LED2x3.xml"</configfile></open>
<open><light><source>"6400-02 or -02B LED Source"</source><par_in>1<sensor>"SI-2503"<cal>-0.86<actinity>1.00</actinity><transm>1.00</transm></cal></sensor><transm>1</transm></par_in><par_out>1<sensor>"Q40491"<cal>6.5</cal></sensor></par_out></light></open>
<open><comps><file>"/User/Configs/Comps/StdComps_6.1"<header>""</header><extras></extras></file><energybal>no<f_parIn>1</f_parIn><f_parOut>0</f_parOut><alphaK>0.16</alphaK></energybal><bc_total>2.840<stomatal_ratio>1</stomatal_ratio><bc_oneside>1.420<type>2</type><table>"/Sys/Lib/StdBLCTable"</table><area>6</area><slope>-0.219565</slope><offset>2.73739</offset><fan>5</fan></bc_oneside></bc_total></comps></open>
<open><prompts><onlog>off</onlog><items>"Default (none)"</items></prompts></open>
<open><constants><oxygen>21 %</oxygen><bb_vapor>1.5</bb_vapor><bb_oxy>0.9</bb_oxy></constants></open>
<open><stability><items>"Std Stability"<items[1]><id>-2</id><size>15</size><pcv><onoff>0</onoff><value>1</value></pcv><std><onoff>0</onoff><value>1</value></std><slp><onoff>1</onoff><value>1</value></slp></items[1]><items[2]><id>-5</id><size>15</size><pcv><onoff>0</onoff><value>1</value></pcv><std><onoff>0</onoff><value>1</value></std><slp><onoff>1</onoff><value>1</value></slp></items[2]><items[3]><id>-7</id><size>15</size><pcv><onoff>0</onoff><value>1</value></pcv><std><onoff>0</onoff><value>1</value></std><slp><onoff>1</onoff><value>1</value></slp></items[3]></items></stability></open>
<open><log><format>"StdLogFmt_6.0"<items>{ -35 -21 -70 -69 -76 30 23 36 21 25 221 -33 111 -34 11 -9 -10 -8 -1 -2 -4 -5 -14 -15 -7 -12 -13 -11 -65 -66 -72 -18 -19 -77 -78 -79 -23  }<hdr>{  }</hdr></items></format><options><beep>on</beep><match>"never"<time>30</time><co2>100</co2><delta>10</delta></match><hdr>normal</hdr><rem>normal</rem><stab>no</stab><stats>no<mean>no</mean><file>no</file><period>15</period></stats><excel>yes</excel><controls>yes</controls><comm>no</comm></options><datafile>"/User/031918-AST-HAK3559"</datafile><button><action>"Normal Log"<code>" LogOneObsManual "</code></action></button><autoprog>"/User/Configs/AutoProgs/AutoLog2"<active>no</active></autoprog></log></open>
<open><a2d><avgtime>4.0 secs</avgtime><userchans><ch20>"Off"</ch20><ch21>"Off"</ch21><ch22>"Off"</ch22><ch23>"Off"</ch23></userchans></a2d></open>
<open><matching><type>0</type><disp>'a'</disp><settings>><CO2Limit>10.0</CO2Limit><H2OLimit>1.0</H2OLimit><MaxAutoTime>60</MaxAutoTime><AverageTime>10</AverageTime></settings></matching></open>
<li6400><factory><unit>"PSC-2470"</unit><serviced>"5 Feb 2018"</serviced><fuseaware>0</fuseaware><co2mixer>yes</co2mixer><co2><coeffs>{ 0 0.214772 2.55802e-05 1.93228e-08 -3.02262e-12 2.75724e-16  }</coeffs><dvdt>-4</dvdt><xs>{ 9.11e-05 0.00178  }</xs></co2><h2o><coeffs>{ 0 0.00581526 2.16703e-06 7.69607e-12  }</coeffs><dvdt>-2.9</dvdt><xs>{ -0.000111 -0.00256  }</xs></h2o><flow>{ 0 0.3696  }</flow><press>{ 86.913 0.00551  }</press></factory></li6400>
<li6400><user><flow_zero>-3.5</flow_zero><irga_zero><co2>113.5 152.5<at>27.1329</at></co2><h2o>-3.5 -3.5<at>28.1091</at></h2o></irga_zero><irga_span><co2>{ 0.990134 0.992694  }</co2><h2o>{ 0.996743 0.99801  }</h2o></irga_span><irga_match><co2>{ 0.110267 7.76004  }</co2><h2o>{ -0.0816591 0.0547493  }</h2o></irga_match><co2_mixer><pump_mv>4500</pump_mv><ppm>{ 2352.67 1117.67 439.284 266.3 121.188 70.6751 48.8233 48.8102  }</ppm><mv>{ 5000 3000 1500 1000 500 300 200 100  }</mv></co2_mixer><parin_offset>-0.211894</parin_offset><led_cal><unit>"SI-2503"</unit><mv>{ 10 25 50 100 1000 2000 3000 4000 5000  }</mv><qntm>{ 1.83047 9.20354 23.3042 57.5395 736.221 1467.2 2160.1 2821.48 3447.04  }</qntm></led_cal><lcf_cal><unit>"LCF-0981"</unit><red><mv>{ 50 100 200 400 800 1500  }</mv><qntm>{ 64.6036 145.758 312.409 661.73 1377.94 2641.23  }</qntm></red><blue><mv>{ 100 500 1000 2000 3000 4000 5000  }</mv><qntm>{ 11.107 44.4539 81.9578 145.168 203.372 256.093 300.56  }</qntm></blue></lcf_cal></user></li6400>
"09:41:32 "
$STARTOFDATA$
"Obs"	"HHMMSS"	"YYYYMMDD"	"DOY"	"EBal?"	"Photo"	"Cond"	"Ci"	"Trmmol"	"VpdL"	"CTleaf"	"Area"	"BLC_1"	"StmRat"	"BLCond"	"Tair"	"Tleaf"	"TBlk"	"CO2R"	"CO2S"	"H2OR"	"H2OS"	"RH_R"	"RH_S"	"Flow"	"PARi"	"PARo"	"Press"	"CsMch"	"HsMch"	"StableF"	"BLCslope"	"BLCoffst"	"f_parin"	"f_parout"	"alphaK"	"Status"
"09:42:31 Coolers: Tblock -> 0.00 C"
"10:13:18 Coolers: Tblock -> 5.00 C"
"10:14:09 Flow: Fixed -> 300 umol/s"
1	"10:14:27"	20180319	78	0	7.2	0.114	272	1.64	1.07	12.21	6	1.42	1	2.84	7.22	12.21	5.08	399.33	383.67	1.719	4.986	12.16	35.29	300.0	1700	4	72.25	6.14	0.0392	1.0	-0.22	2.74	1.00	0.00	0.16	111115
2	"10:14:27"	20180319	78	0	7.2	0.114	272	1.64	1.07	12.21	6	1.42	1	2.84	7.22	12.21	5.08	399.33	383.67	1.719	4.986	12.16	35.29	300.0	1700	4	72.25	6.14	0.0392	1.0	-0.22	2.74	1.00	0.00	0.16	111115
3	"10:14:28"	20180319	78	0	7.19	0.114	272	1.64	1.07	12.21	6	1.42	1	2.84	7.22	12.21	5.08	399.28	383.64	1.719	4.987	12.17	35.29	300.0	1700	5	72.25	6.14	0.0392	1.0	-0.22	2.74	1.00	0.00	0.16	111115
4	"10:14:28"	20180319	78	0	7.17	0.114	272	1.64	1.07	12.21	6	1.42	1	2.84	7.22	12.21	5.08	399.21	383.62	1.720	4.986	12.17	35.29	300.0	1700	4	72.25	6.14	0.0392	1.0	-0.22	2.74	1.00	0.00	0.16	111115
5	"10:14:29"	20180319	78	0	7.17	0.114	272	1.64	1.07	12.20	6	1.42	1	2.84	7.22	12.20	5.08	399.19	383.58	1.721	4.985	12.18	35.28	300.1	1700	4	72.25	6.14	0.0392	1.0	-0.22	2.74	1.00	0.00	0.16	111115
6	"10:14:29"	20180319	78	0	7.15	0.114	272	1.64	1.07	12.22	6	1.42	1	2.84	7.22	12.22	5.08	399.12	383.57	1.721	4.985	12.18	35.28	300.0	1700	4	72.25	6.14	0.0392	1.0	-0.22	2.74	1.00	0.00	0.16	111115
7	"10:14:30"	20180319	78	0	7.13	0.114	272	1.64	1.07	12.22	6	1.42	1	2.84	7.22	12.22	5.08	399.07	383.55	1.721	4.984	12.18	35.27	300.1	1700	4	72.25	6.14	0.0392	1.0	-0.22	2.74	1.00	0.00	0.16	111115
8	"10:14:30"	20180319	78	0	7.14	0.114	272	1.64	1.07	12.22	6	1.42	1	2.84	7.22	12.22	5.08	399.04	383.51	1.721	4.983	12.18	35.27	300.0	1700	4	72.25	6.14	0.0392	1.0	-0.22	2.74	1.00	0.00	0.16	111115
9	"10:14:31"	20180319	78	0	7.2	0.114	271	1.64	1.07	12.22	6	1.42	1	2.84	7.22	12.22	5.08	399.07	383.42	1.722	4.984	12.18	35.27	300.0	1700	4	72.25	6.14	0.0392	1.0	-0.22	2.74	1.00	0.00	0.16	111115
10	"10:14:31"	20180319	78	0	7.19	0.114	271	1.64	1.07	12.22	6	1.42	1	2.84	7.22	12.22	5.08	399.08	383.46	1.722	4.984	12.18	35.27	300.1	1700	4	72.25	6.14	0.0392	1.0	-0.22	2.74	1.00	0.00	0.16	111115
11	"10:14:32"	20180319	78	0	7.2	0.114	271	1.64	1.07	12.23	6	1.42	1	2.84	7.22	12.23	5.08	399.10	383.44	1.721	4.986	12.18	35.29	300.1	1700	4	72.25	6.14	0.0392	1.0	-0.22	2.74	1.00	0.00	0.16	111115
12	"10:14:32"	20180319	78	0	7.26	0.114	270	1.64	1.07	12.23	6	1.42	1	2.84	7.22	12.23	5.08	399.16	383.39	1.720	4.987	12.18	35.29	300.0	1700	4	72.25	6.14	0.0392	1.0	-0.22	2.74	1.00	0.00	0.16	111115
13	"10:14:33"	20180319	78	0	7.3	0.114	270	1.64	1.07	12.23	6	1.42	1	2.84	7.22	12.23	5.08	399.20	383.35	1.720	4.986	12.17	35.29	300.0	1700	4	72.25	6.14	0.0392	0.7	-0.22	2.74	1.00	0.00	0.16	111115
14	"10:14:33"	20180319	78	0	7.32	0.114	269	1.64	1.07	12.24	6	1.42	1	2.84	7.22	12.24	5.08	399.19	383.29	1.719	4.987	12.17	35.29	300.0	1700	4	72.25	6.14	0.0392	0.7	-0.22	2.74	1.00	0.00	0.16	111115
15	"10:14:34"	20180319	78	0	7.33	0.114	269	1.64	1.07	12.25	6	1.42	1	2.84	7.22	12.25	5.08	399.19	383.28	1.720	4.986	12.17	35.29	300.0	1700	4	72.25	6.14	0.0392	0.7	-0.22	2.74	1.00	0.00	0.16	111115
16	"10:14:52"	20180319	78	0	7.64	0.114	264	1.64	1.07	12.23	6	1.42	1	2.84	7.22	12.23	5.08	399.87	383.34	1.722	4.978	12.19	35.23	300.1	1700	4	72.25	6.14	0.0392	0.7	-0.22	2.74	1.00	0.00	0.16	111115
17	"10:14:53"	20180319	78	0	7.64	0.114	264	1.64	1.07	12.23	6	1.42	1	2.84	7.22	12.23	5.08	399.87	383.34	1.722	4.978	12.19	35.23	300.1	1700	4	72.25	6.14	0.0392	0.7	-0.22	2.74	1.00	0.00	0.16	111115
18	"10:14:53"	20180319	78	0	7.65	0.114	264	1.64	1.07	12.23	6	1.42	1	2.84	7.22	12.23	5.08	399.91	383.35	1.722	4.979	12.18	35.24	300.1	1700	4	72.25	6.14	0.0392	0.7	-0.22	2.74	1.00	0.00	0.16	111115
19	"10:14:54"	20180319	78	0	7.66	0.114	264	1.64	1.07	12.24	6	1.42	1	2.84	7.22	12.24	5.08	399.91	383.34	1.722	4.978	12.18	35.23	300.1	1700	4	72.25	6.14	0.0392	0.7	-0.22	2.74	1.00	0.00	0.16	111115
20	"10:14:54"	20180319	78	0	7.62	0.114	265	1.64	1.07	12.24	6	1.42	1	2.84	7.22	12.24	5.08	399.90	383.39	1.721	4.978	12.18	35.23	300.1	1700	5	72.25	6.14	0.0392	0.7	-0.22	2.74	1.00	0.00	0.16	111115
21	"10:14:55"	20180319	78	0	7.6	0.114	265	1.64	1.07	12.23	6	1.42	1	2.84	7.22	12.23	5.08	399.90	383.45	1.720	4.977	12.17	35.22	300.1	1700	5	72.25	6.14	0.0392	0.7	-0.22	2.74	1.00	0.00	0.16	111115
22	"10:14:56"	20180319	78	0	7.59	0.114	265	1.64	1.07	12.23	6	1.42	1	2.84	7.22	12.23	5.08	399.92	383.49	1.720	4.976	12.17	35.21	300.1	1700	5	72.25	6.14	0.0392	0.7	-0.22	2.74	1.00	0.00	0.16	111115
23	"10:14:56"	20180319	78	0	7.58	0.114	265	1.64	1.07	12.24	6	1.42	1	2.84	7.22	12.24	5.08	399.91	383.49	1.720	4.977	12.17	35.22	300.1	1700	5	72.25	6.14	0.0392	0.7	-0.22	2.74	1.00	0.00	0.16	111115
24	"10:14:57"	20180319	78	0	7.56	0.114	266	1.64	1.07	12.23	6	1.42	1	2.84	7.22	12.23	5.08	399.89	383.53	1.720	4.979	12.17	35.23	300.1	1700	5	72.25	6.14	0.0392	0.7	-0.22	2.74	1.00	0.00	0.16	111115
25	"10:14:57"	20180319	78	0	7.51	0.114	267	1.64	1.07	12.22	6	1.42	1	2.84	7.22	12.22	5.08	399.79	383.52	1.720	4.978	12.17	35.23	300.1	1700	5	72.25	6.14	0.0392	0.7	-0.22	2.74	1.00	0.00	0.16	111115
26	"10:14:58"	20180319	78	0	7.49	0.114	267	1.64	1.07	12.23	6	1.42	1	2.84	7.22	12.23	5.08	399.78	383.55	1.721	4.979	12.18	35.23	300.1	1700	4	72.25	6.14	0.0392	0.7	-0.22	2.74	1.00	0.00	0.16	111115
27	"10:14:59"	20180319	78	0	7.49	0.114	267	1.64	1.07	12.24	6	1.42	1	2.84	7.22	12.24	5.08	399.78	383.55	1.721	4.980	12.18	35.24	300.0	1700	4	72.25	6.14	0.0392	0.7	-0.22	2.74	1.00	0.00	0.16	111115
28	"10:14:59"	20180319	78	0	7.52	0.113	266	1.64	1.07	12.26	6	1.42	1	2.84	7.22	12.26	5.08	399.80	383.51	1.721	4.979	12.18	35.23	300.0	1700	4	72.25	6.14	0.0392	0.7	-0.22	2.74	1.00	0.00	0.16	111115
29	"10:15:00"	20180319	78	0	7.54	0.113	266	1.64	1.07	12.26	6	1.42	1	2.84	7.22	12.26	5.08	399.82	383.49	1.721	4.979	12.18	35.23	300.0	1700	4	72.25	6.14	0.0392	0.7	-0.22	2.74	1.00	0.00	0.16	111115
30	"10:15:00"	20180319	78	0	7.58	0.113	265	1.64	1.07	12.28	6	1.42	1	2.84	7.22	12.28	5.07	399.88	383.47	1.720	4.979	12.17	35.23	300.0	1700	4	72.25	6.14	0.0392	0.7	-0.22	2.74	1.00	0.00	0.16	111115
31	"10:15:53"	20180319	78	0	7.4	0.112	267	1.63	1.08	12.28	6	1.42	1	2.84	7.23	12.28	5.08	399.80	383.76	1.723	4.964	12.18	35.10	300.0	1699	4	72.25	6.14	0.0392	1.0	-0.22	2.74	1.00	0.00	0.16	111115
32	"10:15:53"	20180319	78	0	7.4	0.112	267	1.63	1.08	12.28	6	1.42	1	2.84	7.23	12.28	5.08	399.80	383.76	1.723	4.964	12.18	35.10	300.0	1699	4	72.25	6.14	0.0392	1.0	-0.22	2.74	1.00	0.00	0.16	111115
33	"10:15:54"	20180319	78	0	7.41	0.112	267	1.63	1.08	12.28	6	1.42	1	2.84	7.23	12.28	5.08	399.81	383.74	1.722	4.963	12.18	35.09	300.0	1699	4	72.25	6.14	0.0392	1.0	-0.22	2.74	1.00	0.00	0.16	111115
34	"10:15:54"	20180319	78	0	7.43	0.112	267	1.63	1.07	12.27	6	1.42	1	2.84	7.23	12.27	5.08	399.83	383.73	1.722	4.961	12.18	35.08	300.0	1699	4	72.25	6.14	0.0392	1.0	-0.22	2.74	1.00	0.00	0.16	111115
35	"10:15:55"	20180319	78	0	7.43	0.112	267	1.63	1.07	12.26	6	1.42	1	2.84	7.23	12.26	5.08	399.84	383.73	1.721	4.961	12.17	35.08	300.0	1700	4	72.25	6.14	0.0392	1.0	-0.22	2.74	1.00	0.00	0.16	111115
36	"10:15:55"	20180319	78	0	7.41	0.113	267	1.63	1.07	12.25	6	1.42	1	2.84	7.23	12.25	5.08	399.87	383.81	1.722	4.960	12.17	35.07	300.0	1699	4	72.25	6.14	0.0392	1.0	-0.22	2.74	1.00	0.00	0.16	111115
37	"10:15:56"	20180319	78	0	7.41	0.113	267	1.63	1.07	12.25	6	1.42	1	2.84	7.23	12.25	5.08	399.91	383.84	1.722	4.961	12.17	35.08	300.1	1699	4	72.25	6.14	0.0392	1.0	-0.22	2.74	1.00	0.00	0.16	111115
38	"10:15:57"	20180319	78	0	7.44	0.113	267	1.63	1.07	12.25	6	1.42	1	2.84	7.23	12.25	5.08	399.94	383.81	1.723	4.961	12.18	35.07	300.1	1699	5	72.25	6.14	0.0392	1.0	-0.22	2.74	1.00	0.00	0.16	111115
39	"10:15:57"	20180319	78	0	7.43	0.112	267	1.63	1.07	12.25	6	1.42	1	2.84	7.23	12.25	5.08	399.91	383.81	1.723	4.959	12.18	35.06	300.1	1699	4	72.25	6.14	0.0392	1.0	-0.22	2.74	1.00	0.00	0.16	111115
40	"10:15:58"	20180319	78	0	7.37	0.113	268	1.63	1.07	12.24	6	1.42	1	2.84	7.23	12.24	5.08	399.87	383.88	1.723	4.960	12.18	35.06	300.1	1699	4	72.25	6.14	0.0392	1.0	-0.22	2.74	1.00	0.00	0.16	111115
41	"10:15:59"	20180319	78	0	7.36	0.113	268	1.63	1.07	12.24	6	1.42	1	2.84	7.23	12.24	5.08	399.88	383.92	1.723	4.960	12.18	35.06	300.1	1699	4	72.25	6.14	0.0392	1.0	-0.22	2.74	1.00	0.00	0.16	111115
42	"10:15:59"	20180319	78	0	7.4	0.112	267	1.63	1.07	12.25	6	1.42	1	2.84	7.23	12.25	5.08	399.90	383.86	1.723	4.958	12.18	35.05	300.1	1699	4	72.25	6.14	0.0392	1.0	-0.22	2.74	1.00	0.00	0.16	111115
43	"10:16:00"	20180319	78	0	7.41	0.112	267	1.63	1.07	12.25	6	1.42	1	2.84	7.23	12.25	5.08	399.92	383.86	1.723	4.959	12.18	35.05	300.1	1699	4	72.25	6.14	0.0392	1.0	-0.22	2.74	1.00	0.00	0.16	111115
44	"10:16:00"	20180319	78	0	7.37	0.112	268	1.63	1.07	12.26	6	1.42	1	2.84	7.23	12.26	5.08	399.92	383.92	1.723	4.958	12.18	35.06	300.0	1699	4	72.25	6.14	0.0392	1.0	-0.22	2.74	1.00	0.00	0.16	111115
45	"10:16:01"	20180319	78	0	7.4	0.112	267	1.63	1.07	12.26	6	1.42	1	2.84	7.23	12.26	5.08	399.94	383.90	1.723	4.959	12.18	35.06	300.0	1699	4	72.25	6.14	0.0392	1.0	-0.22	2.74	1.00	0.00	0.16	111115
"10:16:43 Coolers: Tblock -> 10.00 C"
"10:18:14 Flow: Fixed -> 300 umol/s"
"10:19:11 Flow: Fixed -> 300 umol/s"
46	"10:19:21"	20180319	78	0	7.31	0.108	263	1.72	1.18	14.25	6	1.42	1	2.84	11.13	14.25	10.08	399.82	383.88	2.843	6.261	15.46	34.05	300.0	1699	5	72.25	6.08	0.0211	0.7	-0.22	2.74	1.00	0.00	0.16	111115
47	"10:19:21"	20180319	78	0	7.31	0.108	263	1.72	1.18	14.26	6	1.42	1	2.84	11.13	14.26	10.08	399.77	383.82	2.843	6.261	15.46	34.05	300.0	1699	5	72.25	6.08	0.0211	0.7	-0.22	2.74	1.00	0.00	0.16	111115
48	"10:19:22"	20180319	78	0	7.34	0.108	263	1.72	1.18	14.26	6	1.42	1	2.84	11.13	14.26	10.08	399.78	383.79	2.844	6.263	15.47	34.05	300.0	1699	5	72.25	6.08	0.0211	0.7	-0.22	2.74	1.00	0.00	0.16	111115
49	"10:19:30"	20180319	78	0	7.52	0.108	260	1.72	1.18	14.26	6	1.42	1	2.84	11.15	14.26	10.07	400.25	383.88	2.844	6.270	15.45	34.05	300.0	1699	5	72.25	6.08	0.0211	1.0	-0.22	2.74	1.00	0.00	0.16	111115
50	"10:19:30"	20180319	78	0	7.52	0.108	260	1.72	1.18	14.26	6	1.42	1	2.84	11.15	14.26	10.07	400.25	383.88	2.844	6.270	15.45	34.05	300.0	1699	5	72.25	6.08	0.0211	1.0	-0.22	2.74	1.00	0.00	0.16	111115
51	"10:19:31"	20180319	78	0	7.53	0.108	260	1.72	1.18	14.26	6	1.42	1	2.84	11.15	14.26	10.07	400.27	383.89	2.844	6.270	15.44	34.05	300.0	1699	5	72.25	6.08	0.0211	1.0	-0.22	2.74	1.00	0.00	0.16	111115
52	"10:19:31"	20180319	78	0	7.55	0.108	260	1.72	1.18	14.27	6	1.42	1	2.84	11.15	14.27	10.07	400.31	383.90	2.844	6.272	15.44	34.05	300.0	1699	5	72.25	6.08	0.0211	1.0	-0.22	2.74	1.00	0.00	0.16	111115
53	"10:19:32"	20180319	78	0	7.58	0.108	260	1.72	1.18	14.26	6	1.42	1	2.84	11.15	14.26	10.07	400.35	383.87	2.844	6.271	15.44	34.04	300.0	1699	5	72.25	6.08	0.0211	1.0	-0.22	2.74	1.00	0.00	0.16	111115
54	"10:19:33"	20180319	78	0	7.58	0.108	260	1.72	1.18	14.26	6	1.42	1	2.84	11.15	14.26	10.07	400.35	383.87	2.844	6.269	15.44	34.03	300.0	1699	5	72.25	6.08	0.0211	1.0	-0.22	2.74	1.00	0.00	0.16	111115
55	"10:19:33"	20180319	78	0	7.58	0.108	260	1.72	1.18	14.25	6	1.42	1	2.84	11.15	14.25	10.07	400.35	383.88	2.844	6.270	15.44	34.03	300.0	1699	5	72.25	6.08	0.0211	1.0	-0.22	2.74	1.00	0.00	0.16	111115
56	"10:19:34"	20180319	78	0	7.59	0.108	259	1.72	1.18	14.26	6	1.42	1	2.84	11.16	14.26	10.07	400.37	383.87	2.844	6.270	15.44	34.03	300.0	1699	5	72.25	6.08	0.0211	1.0	-0.22	2.74	1.00	0.00	0.16	111115
57	"10:19:35"	20180319	78	0	7.55	0.108	260	1.72	1.18	14.26	6	1.42	1	2.84	11.16	14.26	10.07	400.36	383.92	2.844	6.271	15.43	34.04	300.0	1699	5	72.25	6.08	0.0211	1.0	-0.22	2.74	1.00	0.00	0.16	111115
58	"10:19:35"	20180319	78	0	7.53	0.108	260	1.73	1.18	14.27	6	1.42	1	2.84	11.16	14.27	10.07	400.35	383.96	2.844	6.274	15.43	34.05	300.0	1699	5	72.25	6.08	0.0211	1.0	-0.22	2.74	1.00	0.00	0.16	111115
59	"10:19:36"	20180319	78	0	7.51	0.108	261	1.73	1.18	14.27	6	1.42	1	2.84	11.16	14.27	10.08	400.31	383.97	2.844	6.274	15.43	34.04	300.1	1699	5	72.25	6.08	0.0211	1.0	-0.22	2.74	1.00	0.00	0.16	111115
60	"10:19:36"	20180319	78	0	7.49	0.108	261	1.73	1.18	14.28	6	1.42	1	2.84	11.16	14.28	10.08	400.29	383.99	2.844	6.273	15.43	34.04	300.0	1699	4	72.25	6.08	0.0211	1.0	-0.22	2.74	1.00	0.00	0.16	111115
61	"10:19:37"	20180319	78	0	7.47	0.108	261	1.73	1.18	14.28	6	1.42	1	2.84	11.16	14.28	10.08	400.29	384.02	2.845	6.276	15.43	34.05	300.0	1699	4	72.25	6.08	0.0211	1.0	-0.22	2.74	1.00	0.00	0.16	111115
62	"10:19:37"	20180319	78	0	7.49	0.108	261	1.73	1.18	14.29	6	1.42	1	2.84	11.16	14.29	10.08	400.33	384.03	2.845	6.278	15.43	34.06	300.1	1699	4	72.25	6.08	0.0211	0.7	-0.22	2.74	1.00	0.00	0.16	111115
63	"10:19:38"	20180319	78	0	7.49	0.108	261	1.73	1.18	14.29	6	1.42	1	2.84	11.16	14.29	10.07	400.34	384.04	2.845	6.278	15.43	34.05	300.1	1699	4	72.25	6.08	0.0211	0.7	-0.22	2.74	1.00	0.00	0.16	111115
"10:19:59 Coolers: Tblock -> 15.00 C"
"10:23:24 Flow: Fixed -> 300 umol/s"
64	"10:23:28"	20180319	78	0	7.43	0.104	256	1.89	1.34	17.01	6	1.42	1	2.84	15.40	17.01	15.07	399.94	383.64	4.658	8.406	19.17	34.59	300.1	1700	4	72.25	6.39	0.00644	1.0	-0.22	2.74	1.00	0.00	0.16	111115
65	"10:23:29"	20180319	78	0	7.43	0.104	256	1.89	1.34	17.01	6	1.42	1	2.84	15.40	17.01	15.07	399.94	383.64	4.658	8.406	19.17	34.59	300.1	1700	4	72.25	6.39	0.00644	1.0	-0.22	2.74	1.00	0.00	0.16	111115
66	"10:23:29"	20180319	78	0	7.42	0.104	257	1.89	1.34	17.01	6	1.42	1	2.84	15.40	17.01	15.07	399.96	383.67	4.649	8.406	19.13	34.59	300.1	1700	4	72.25	6.39	0.00644	1.0	-0.22	2.74	1.00	0.00	0.16	111115
67	"10:23:30"	20180319	78	0	7.41	0.104	257	1.9	1.34	17.00	6	1.42	1	2.84	15.40	17.00	15.06	399.96	383.69	4.647	8.404	19.12	34.58	300.1	1700	4	72.25	6.39	0.00644	1.0	-0.22	2.74	1.00	0.00	0.16	111115
68	"10:23:31"	20180319	78	0	7.39	0.104	257	1.89	1.34	17.00	6	1.42	1	2.84	15.40	17.00	15.06	399.91	383.69	4.647	8.404	19.12	34.58	300.1	1700	4	72.25	6.39	0.00644	1.0	-0.22	2.74	1.00	0.00	0.16	111115
69	"10:23:31"	20180319	78	0	7.36	0.104	258	1.89	1.34	16.99	6	1.42	1	2.84	15.40	16.99	15.06	399.90	383.72	4.647	8.404	19.12	34.57	300.0	1700	4	72.25	6.39	0.00644	1.0	-0.22	2.74	1.00	0.00	0.16	111115
70	"10:23:32"	20180319	78	0	7.39	0.104	257	1.9	1.34	16.99	6	1.42	1	2.84	15.40	16.99	15.07	399.96	383.73	4.647	8.407	19.12	34.58	300.0	1700	5	72.25	6.39	0.00644	1.0	-0.22	2.74	1.00	0.00	0.16	111115
71	"10:23:32"	20180319	78	0	7.42	0.104	257	1.9	1.34	17.00	6	1.42	1	2.84	15.40	17.00	15.07	399.99	383.71	4.647	8.409	19.12	34.59	300.1	1700	5	72.25	6.39	0.00644	1.0	-0.22	2.74	1.00	0.00	0.16	111115
72	"10:23:33"	20180319	78	0	7.46	0.104	256	1.9	1.34	17.00	6	1.42	1	2.84	15.41	17.00	15.06	400.03	383.66	4.648	8.410	19.12	34.59	300.1	1700	5	72.25	6.39	0.00644	1.0	-0.22	2.74	1.00	0.00	0.16	111115
73	"10:23:33"	20180319	78	0	7.47	0.104	256	1.9	1.34	17.00	6	1.42	1	2.84	15.41	17.00	15.06	400.03	383.65	4.649	8.411	19.12	34.59	300.0	1700	4	72.25	6.39	0.00644	1.0	-0.22	2.74	1.00	0.00	0.16	111115
74	"10:23:34"	20180319	78	0	7.46	0.104	256	1.9	1.34	17.00	6	1.42	1	2.84	15.41	17.00	15.06	400.02	383.64	4.649	8.411	19.12	34.59	300.0	1700	4	72.25	6.39	0.00644	1.0	-0.22	2.74	1.00	0.00	0.16	111115
75	"10:23:34"	20180319	78	0	7.47	0.104	256	1.9	1.34	17.01	6	1.42	1	2.84	15.41	17.01	15.06	400.04	383.64	4.648	8.411	19.12	34.59	300.0	1700	4	72.25	6.39	0.00644	1.0	-0.22	2.74	1.00	0.00	0.16	111115
76	"10:23:35"	20180319	78	0	7.48	0.104	256	1.9	1.34	17.01	6	1.42	1	2.84	15.41	17.01	15.06	400.05	383.64	4.649	8.411	19.12	34.59	300.0	1700	4	72.25	6.39	0.00644	1.0	-0.22	2.74	1.00	0.00	0.16	111115
77	"10:23:35"	20180319	78	0	7.47	0.104	256	1.9	1.34	17.01	6	1.42	1	2.84	15.41	17.01	15.06	399.98	383.59	4.649	8.410	19.12	34.58	300.1	1700	4	72.25	6.39	0.00644	1.0	-0.22	2.74	1.00	0.00	0.16	111115
78	"10:23:36"	20180319	78	0	7.44	0.104	256	1.9	1.34	17.01	6	1.42	1	2.84	15.41	17.01	15.06	399.93	383.60	4.649	8.409	19.11	34.57	300.0	1700	4	72.25	6.39	0.00644	1.0	-0.22	2.74	1.00	0.00	0.16	111115
"10:24:17 Coolers: Tblock -> 20.00 C"
"10:27:52 Flow: Fixed -> 300 umol/s"
79	"10:28:05"	20180319	78	0	7.46	0.101	250	2.09	1.52	19.75	6	1.42	1	2.84	19.67	19.75	20.07	400.01	383.50	6.833	10.960	21.47	34.44	300.0	1699	5	72.25	6.39	0.00644	1.0	-0.22	2.74	1.00	0.00	0.16	111115
80	"10:28:05"	20180319	78	0	7.41	0.101	251	2.09	1.52	19.75	6	1.42	1	2.84	19.67	19.75	20.07	399.98	383.57	6.833	10.958	21.47	34.43	300.0	1699	5	72.25	6.39	0.00644	1.0	-0.22	2.74	1.00	0.00	0.16	111115
81	"10:28:06"	20180319	78	0	7.41	0.101	251	2.09	1.52	19.75	6	1.42	1	2.84	19.67	19.75	20.07	399.98	383.57	6.833	10.958	21.47	34.43	300.0	1699	5	72.25	6.39	0.00644	1.0	-0.22	2.74	1.00	0.00	0.16	111115
82	"10:28:06"	20180319	78	0	7.41	0.101	251	2.09	1.52	19.75	6	1.42	1	2.84	19.67	19.75	20.07	399.95	383.53	6.832	10.960	21.47	34.44	300.0	1699	5	72.25	6.39	0.00644	1.0	-0.22	2.74	1.00	0.00	0.16	111115
83	"10:28:07"	20180319	78	0	7.39	0.101	251	2.09	1.52	19.76	6	1.42	1	2.84	19.67	19.76	20.07	399.94	383.55	6.834	10.961	21.47	34.44	300.0	1699	5	72.25	6.39	0.00644	1.0	-0.22	2.74	1.00	0.00	0.16	111115
84	"10:28:07"	20180319	78	0	7.35	0.101	252	2.09	1.52	19.76	6	1.42	1	2.84	19.67	19.76	20.06	399.86	383.55	6.834	10.962	21.47	34.44	300.0	1699	5	72.25	6.39	0.00644	1.0	-0.22	2.74	1.00	0.00	0.16	111115
85	"10:28:08"	20180319	78	0	7.31	0.101	253	2.09	1.52	19.75	6	1.42	1	2.84	19.67	19.75	20.06	399.78	383.56	6.834	10.963	21.47	34.44	300.0	1699	5	72.25	6.39	0.00644	1.0	-0.22	2.74	1.00	0.00	0.16	111115
86	"10:28:08"	20180319	78	0	7.22	0.101	254	2.09	1.52	19.75	6	1.42	1	2.84	19.67	19.75	20.06	399.62	383.58	6.833	10.964	21.47	34.45	300.0	1699	5	72.25	6.39	0.00644	1.0	-0.22	2.74	1.00	0.00	0.16	111115
87	"10:28:09"	20180319	78	0	7.13	0.101	256	2.09	1.52	19.75	6	1.42	1	2.84	19.68	19.75	20.06	399.39	383.53	6.833	10.963	21.47	34.44	300.0	1699	5	72.25	6.39	0.00644	1.0	-0.22	2.74	1.00	0.00	0.16	111115
88	"10:28:09"	20180319	78	0	7.12	0.101	256	2.09	1.52	19.76	6	1.42	1	2.84	19.68	19.76	20.07	399.31	383.47	6.834	10.965	21.47	34.44	300.0	1699	5	72.25	6.39	0.00644	1.0	-0.22	2.74	1.00	0.00	0.16	111115
89	"10:28:10"	20180319	78	0	7.06	0.101	257	2.09	1.52	19.76	6	1.42	1	2.84	19.68	19.76	20.07	399.23	383.51	6.834	10.965	21.47	34.44	300.0	1699	5	72.25	6.39	0.00644	1.0	-0.22	2.74	1.00	0.00	0.16	111115
90	"10:28:11"	20180319	78	0	7.05	0.101	257	2.09	1.52	19.76	6	1.42	1	2.84	19.68	19.76	20.07	399.13	383.44	6.834	10.966	21.46	34.44	300.0	1699	5	72.25	6.39	0.00644	1.0	-0.22	2.74	1.00	0.00	0.16	111115
91	"10:28:11"	20180319	78	0	7.05	0.101	257	2.09	1.52	19.75	6	1.42	1	2.84	19.68	19.75	20.07	399.11	383.40	6.834	10.967	21.46	34.44	300.0	1699	5	72.25	6.39	0.00644	1.0	-0.22	2.74	1.00	0.00	0.16	111115
92	"10:28:12"	20180319	78	0	7.03	0.101	257	2.09	1.52	19.76	6	1.42	1	2.84	19.68	19.76	20.07	399.05	383.39	6.834	10.967	21.46	34.44	300.0	1699	5	72.25	6.39	0.00644	1.0	-0.22	2.74	1.00	0.00	0.16	111115
93	"10:28:12"	20180319	78	0	7.04	0.101	257	2.09	1.52	19.76	6	1.42	1	2.84	19.68	19.76	20.07	399.05	383.38	6.835	10.967	21.46	34.44	300.0	1699	5	72.25	6.39	0.00644	1.0	-0.22	2.74	1.00	0.00	0.16	111115
94	"10:28:14"	20180319	78	0	7.1	0.101	256	2.09	1.52	19.76	6	1.42	1	2.84	19.69	19.76	20.07	399.02	383.21	6.835	10.971	21.46	34.44	300.0	1699	5	72.25	6.39	0.00644	1.0	-0.22	2.74	1.00	0.00	0.16	111115
95	"10:28:14"	20180319	78	0	7.1	0.101	256	2.09	1.52	19.76	6	1.42	1	2.84	19.69	19.76	20.07	399.02	383.21	6.835	10.971	21.46	34.44	300.0	1699	5	72.25	6.39	0.00644	1.0	-0.22	2.74	1.00	0.00	0.16	111115
96	"10:28:47"	20180319	78	0	7.89	0.101	243	2.11	1.54	19.91	6	1.42	1	2.84	19.74	19.91	20.06	400.16	382.77	6.843	11.025	21.41	34.50	300.0	1698	5	72.25	6.39	0.00644	1.0	-0.22	2.74	1.00	0.00	0.16	111115
97	"10:28:47"	20180319	78	0	7.89	0.101	243	2.11	1.54	19.91	6	1.42	1	2.84	19.74	19.91	20.06	400.16	382.77	6.843	11.025	21.41	34.50	300.0	1698	5	72.25	6.39	0.00644	1.0	-0.22	2.74	1.00	0.00	0.16	111115
98	"10:28:48"	20180319	78	0	7.91	0.101	242	2.11	1.54	19.91	6	1.42	1	2.84	19.74	19.91	20.06	400.22	382.77	6.843	11.023	21.41	34.49	300.0	1698	5	72.25	6.39	0.00644	1.0	-0.22	2.74	1.00	0.00	0.16	111115
99	"10:28:49"	20180319	78	0	7.87	0.1	243	2.11	1.54	19.92	6	1.42	1	2.84	19.74	19.92	20.06	400.21	382.86	6.843	11.021	21.41	34.49	300.0	1698	5	72.25	6.39	0.00644	1.0	-0.22	2.74	1.00	0.00	0.16	111115
100	"10:28:49"	20180319	78	0	7.86	0.1	243	2.11	1.54	19.92	6	1.42	1	2.84	19.74	19.92	20.06	400.25	382.90	6.844	11.023	21.41	34.49	300.0	1698	5	72.25	6.39	0.00644	1.0	-0.22	2.74	1.00	0.00	0.16	111115
101	"10:28:50"	20180319	78	0	7.83	0.1	243	2.11	1.54	19.93	6	1.42	1	2.84	19.74	19.93	20.06	400.23	382.95	6.845	11.022	21.42	34.49	300.0	1698	5	72.25	6.39	0.00644	1.0	-0.22	2.74	1.00	0.00	0.16	111115
102	"10:28:50"	20180319	78	0	7.84	0.1	243	2.11	1.54	19.93	6	1.42	1	2.84	19.74	19.93	20.06	400.24	382.94	6.845	11.020	21.42	34.48	300.0	1698	5	72.25	6.39	0.00644	0.7	-0.22	2.74	1.00	0.00	0.16	111115
103	"10:28:51"	20180319	78	0	7.81	0.1	244	2.11	1.54	19.93	6	1.42	1	2.84	19.74	19.93	20.06	400.23	383.00	6.847	11.020	21.42	34.48	300.0	1699	5	72.25	6.39	0.00644	0.7	-0.22	2.74	1.00	0.00	0.16	111115
104	"10:28:52"	20180319	78	0	7.79	0.1	244	2.11	1.54	19.93	6	1.42	1	2.84	19.74	19.93	20.06	400.26	383.06	6.847	11.021	21.42	34.48	300.0	1699	5	72.25	6.39	0.00644	0.7	-0.22	2.74	1.00	0.00	0.16	111115
105	"10:29:28"	20180319	78	0	7.55	0.101	249	2.13	1.55	20.01	6	1.42	1	2.84	19.79	20.01	20.06	399.95	383.22	6.855	11.071	21.39	34.54	300.0	1700	5	72.25	6.39	0.00644	1.0	-0.22	2.74	1.00	0.00	0.16	111115
106	"10:29:29"	20180319	78	0	7.55	0.101	249	2.13	1.55	20.01	6	1.42	1	2.84	19.79	20.01	20.06	399.95	383.22	6.855	11.071	21.39	34.54	300.0	1700	5	72.25	6.39	0.00644	1.0	-0.22	2.74	1.00	0.00	0.16	111115
107	"10:29:29"	20180319	78	0	7.57	0.101	248	2.13	1.55	20.01	6	1.42	1	2.84	19.79	20.01	20.06	399.99	383.21	6.855	11.071	21.39	34.54	300.0	1700	5	72.25	6.39	0.00644	1.0	-0.22	2.74	1.00	0.00	0.16	111115
108	"10:29:30"	20180319	78	0	7.57	0.101	248	2.13	1.55	20.01	6	1.42	1	2.84	19.79	20.01	20.06	400.00	383.23	6.855	11.070	21.39	34.54	300.0	1700	5	72.25	6.39	0.00644	1.0	-0.22	2.74	1.00	0.00	0.16	111115
109	"10:29:31"	20180319	78	0	7.55	0.101	249	2.13	1.55	20.01	6	1.42	1	2.84	19.79	20.01	20.06	399.99	383.25	6.855	11.071	21.39	34.54	300.0	1700	5	72.25	6.39	0.00644	1.0	-0.22	2.74	1.00	0.00	0.16	111115
110	"10:29:31"	20180319	78	0	7.58	0.101	248	2.13	1.55	20.01	6	1.42	1	2.84	19.79	20.01	20.06	400.02	383.23	6.856	11.070	21.39	34.54	300.0	1700	5	72.25	6.39	0.00644	1.0	-0.22	2.74	1.00	0.00	0.16	111115
111	"10:29:32"	20180319	78	0	7.61	0.101	248	2.13	1.55	20.01	6	1.42	1	2.84	19.79	20.01	20.06	400.04	383.20	6.855	11.069	21.38	34.53	300.0	1700	5	72.25	6.39	0.00644	1.0	-0.22	2.74	1.00	0.00	0.16	111115
112	"10:29:32"	20180319	78	0	7.58	0.101	248	2.13	1.55	20.01	6	1.42	1	2.84	19.79	20.01	20.06	400.02	383.24	6.855	11.072	21.38	34.54	300.0	1700	5	72.25	6.39	0.00644	1.0	-0.22	2.74	1.00	0.00	0.16	111115
113	"10:29:33"	20180319	78	0	7.57	0.101	249	2.13	1.55	20.01	6	1.42	1	2.84	19.79	20.01	20.06	400.02	383.25	6.855	11.075	21.38	34.55	300.0	1700	5	72.25	6.39	0.00644	1.0	-0.22	2.74	1.00	0.00	0.16	111115
114	"10:29:34"	20180319	78	0	7.57	0.101	249	2.13	1.55	20.01	6	1.42	1	2.84	19.79	20.01	20.06	399.99	383.23	6.855	11.077	21.38	34.55	300.0	1700	5	72.25	6.39	0.00644	1.0	-0.22	2.74	1.00	0.00	0.16	111115
115	"10:29:34"	20180319	78	0	7.55	0.101	249	2.14	1.55	20.02	6	1.42	1	2.84	19.79	20.02	20.06	399.98	383.24	6.856	11.080	21.39	34.56	300.1	1700	5	72.25	6.39	0.00644	1.0	-0.22	2.74	1.00	0.00	0.16	111115
116	"10:29:35"	20180319	78	0	7.52	0.101	249	2.14	1.55	20.02	6	1.42	1	2.84	19.79	20.02	20.07	399.96	383.28	6.855	11.082	21.38	34.57	300.0	1700	5	72.25	6.39	0.00644	1.0	-0.22	2.74	1.00	0.00	0.16	111115
117	"10:29:35"	20180319	78	0	7.49	0.101	250	2.14	1.55	20.03	6	1.42	1	2.84	19.79	20.03	20.07	399.93	383.31	6.856	11.085	21.38	34.57	300.0	1700	5	72.25	6.39	0.00644	1.0	-0.22	2.74	1.00	0.00	0.16	111115
118	"10:29:36"	20180319	78	0	7.51	0.101	249	2.14	1.55	20.04	6	1.42	1	2.84	19.79	20.04	20.07	399.95	383.29	6.856	11.083	21.38	34.57	300.0	1700	5	72.25	6.39	0.00644	1.0	-0.22	2.74	1.00	0.00	0.16	111115
119	"10:29:37"	20180319	78	0	7.51	0.101	249	2.14	1.55	20.05	6	1.42	1	2.84	19.79	20.05	20.07	399.95	383.29	6.856	11.083	21.38	34.57	300.0	1700	5	72.25	6.39	0.00644	1.0	-0.22	2.74	1.00	0.00	0.16	111115
120	"10:30:29"	20180319	78	0	7.58	0.1	248	2.16	1.57	20.19	6	1.42	1	2.84	19.83	20.19	20.06	400.21	383.40	6.861	11.124	21.34	34.60	300.0	1699	5	72.25	6.39	0.00644	1.0	-0.22	2.74	1.00	0.00	0.16	111115
121	"10:30:29"	20180319	78	0	7.59	0.1	248	2.16	1.57	20.19	6	1.42	1	2.84	19.83	20.19	20.06	400.22	383.39	6.862	11.126	21.34	34.61	300.0	1699	5	72.25	6.39	0.00644	1.0	-0.22	2.74	1.00	0.00	0.16	111115
122	"10:30:29"	20180319	78	0	7.59	0.1	248	2.16	1.57	20.19	6	1.42	1	2.84	19.83	20.19	20.06	400.22	383.39	6.862	11.126	21.34	34.61	300.0	1699	5	72.25	6.39	0.00644	1.0	-0.22	2.74	1.00	0.00	0.16	111115
123	"10:30:30"	20180319	78	0	7.63	0.1	247	2.16	1.57	20.19	6	1.42	1	2.84	19.83	20.19	20.06	400.25	383.34	6.862	11.129	21.34	34.62	300.0	1699	5	72.25	6.39	0.00644	1.0	-0.22	2.74	1.00	0.00	0.16	111115
124	"10:30:31"	20180319	78	0	7.65	0.1	247	2.16	1.57	20.20	6	1.42	1	2.84	19.83	20.20	20.06	400.26	383.32	6.862	11.130	21.35	34.62	300.0	1699	5	72.25	6.39	0.00644	1.0	-0.22	2.74	1.00	0.00	0.16	111115
125	"10:30:31"	20180319	78	0	7.67	0.1	246	2.16	1.57	20.20	6	1.42	1	2.84	19.84	20.20	20.06	400.26	383.27	6.863	11.129	21.35	34.62	300.0	1699	5	72.25	6.39	0.00644	1.0	-0.22	2.74	1.00	0.00	0.16	111115
126	"10:30:32"	20180319	78	0	7.71	0.1	246	2.16	1.57	20.20	6	1.42	1	2.84	19.84	20.20	20.06	400.29	383.21	6.862	11.129	21.35	34.62	300.0	1699	5	72.25	6.39	0.00644	1.0	-0.22	2.74	1.00	0.00	0.16	111115
127	"10:30:32"	20180319	78	0	7.67	0.101	246	2.16	1.57	20.19	6	1.42	1	2.84	19.84	20.19	20.06	400.30	383.30	6.863	11.131	21.34	34.62	300.1	1699	5	72.25	6.39	0.00644	1.0	-0.22	2.74	1.00	0.00	0.16	111115
128	"10:30:33"	20180319	78	0	7.69	0.101	246	2.16	1.57	20.19	6	1.42	1	2.84	19.84	20.19	20.06	400.29	383.27	6.864	11.132	21.35	34.62	300.1	1699	5	72.25	6.39	0.00644	1.0	-0.22	2.74	1.00	0.00	0.16	111115
129	"10:30:34"	20180319	78	0	7.65	0.101	247	2.16	1.57	20.18	6	1.42	1	2.84	19.84	20.18	20.06	400.26	383.31	6.863	11.131	21.34	34.62	300.1	1699	5	72.25	6.39	0.00644	1.0	-0.22	2.74	1.00	0.00	0.16	111115
130	"10:30:34"	20180319	78	0	7.63	0.101	247	2.16	1.57	20.18	6	1.42	1	2.84	19.84	20.18	20.06	400.23	383.33	6.863	11.127	21.34	34.60	300.1	1699	5	72.25	6.39	0.00644	1.0	-0.22	2.74	1.00	0.00	0.16	111115
131	"10:30:35"	20180319	78	0	7.57	0.101	248	2.16	1.57	20.18	6	1.42	1	2.84	19.84	20.18	20.06	400.16	383.37	6.862	11.126	21.34	34.60	300.1	1699	5	72.25	6.39	0.00644	1.0	-0.22	2.74	1.00	0.00	0.16	111115
132	"10:30:35"	20180319	78	0	7.56	0.101	248	2.16	1.57	20.18	6	1.42	1	2.84	19.84	20.18	20.07	400.15	383.38	6.863	11.127	21.34	34.60	300.1	1699	5	72.25	6.39	0.00644	1.0	-0.22	2.74	1.00	0.00	0.16	111115
133	"10:30:36"	20180319	78	0	7.5	0.101	249	2.16	1.57	20.18	6	1.42	1	2.84	19.84	20.18	20.07	400.08	383.43	6.863	11.129	21.34	34.61	300.1	1699	5	72.25	6.39	0.00644	1.0	-0.22	2.74	1.00	0.00	0.16	111115
"10:30:46 Coolers: Tblock -> 25.00 C"
"10:35:19 Flow: Fixed -> 300 umol/s"
134	"10:36:00"	20180319	78	0	7.53	0.101	247	2.46	1.78	22.86	6	1.42	1	2.84	24.13	22.86	25.04	400.14	383.20	9.174	14.027	21.96	33.57	300.0	1700	6	72.24	7.34	-0.0486	1.0	-0.22	2.74	1.00	0.00	0.16	111115
135	"10:36:00"	20180319	78	0	7.53	0.101	247	2.46	1.78	22.86	6	1.42	1	2.84	24.13	22.86	25.04	400.14	383.20	9.174	14.027	21.96	33.57	300.0	1700	6	72.24	7.34	-0.0486	1.0	-0.22	2.74	1.00	0.00	0.16	111115
136	"10:36:01"	20180319	78	0	7.54	0.1	247	2.46	1.78	22.87	6	1.42	1	2.84	24.13	22.87	25.04	400.16	383.20	9.174	14.026	21.96	33.57	300.0	1700	6	72.24	7.34	-0.0486	1.0	-0.22	2.74	1.00	0.00	0.16	111115
137	"10:36:01"	20180319	78	0	7.54	0.101	247	2.46	1.78	22.87	6	1.42	1	2.84	24.13	22.87	25.04	400.18	383.22	9.174	14.028	21.95	33.57	300.0	1700	6	72.24	7.34	-0.0486	1.0	-0.22	2.74	1.00	0.00	0.16	111115
138	"10:36:02"	20180319	78	0	7.49	0.101	248	2.46	1.78	22.87	6	1.42	1	2.84	24.13	22.87	25.04	400.14	383.27	9.173	14.029	21.95	33.57	300.0	1700	6	72.24	7.34	-0.0486	1.0	-0.22	2.74	1.00	0.00	0.16	111115
139	"10:36:02"	20180319	78	0	7.48	0.1	248	2.46	1.78	22.87	6	1.42	1	2.84	24.13	22.87	25.04	400.13	383.29	9.172	14.028	21.95	33.57	300.0	1700	6	72.24	7.34	-0.0486	1.0	-0.22	2.74	1.00	0.00	0.16	111115
140	"10:36:03"	20180319	78	0	7.46	0.1	248	2.46	1.79	22.88	6	1.42	1	2.84	24.13	22.88	25.04	400.12	383.31	9.172	14.028	21.95	33.57	300.0	1700	6	72.24	7.34	-0.0486	0.7	-0.22	2.74	1.00	0.00	0.16	111115
141	"10:36:03"	20180319	78	0	7.45	0.1	248	2.46	1.79	22.88	6	1.42	1	2.84	24.14	22.88	25.04	400.11	383.33	9.173	14.029	21.95	33.57	300.0	1700	6	72.24	7.34	-0.0486	0.7	-0.22	2.74	1.00	0.00	0.16	111115
142	"10:36:04"	20180319	78	0	7.41	0.101	249	2.46	1.79	22.88	6	1.42	1	2.84	24.14	22.88	25.04	400.09	383.39	9.173	14.033	21.95	33.57	300.0	1700	6	72.24	7.34	-0.0486	0.7	-0.22	2.74	1.00	0.00	0.16	111115
143	"10:36:15"	20180319	78	0	7.37	0.101	250	2.48	1.79	22.91	6	1.42	1	2.84	24.16	22.91	25.04	400.13	383.49	9.173	14.055	21.92	33.58	300.0	1700	6	72.24	7.34	-0.0486	1.0	-0.22	2.74	1.00	0.00	0.16	111115
144	"10:36:16"	20180319	78	0	7.38	0.101	250	2.48	1.79	22.92	6	1.42	1	2.84	24.16	22.92	25.04	400.16	383.51	9.173	14.057	21.92	33.58	300.0	1700	6	72.24	7.34	-0.0486	1.0	-0.22	2.74	1.00	0.00	0.16	111115
145	"10:36:16"	20180319	78	0	7.38	0.101	250	2.48	1.79	22.92	6	1.42	1	2.84	24.16	22.92	25.04	400.16	383.51	9.173	14.057	21.92	33.58	300.0	1700	6	72.24	7.34	-0.0486	1.0	-0.22	2.74	1.00	0.00	0.16	111115
146	"10:36:16"	20180319	78	0	7.4	0.101	250	2.48	1.79	22.92	6	1.42	1	2.84	24.16	22.92	25.05	400.18	383.48	9.173	14.057	21.92	33.58	300.0	1700	6	72.24	7.34	-0.0486	1.0	-0.22	2.74	1.00	0.00	0.16	111115
147	"10:36:17"	20180319	78	0	7.39	0.101	250	2.48	1.79	22.92	6	1.42	1	2.84	24.16	22.92	25.05	400.18	383.50	9.174	14.057	21.92	33.58	300.0	1700	6	72.24	7.34	-0.0486	1.0	-0.22	2.74	1.00	0.00	0.16	111115
148	"10:36:18"	20180319	78	0	7.35	0.101	250	2.48	1.79	22.92	6	1.42	1	2.84	24.16	22.92	25.05	400.15	383.54	9.174	14.056	21.91	33.58	300.0	1700	6	72.24	7.34	-0.0486	1.0	-0.22	2.74	1.00	0.00	0.16	111115
149	"10:36:18"	20180319	78	0	7.35	0.101	250	2.48	1.79	22.93	6	1.42	1	2.84	24.16	22.93	25.05	400.14	383.54	9.174	14.059	21.91	33.58	300.0	1700	6	72.24	7.34	-0.0486	1.0	-0.22	2.74	1.00	0.00	0.16	111115
150	"10:36:19"	20180319	78	0	7.33	0.101	251	2.48	1.79	22.93	6	1.42	1	2.84	24.16	22.93	25.05	400.13	383.56	9.174	14.055	21.91	33.57	300.0	1700	6	72.24	7.34	-0.0486	1.0	-0.22	2.74	1.00	0.00	0.16	111115
151	"10:36:19"	20180319	78	0	7.35	0.101	250	2.48	1.79	22.93	6	1.42	1	2.84	24.17	22.93	25.05	400.15	383.55	9.174	14.055	21.91	33.57	300.0	1700	6	72.24	7.34	-0.0486	1.0	-0.22	2.74	1.00	0.00	0.16	111115
152	"10:36:20"	20180319	78	0	7.35	0.1	250	2.47	1.79	22.93	6	1.42	1	2.84	24.17	22.93	25.05	400.16	383.56	9.175	14.052	21.91	33.56	300.0	1700	6	72.24	7.34	-0.0486	1.0	-0.22	2.74	1.00	0.00	0.16	111115
153	"10:36:20"	20180319	78	0	7.35	0.101	250	2.47	1.79	22.93	6	1.42	1	2.84	24.17	22.93	25.05	400.16	383.56	9.174	14.053	21.91	33.56	300.0	1700	6	72.24	7.34	-0.0486	1.0	-0.22	2.74	1.00	0.00	0.16	111115
154	"10:36:21"	20180319	78	0	7.33	0.1	251	2.47	1.79	22.93	6	1.42	1	2.84	24.17	22.93	25.05	400.14	383.59	9.175	14.053	21.91	33.55	300.0	1700	6	72.24	7.34	-0.0486	1.0	-0.22	2.74	1.00	0.00	0.16	111115
155	"10:36:21"	20180319	78	0	7.33	0.101	251	2.48	1.79	22.93	6	1.42	1	2.84	24.17	22.93	25.05	400.17	383.60	9.175	14.057	21.91	33.56	300.0	1700	6	72.24	7.34	-0.0486	1.0	-0.22	2.74	1.00	0.00	0.16	111115
156	"10:36:22"	20180319	78	0	7.39	0.1	249	2.48	1.79	22.95	6	1.42	1	2.84	24.17	22.95	25.06	400.22	383.54	9.177	14.059	21.91	33.56	300.0	1700	6	72.24	7.34	-0.0486	1.0	-0.22	2.74	1.00	0.00	0.16	111115
157	"10:36:23"	20180319	78	0	7.39	0.1	249	2.48	1.79	22.95	6	1.42	1	2.84	24.17	22.95	25.06	400.23	383.55	9.177	14.061	21.90	33.56	300.0	1700	6	72.24	7.34	-0.0486	1.0	-0.22	2.74	1.00	0.00	0.16	111115
158	"10:36:25"	20180319	78	0	7.35	0.1	250	2.48	1.8	22.96	6	1.42	1	2.84	24.18	22.96	25.05	400.23	383.62	9.179	14.064	21.90	33.56	300.0	1700	6	72.24	7.34	-0.0486	1.0	-0.22	2.74	1.00	0.00	0.16	111115
159	"10:36:25"	20180319	78	0	7.35	0.1	250	2.48	1.8	22.96	6	1.42	1	2.84	24.18	22.96	25.05	400.23	383.62	9.179	14.064	21.90	33.56	300.0	1700	6	72.24	7.34	-0.0486	1.0	-0.22	2.74	1.00	0.00	0.16	111115
160	"10:36:26"	20180319	78	0	7.34	0.1	250	2.48	1.8	22.96	6	1.42	1	2.84	24.18	22.96	25.05	400.24	383.66	9.178	14.064	21.90	33.56	300.0	1700	6	72.24	7.34	-0.0486	1.0	-0.22	2.74	1.00	0.00	0.16	111115
"10:36:38 Coolers: Tblock -> 30.00 C"
"10:42:24 Flow: Fixed -> 300 umol/s"
161	"10:43:25"	20180319	78	0	6.7	0.0895	246	2.66	2.14	26.48	6	1.42	1	2.84	28.86	26.48	30.04	399.80	384.34	13.147	18.378	23.80	33.27	300.0	1700	6	72.24	8.46	-0.104	1.0	-0.22	2.74	1.00	0.00	0.16	111115
162	"10:43:26"	20180319	78	0	6.7	0.0895	246	2.66	2.14	26.48	6	1.42	1	2.84	28.86	26.48	30.04	399.80	384.34	13.147	18.378	23.80	33.27	300.0	1700	6	72.24	8.46	-0.104	1.0	-0.22	2.74	1.00	0.00	0.16	111115
163	"10:43:26"	20180319	78	0	6.7	0.0895	246	2.67	2.14	26.49	6	1.42	1	2.84	28.86	26.49	30.04	399.78	384.35	13.147	18.380	23.80	33.27	300.0	1700	6	72.24	8.46	-0.104	1.0	-0.22	2.74	1.00	0.00	0.16	111115
164	"10:43:27"	20180319	78	0	6.69	0.0896	246	2.67	2.14	26.49	6	1.42	1	2.84	28.86	26.49	30.04	399.76	384.33	13.146	18.382	23.80	33.28	300.0	1700	6	72.24	8.46	-0.104	1.0	-0.22	2.74	1.00	0.00	0.16	111115
165	"10:43:27"	20180319	78	0	6.68	0.0896	246	2.67	2.14	26.49	6	1.42	1	2.84	28.87	26.49	30.04	399.75	384.34	13.146	18.381	23.80	33.27	300.0	1700	6	72.24	8.46	-0.104	1.0	-0.22	2.74	1.00	0.00	0.16	111115
166	"10:43:28"	20180319	78	0	6.71	0.0896	246	2.67	2.14	26.48	6	1.42	1	2.84	28.87	26.48	30.04	399.77	384.31	13.145	18.379	23.79	33.27	300.0	1700	6	72.24	8.46	-0.104	1.0	-0.22	2.74	1.00	0.00	0.16	111115
167	"10:43:29"	20180319	78	0	6.7	0.0896	246	2.67	2.14	26.48	6	1.42	1	2.84	28.87	26.48	30.04	399.75	384.30	13.144	18.377	23.79	33.27	300.0	1700	6	72.24	8.46	-0.104	1.0	-0.22	2.74	1.00	0.00	0.16	111115
168	"10:43:29"	20180319	78	0	6.71	0.0895	246	2.66	2.14	26.48	6	1.42	1	2.84	28.87	26.48	30.04	399.74	384.28	13.144	18.374	23.79	33.26	300.0	1700	6	72.24	8.46	-0.104	1.0	-0.22	2.74	1.00	0.00	0.16	111115
169	"10:43:30"	20180319	78	0	6.72	0.0895	246	2.66	2.14	26.48	6	1.42	1	2.84	28.87	26.48	30.04	399.77	384.29	13.144	18.376	23.79	33.26	300.0	1700	6	72.24	8.46	-0.104	1.0	-0.22	2.74	1.00	0.00	0.16	111115
170	"10:43:30"	20180319	78	0	6.76	0.0894	245	2.66	2.14	26.48	6	1.42	1	2.84	28.87	26.48	30.04	399.84	384.27	13.144	18.372	23.79	33.25	300.0	1700	6	72.24	8.46	-0.104	1.0	-0.22	2.74	1.00	0.00	0.16	111115
171	"10:43:31"	20180319	78	0	6.76	0.0896	245	2.66	2.14	26.47	6	1.42	1	2.84	28.87	26.47	30.04	399.84	384.28	13.145	18.374	23.79	33.25	300.0	1700	6	72.24	8.46	-0.104	1.0	-0.22	2.74	1.00	0.00	0.16	111115
172	"10:43:31"	20180319	78	0	6.79	0.0895	244	2.66	2.14	26.48	6	1.42	1	2.84	28.87	26.48	30.04	399.86	384.23	13.145	18.372	23.79	33.25	300.0	1700	6	72.24	8.46	-0.104	1.0	-0.22	2.74	1.00	0.00	0.16	111115
173	"10:43:32"	20180319	78	0	6.8	0.0895	244	2.66	2.14	26.48	6	1.42	1	2.84	28.87	26.48	30.04	399.90	384.25	13.145	18.373	23.79	33.25	300.0	1699	6	72.24	8.46	-0.104	1.0	-0.22	2.74	1.00	0.00	0.16	111115
174	"10:43:33"	20180319	78	0	6.82	0.0894	244	2.66	2.14	26.48	6	1.42	1	2.84	28.87	26.48	30.04	399.90	384.22	13.147	18.374	23.79	33.25	300.0	1699	6	72.24	8.46	-0.104	1.0	-0.22	2.74	1.00	0.00	0.16	111115
175	"10:43:33"	20180319	78	0	6.81	0.0894	244	2.66	2.15	26.49	6	1.42	1	2.84	28.87	26.49	30.04	399.92	384.25	13.147	18.375	23.79	33.25	300.0	1699	6	72.24	8.46	-0.104	1.0	-0.22	2.74	1.00	0.00	0.16	111115
176	"10:43:34"	20180319	78	0	6.8	0.0894	244	2.66	2.15	26.49	6	1.42	1	2.84	28.88	26.49	30.04	399.88	384.24	13.146	18.375	23.78	33.25	300.0	1699	6	72.24	8.46	-0.104	1.0	-0.22	2.74	1.00	0.00	0.16	111115
"10:44:11 Coolers: Tblock -> 35.00 C"
"10:52:22 Flow: Fixed -> 300 umol/s"
"10:53:01 Flow: Fixed -> 300 umol/s"
177	"10:53:06"	20180319	78	0	5.4	0.0737	249	2.52	2.43	30.39	6	1.42	1	2.84	33.70	30.39	35.07	399.16	386.41	21.814	26.724	29.99	36.74	300.0	1699	7	72.23	9.94	-0.212	1.0	-0.22	2.74	1.00	0.00	0.16	111115
178	"10:53:06"	20180319	78	0	5.53	0.0757	249	2.59	2.43	30.38	6	1.42	1	2.84	33.70	30.38	35.07	399.47	386.41	21.682	26.723	29.81	36.74	300.0	1699	7	72.23	9.94	-0.212	1.0	-0.22	2.74	1.00	0.00	0.16	111115
179	"10:53:06"	20180319	78	0	5.53	0.0758	249	2.59	2.43	30.39	6	1.42	1	2.84	33.70	30.39	35.07	399.45	386.40	21.675	26.724	29.80	36.74	300.0	1699	7	72.23	9.94	-0.212	1.0	-0.22	2.74	1.00	0.00	0.16	111115
180	"10:53:07"	20180319	78	0	5.53	0.0758	249	2.59	2.43	30.39	6	1.42	1	2.84	33.70	30.39	35.07	399.45	386.40	21.675	26.724	29.80	36.74	300.0	1699	7	72.23	9.94	-0.212	1.0	-0.22	2.74	1.00	0.00	0.16	111115
181	"10:53:07"	20180319	78	0	5.5	0.0759	250	2.59	2.43	30.39	6	1.42	1	2.84	33.70	30.39	35.07	399.41	386.40	21.674	26.724	29.80	36.74	300.0	1699	7	72.23	9.94	-0.212	1.0	-0.22	2.74	1.00	0.00	0.16	111115
182	"10:53:08"	20180319	78	0	5.5	0.0759	250	2.59	2.43	30.39	6	1.42	1	2.84	33.70	30.39	35.07	399.41	386.40	21.674	26.724	29.80	36.74	300.0	1699	7	72.23	9.94	-0.212	1.0	-0.22	2.74	1.00	0.00	0.16	111115
183	"10:53:08"	20180319	78	0	5.48	0.0759	251	2.6	2.43	30.39	6	1.42	1	2.84	33.70	30.39	35.07	399.37	386.42	21.671	26.724	29.79	36.74	300.0	1699	7	72.23	9.94	-0.212	1.0	-0.22	2.74	1.00	0.00	0.16	111115
184	"10:53:08"	20180319	78	0	5.49	0.0758	250	2.59	2.43	30.39	6	1.42	1	2.84	33.70	30.39	35.07	399.38	386.40	21.671	26.719	29.79	36.73	300.0	1699	7	72.23	9.94	-0.212	1.0	-0.22	2.74	1.00	0.00	0.16	111115
185	"10:53:09"	20180319	78	0	5.46	0.0757	251	2.59	2.43	30.40	6	1.42	1	2.84	33.70	30.40	35.07	399.38	386.46	21.672	26.718	29.79	36.73	300.0	1699	7	72.23	9.94	-0.212	1.0	-0.22	2.74	1.00	0.00	0.16	111115
186	"10:53:09"	20180319	78	0	5.43	0.0756	251	2.59	2.43	30.41	6	1.42	1	2.84	33.70	30.41	35.07	399.37	386.50	21.670	26.717	29.79	36.73	300.0	1699	7	72.23	9.94	-0.212	1.0	-0.22	2.74	1.00	0.00	0.16	111115
187	"10:53:10"	20180319	78	0	5.47	0.0756	250	2.59	2.43	30.41	6	1.42	1	2.84	33.70	30.41	35.07	399.40	386.45	21.670	26.719	29.79	36.73	300.0	1699	7	72.23	9.94	-0.212	1.0	-0.22	2.74	1.00	0.00	0.16	111115
188	"10:53:10"	20180319	78	0	5.47	0.0756	250	2.59	2.43	30.41	6	1.42	1	2.84	33.70	30.41	35.07	399.40	386.45	21.670	26.719	29.79	36.73	300.0	1699	7	72.23	9.94	-0.212	1.0	-0.22	2.74	1.00	0.00	0.16	111115
189	"10:53:10"	20180319	78	0	5.47	0.0755	250	2.59	2.44	30.42	6	1.42	1	2.84	33.70	30.42	35.07	399.42	386.47	21.670	26.718	29.79	36.73	300.0	1699	7	72.23	9.94	-0.212	1.0	-0.22	2.74	1.00	0.00	0.16	111115
190	"10:53:11"	20180319	78	0	5.46	0.0755	250	2.59	2.44	30.43	6	1.42	1	2.84	33.70	30.43	35.07	399.41	386.50	21.669	26.717	29.79	36.73	300.0	1699	7	72.23	9.94	-0.212	1.0	-0.22	2.74	1.00	0.00	0.16	111115
191	"10:53:11"	20180319	78	0	5.44	0.0753	251	2.59	2.44	30.44	6	1.42	1	2.84	33.70	30.44	35.07	399.42	386.54	21.670	26.715	29.79	36.72	300.0	1699	7	72.23	9.94	-0.212	1.0	-0.22	2.74	1.00	0.00	0.16	111115
"10:53:42 Coolers: Tblock -> 40.00 C"
"10:56:26 Flow: Fixed -> 300 umol/s"
192	"10:56:48"	20180319	78	0	5.07	0.0765	257	3.1	2.87	32.35	6	1.42	1	2.84	37.83	32.35	40.07	399.30	386.76	21.726	27.763	23.78	30.39	299.9	1699	7	72.23	10.8	-0.291	1.0	-0.22	2.74	1.00	0.00	0.16	111115
193	"10:56:49"	20180319	78	0	5.07	0.0765	257	3.1	2.87	32.35	6	1.42	1	2.84	37.83	32.35	40.07	399.30	386.76	21.726	27.763	23.78	30.39	299.9	1699	7	72.23	10.8	-0.291	1.0	-0.22	2.74	1.00	0.00	0.16	111115
194	"10:56:49"	20180319	78	0	5.1	0.0765	256	3.1	2.87	32.35	6	1.42	1	2.84	37.84	32.35	40.07	399.32	386.73	21.727	27.763	23.78	30.39	300.0	1699	7	72.23	10.8	-0.291	1.0	-0.22	2.74	1.00	0.00	0.16	111115
195	"10:56:50"	20180319	78	0	5.12	0.0765	256	3.1	2.87	32.35	6	1.42	1	2.84	37.84	32.35	40.07	399.34	386.71	21.728	27.761	23.78	30.39	300.0	1699	7	72.23	10.8	-0.291	1.0	-0.22	2.74	1.00	0.00	0.16	111115
196	"10:56:51"	20180319	78	0	5.12	0.0765	256	3.1	2.87	32.35	6	1.42	1	2.84	37.84	32.35	40.07	399.35	386.70	21.731	27.765	23.78	30.39	300.0	1699	7	72.23	10.8	-0.291	1.0	-0.22	2.74	1.00	0.00	0.16	111115
197	"10:56:51"	20180319	78	0	5.16	0.0765	255	3.1	2.86	32.35	6	1.42	1	2.84	37.84	32.35	40.07	399.36	386.64	21.732	27.767	23.78	30.39	299.9	1699	7	72.23	10.8	-0.291	0.7	-0.22	2.74	1.00	0.00	0.16	111115
198	"10:56:52"	20180319	78	0	5.18	0.0765	255	3.1	2.87	32.35	6	1.42	1	2.84	37.84	32.35	40.07	399.38	386.62	21.734	27.767	23.78	30.39	299.9	1699	7	72.23	10.8	-0.291	0.7	-0.22	2.74	1.00	0.00	0.16	111115
199	"10:56:52"	20180319	78	0	5.17	0.0764	255	3.1	2.87	32.35	6	1.42	1	2.84	37.84	32.35	40.07	399.36	386.62	21.734	27.765	23.78	30.38	299.9	1699	7	72.23	10.8	-0.291	0.7	-0.22	2.74	1.00	0.00	0.16	111115
200	"10:56:53"	20180319	78	0	5.2	0.0765	254	3.1	2.87	32.36	6	1.42	1	2.84	37.85	32.36	40.07	399.36	386.57	21.734	27.769	23.78	30.38	299.9	1699	7	72.23	10.8	-0.291	0.7	-0.22	2.74	1.00	0.00	0.16	111115
201	"10:56:54"	20180319	78	0	5.2	0.0765	254	3.1	2.87	32.36	6	1.42	1	2.84	37.85	32.36	40.07	399.37	386.56	21.734	27.772	23.78	30.38	299.9	1699	7	72.23	10.8	-0.291	0.7	-0.22	2.74	1.00	0.00	0.16	111115
202	"10:57:21"	20180319	78	0	5.29	0.0759	251	3.14	2.92	32.58	6	1.42	1	2.84	37.91	32.58	40.07	399.87	386.85	21.744	27.849	23.71	30.36	299.9	1699	7	72.23	10.8	-0.291	1.0	-0.22	2.74	1.00	0.00	0.16	111115
203	"10:57:22"	20180319	78	0	5.33	0.0759	250	3.14	2.92	32.57	6	1.42	1	2.84	37.91	32.57	40.07	399.89	386.80	21.743	27.848	23.70	30.36	299.9	1699	7	72.23	10.8	-0.291	1.0	-0.22	2.74	1.00	0.00	0.16	111115
204	"10:57:22"	20180319	78	0	5.33	0.0759	250	3.14	2.92	32.57	6	1.42	1	2.84	37.91	32.57	40.07	399.89	386.80	21.743	27.848	23.70	30.36	299.9	1699	7	72.23	10.8	-0.291	1.0	-0.22	2.74	1.00	0.00	0.16	111115
205	"10:57:23"	20180319	78	0	5.34	0.0759	250	3.14	2.92	32.57	6	1.42	1	2.84	37.91	32.57	40.07	399.89	386.78	21.743	27.851	23.70	30.36	299.9	1699	7	72.23	10.8	-0.291	1.0	-0.22	2.74	1.00	0.00	0.16	111115
206	"10:57:23"	20180319	78	0	5.35	0.0759	250	3.14	2.92	32.58	6	1.42	1	2.84	37.92	32.58	40.07	399.92	386.77	21.744	27.853	23.70	30.36	299.9	1699	7	72.23	10.8	-0.291	1.0	-0.22	2.74	1.00	0.00	0.16	111115
207	"10:57:24"	20180319	78	0	5.37	0.0759	249	3.14	2.92	32.58	6	1.42	1	2.84	37.92	32.58	40.07	399.95	386.77	21.744	27.851	23.70	30.35	299.9	1699	7	72.23	10.8	-0.291	1.0	-0.22	2.74	1.00	0.00	0.16	111115
208	"10:57:24"	20180319	78	0	5.34	0.0759	250	3.14	2.92	32.58	6	1.42	1	2.84	37.92	32.58	40.07	399.91	386.80	21.744	27.854	23.70	30.36	299.9	1699	7	72.23	10.8	-0.291	1.0	-0.22	2.74	1.00	0.00	0.16	111115
209	"10:57:25"	20180319	78	0	5.36	0.0759	250	3.14	2.92	32.59	6	1.42	1	2.84	37.92	32.59	40.07	399.92	386.77	21.744	27.855	23.70	30.36	299.9	1699	7	72.23	10.8	-0.291	1.0	-0.22	2.74	1.00	0.00	0.16	111115
210	"10:57:26"	20180319	78	0	5.32	0.0759	251	3.14	2.92	32.58	6	1.42	1	2.84	37.92	32.58	40.07	399.87	386.81	21.744	27.853	23.69	30.35	299.9	1699	7	72.23	10.8	-0.291	0.7	-0.22	2.74	1.00	0.00	0.16	111115
211	"10:57:26"	20180319	78	0	5.28	0.0759	251	3.14	2.92	32.59	6	1.42	1	2.84	37.92	32.59	40.07	399.82	386.83	21.745	27.858	23.69	30.35	299.9	1699	7	72.23	10.8	-0.291	0.7	-0.22	2.74	1.00	0.00	0.16	111115
212	"10:57:30"	20180319	78	0	5.31	0.0756	250	3.15	2.94	32.65	6	1.42	1	2.84	37.93	32.65	40.07	399.86	386.79	21.750	27.873	23.69	30.36	299.9	1699	7	72.23	10.8	-0.291	1.0	-0.22	2.74	1.00	0.00	0.16	111115
213	"10:57:30"	20180319	78	0	5.31	0.0756	250	3.15	2.94	32.65	6	1.42	1	2.84	37.93	32.65	40.07	399.86	386.79	21.750	27.873	23.69	30.36	299.9	1699	7	72.23	10.8	-0.291	1.0	-0.22	2.74	1.00	0.00	0.16	111115
214	"10:57:31"	20180319	78	0	5.28	0.0756	251	3.15	2.94	32.65	6	1.42	1	2.84	37.93	32.65	40.07	399.83	386.84	21.751	27.875	23.69	30.36	299.9	1699	7	72.23	10.8	-0.291	1.0	-0.22	2.74	1.00	0.00	0.16	111115
215	"10:57:32"	20180319	78	0	5.26	0.0756	251	3.15	2.94	32.65	6	1.42	1	2.84	37.93	32.65	40.07	399.81	386.85	21.753	27.880	23.69	30.36	299.9	1699	7	72.23	10.8	-0.291	1.0	-0.22	2.74	1.00	0.00	0.16	111115
216	"10:57:32"	20180319	78	0	5.23	0.0757	252	3.15	2.94	32.65	6	1.42	1	2.84	37.93	32.65	40.07	399.78	386.89	21.752	27.884	23.69	30.36	299.9	1699	7	72.23	10.8	-0.291	1.0	-0.22	2.74	1.00	0.00	0.16	111115
"10:57:50 Coolers: Tblock -> 45.00 C"
"11:01:30 Flow: Fixed -> 300 umol/s"
217	"11:01:50"	20180319	78	0	4.3	0.0762	268	3.84	3.54	35.02	6	1.42	1	2.84	42.35	35.02	45.06	399.45	387.85	21.781	29.248	18.74	25.16	299.9	1699	7	72.23	12.2	-0.344	1.0	-0.22	2.74	1.00	0.00	0.16	111115
218	"11:01:51"	20180319	78	0	4.3	0.0762	268	3.84	3.54	35.02	6	1.42	1	2.84	42.35	35.02	45.06	399.45	387.85	21.781	29.248	18.74	25.16	299.9	1699	7	72.23	12.2	-0.344	1.0	-0.22	2.74	1.00	0.00	0.16	111115
219	"11:01:51"	20180319	78	0	4.3	0.0763	268	3.85	3.54	35.01	6	1.42	1	2.84	42.35	35.01	45.05	399.43	387.83	21.780	29.251	18.73	25.16	299.9	1699	7	72.23	12.2	-0.344	1.0	-0.22	2.74	1.00	0.00	0.16	111115
220	"11:01:52"	20180319	78	0	4.33	0.0762	268	3.85	3.54	35.02	6	1.42	1	2.84	42.35	35.02	45.05	399.44	387.78	21.781	29.254	18.73	25.16	299.9	1699	7	72.23	12.2	-0.344	0.7	-0.22	2.74	1.00	0.00	0.16	111115
221	"11:01:52"	20180319	78	0	4.35	0.0762	267	3.85	3.54	35.02	6	1.42	1	2.84	42.35	35.02	45.05	399.44	387.76	21.781	29.255	18.73	25.16	299.9	1699	7	72.23	12.2	-0.344	0.7	-0.22	2.74	1.00	0.00	0.16	111115
222	"11:01:53"	20180319	78	0	4.37	0.0763	267	3.85	3.54	35.02	6	1.42	1	2.84	42.36	35.02	45.05	399.43	387.70	21.781	29.259	18.73	25.16	299.9	1699	7	72.23	12.2	-0.344	0.7	-0.22	2.74	1.00	0.00	0.16	111115
223	"11:01:54"	20180319	78	0	4.4	0.0764	266	3.85	3.54	35.01	6	1.42	1	2.84	42.36	35.01	45.05	399.45	387.67	21.782	29.260	18.73	25.16	299.9	1699	7	72.23	12.2	-0.344	0.7	-0.22	2.74	1.00	0.00	0.16	111115
224	"11:02:08"	20180319	78	0	4.8	0.0762	258	3.87	3.56	35.09	6	1.42	1	2.84	42.38	35.09	45.06	400.00	387.41	21.795	29.303	18.72	25.17	300.0	1699	7	72.23	12.2	-0.344	1.0	-0.22	2.74	1.00	0.00	0.16	111115
225	"11:02:09"	20180319	78	0	4.87	0.0762	256	3.87	3.56	35.09	6	1.42	1	2.84	42.38	35.09	45.07	400.08	387.35	21.795	29.301	18.72	25.17	299.9	1699	7	72.23	12.2	-0.344	1.0	-0.22	2.74	1.00	0.00	0.16	111115
226	"11:02:10"	20180319	78	0	4.86	0.0761	256	3.87	3.56	35.10	6	1.42	1	2.84	42.38	35.10	45.08	400.10	387.39	21.795	29.304	18.72	25.17	299.9	1699	7	72.23	12.2	-0.344	1.0	-0.22	2.74	1.00	0.00	0.16	111115
227	"11:02:10"	20180319	78	0	4.85	0.0761	256	3.87	3.56	35.11	6	1.42	1	2.84	42.38	35.11	45.08	400.14	387.43	21.796	29.306	18.72	25.17	300.0	1699	7	72.23	12.2	-0.344	1.0	-0.22	2.74	1.00	0.00	0.16	111115
228	"11:02:11"	20180319	78	0	4.85	0.0762	256	3.87	3.56	35.11	6	1.42	1	2.84	42.38	35.11	45.09	400.16	387.46	21.795	29.311	18.71	25.17	300.0	1699	7	72.23	12.2	-0.344	1.0	-0.22	2.74	1.00	0.00	0.16	111115
229	"11:02:12"	20180319	78	0	4.84	0.0762	257	3.87	3.57	35.11	6	1.42	1	2.84	42.39	35.11	45.10	400.17	387.48	21.795	29.311	18.71	25.17	300.0	1699	7	72.23	12.2	-0.344	1.0	-0.22	2.74	1.00	0.00	0.16	111115
230	"11:02:12"	20180319	78	0	4.84	0.0761	257	3.87	3.57	35.12	6	1.42	1	2.84	42.39	35.12	45.10	400.20	387.51	21.795	29.310	18.71	25.16	299.9	1699	7	72.23	12.2	-0.344	1.0	-0.22	2.74	1.00	0.00	0.16	111115
231	"11:02:13"	20180319	78	0	4.82	0.0761	257	3.87	3.57	35.13	6	1.42	1	2.84	42.39	35.13	45.11	400.18	387.54	21.795	29.314	18.71	25.16	300.0	1699	7	72.23	12.2	-0.344	1.0	-0.22	2.74	1.00	0.00	0.16	111115
232	"11:02:13"	20180319	78	0	4.78	0.076	258	3.87	3.57	35.13	6	1.42	1	2.84	42.40	35.13	45.11	400.16	387.60	21.796	29.313	18.71	25.16	299.9	1699	7	72.23	12.2	-0.344	1.0	-0.22	2.74	1.00	0.00	0.16	111115
233	"11:02:14"	20180319	78	0	4.79	0.076	258	3.87	3.57	35.13	6	1.42	1	2.84	42.40	35.13	45.11	400.17	387.60	21.797	29.313	18.70	25.15	300.0	1699	7	72.23	12.2	-0.344	1.0	-0.22	2.74	1.00	0.00	0.16	111115
234	"11:02:15"	20180319	78	0	4.77	0.076	258	3.87	3.57	35.13	6	1.42	1	2.84	42.40	35.13	45.11	400.15	387.61	21.797	29.313	18.70	25.15	300.0	1699	7	72.23	12.2	-0.344	1.0	-0.22	2.74	1.00	0.00	0.16	111115
235	"11:02:15"	20180319	78	0	4.71	0.0759	259	3.87	3.58	35.15	6	1.42	1	2.84	42.40	35.15	45.11	400.14	387.72	21.799	29.316	18.70	25.15	300.0	1699	7	72.23	12.2	-0.344	1.0	-0.22	2.74	1.00	0.00	0.16	111115
236	"11:02:16"	20180319	78	0	4.71	0.0759	259	3.87	3.58	35.15	6	1.42	1	2.84	42.41	35.15	45.11	400.16	387.73	21.800	29.317	18.70	25.15	300.0	1699	7	72.23	12.2	-0.344	1.0	-0.22	2.74	1.00	0.00	0.16	111115
237	"11:02:17"	20180319	78	0	4.69	0.0759	260	3.87	3.58	35.16	6	1.42	1	2.84	42.41	35.16	45.11	400.15	387.76	21.800	29.319	18.70	25.15	300.0	1699	7	72.23	12.2	-0.344	0.7	-0.22	2.74	1.00	0.00	0.16	111115
238	"11:02:17"	20180319	78	0	4.7	0.0759	259	3.87	3.58	35.16	6	1.42	1	2.84	42.41	35.16	45.10	400.16	387.77	21.801	29.321	18.70	25.14	299.9	1699	7	72.23	12.2	-0.344	0.7	-0.22	2.74	1.00	0.00	0.16	111115
"11:02:34 Coolers: Tblock -> 50.00 C"
"11:10:25 Flow: Fixed -> 300 umol/s"
239	"11:10:42"	20180319	78	0	3.33	0.08	287	4.93	4.29	37.71	6	1.42	1	2.84	46.79	37.71	49.74	399.67	389.18	21.759	31.306	14.87	21.40	300.0	1699	8	72.22	13.6	-0.388	1.0	-0.22	2.74	1.00	0.00	0.16	111115
240	"11:10:42"	20180319	78	0	3.34	0.0801	287	4.93	4.29	37.71	6	1.42	1	2.84	46.79	37.71	49.74	399.67	389.16	21.758	31.310	14.87	21.40	300.0	1699	8	72.22	13.6	-0.388	1.0	-0.22	2.74	1.00	0.00	0.16	111115
241	"11:10:43"	20180319	78	0	3.32	0.0802	287	4.93	4.29	37.70	6	1.42	1	2.84	46.80	37.70	49.74	399.65	389.18	21.757	31.315	14.87	21.40	300.0	1699	8	72.22	13.6	-0.388	1.0	-0.22	2.74	1.00	0.00	0.16	111115
242	"11:10:43"	20180319	78	0	3.32	0.0802	287	4.93	4.29	37.70	6	1.42	1	2.84	46.80	37.70	49.74	399.65	389.18	21.757	31.315	14.87	21.40	300.0	1699	8	72.22	13.6	-0.388	1.0	-0.22	2.74	1.00	0.00	0.16	111115
243	"11:10:44"	20180319	78	0	3.26	0.0802	288	4.93	4.29	37.71	6	1.42	1	2.84	46.80	37.71	49.74	399.59	389.23	21.758	31.316	14.87	21.40	300.0	1699	8	72.22	13.6	-0.388	1.0	-0.22	2.74	1.00	0.00	0.16	111115
244	"11:10:44"	20180319	78	0	3.27	0.0801	288	4.93	4.29	37.72	6	1.42	1	2.84	46.80	37.72	49.74	399.60	389.23	21.759	31.318	14.87	21.40	300.0	1699	8	72.22	13.6	-0.388	1.0	-0.22	2.74	1.00	0.00	0.16	111115
245	"11:10:45"	20180319	78	0	3.27	0.0801	288	4.93	4.3	37.73	6	1.42	1	2.84	46.80	37.73	49.74	399.58	389.20	21.759	31.319	14.87	21.40	300.0	1699	8	72.22	13.6	-0.388	1.0	-0.22	2.74	1.00	0.00	0.16	111115
246	"11:10:45"	20180319	78	0	3.28	0.08	288	4.94	4.3	37.73	6	1.42	1	2.84	46.80	37.73	49.74	399.58	389.18	21.759	31.320	14.87	21.40	300.0	1699	8	72.22	13.6	-0.388	1.0	-0.22	2.74	1.00	0.00	0.16	111115
247	"11:10:45"	20180319	78	0	3.25	0.0801	288	4.94	4.3	37.73	6	1.42	1	2.84	46.80	37.73	49.75	399.55	389.21	21.759	31.326	14.87	21.40	300.0	1699	8	72.22	13.6	-0.388	1.0	-0.22	2.74	1.00	0.00	0.16	111115
248	"11:10:46"	20180319	78	0	3.27	0.08	288	4.94	4.3	37.74	6	1.42	1	2.84	46.80	37.74	49.75	399.54	389.16	21.759	31.327	14.86	21.40	300.0	1699	8	72.22	13.6	-0.388	1.0	-0.22	2.74	1.00	0.00	0.16	111115
249	"11:10:46"	20180319	78	0	3.24	0.08	288	4.94	4.3	37.75	6	1.42	1	2.84	46.80	37.75	49.75	399.50	389.17	21.760	31.330	14.86	21.40	300.0	1699	8	72.22	13.6	-0.388	1.0	-0.22	2.74	1.00	0.00	0.16	111115
250	"11:10:47"	20180319	78	0	3.23	0.0799	289	4.94	4.31	37.76	6	1.42	1	2.84	46.81	37.76	49.75	399.46	389.16	21.762	31.329	14.87	21.40	300.0	1699	8	72.22	13.6	-0.388	1.0	-0.22	2.74	1.00	0.00	0.16	111115
251	"11:10:47"	20180319	78	0	3.25	0.0799	288	4.94	4.31	37.76	6	1.42	1	2.84	46.81	37.76	49.75	399.49	389.13	21.761	31.334	14.86	21.40	300.0	1699	8	72.22	13.6	-0.388	1.0	-0.22	2.74	1.00	0.00	0.16	111115
252	"11:10:48"	20180319	78	0	3.27	0.08	288	4.94	4.31	37.76	6	1.42	1	2.84	46.81	37.76	49.75	399.49	389.11	21.760	31.338	14.86	21.40	300.0	1699	8	72.22	13.6	-0.388	1.0	-0.22	2.74	1.00	0.00	0.16	111115
253	"11:10:49"	20180319	78	0	3.27	0.0802	288	4.95	4.3	37.75	6	1.42	1	2.84	46.81	37.75	49.75	399.50	389.12	21.761	31.346	14.86	21.41	300.0	1699	8	72.22	13.6	-0.388	1.0	-0.22	2.74	1.00	0.00	0.16	111115
254	"11:10:49"	20180319	78	0	3.33	0.0801	287	4.95	4.31	37.75	6	1.42	1	2.84	46.81	37.75	49.75	399.57	389.06	21.763	31.345	14.86	21.41	300.0	1699	8	72.22	13.6	-0.388	1.0	-0.22	2.74	1.00	0.00	0.16	111115
255	"11:10:50"	20180319	78	0	3.36	0.0801	286	4.95	4.31	37.76	6	1.42	1	2.84	46.81	37.76	49.75	399.62	389.05	21.764	31.347	14.86	21.41	300.0	1699	8	72.22	13.6	-0.388	1.0	-0.22	2.74	1.00	0.00	0.16	111115
256	"11:10:51"	20180319	78	0	3.38	0.0801	286	4.95	4.31	37.76	6	1.42	1	2.84	46.81	37.76	49.75	399.58	388.97	21.766	31.350	14.86	21.41	300.0	1699	8	72.22	13.6	-0.388	1.0	-0.22	2.74	1.00	0.00	0.16	111115
