"OPEN 6.3.4"
"Mon Mar 19 2018 12:09:48"
<open><version>"6.3.4"</version></open>
<open><configfile>"/User/Configs/UserPrefs/LED2x3.xml"</configfile></open>
<open><light><source>"6400-02 or -02B LED Source"</source><par_in>1<sensor>"SI-2503"<cal>-0.86<actinity>1.00</actinity><transm>1.00</transm></cal></sensor><transm>1</transm></par_in><par_out>1<sensor>"Q40491"<cal>6.5</cal></sensor></par_out></light></open>
<open><comps><file>"/User/Configs/Comps/StdComps_6.1"<header>""</header><extras></extras></file><energybal>no<f_parIn>1</f_parIn><f_parOut>0</f_parOut><alphaK>0.16</alphaK></energybal><bc_total>2.840<stomatal_ratio>1</stomatal_ratio><bc_oneside>1.420<type>2</type><table>"/Sys/Lib/StdBLCTable"</table><area>6</area><slope>-0.219565</slope><offset>2.73739</offset><fan>5</fan></bc_oneside></bc_total></comps></open>
<open><prompts><onlog>off</onlog><items>"Default (none)"</items></prompts></open>
<open><constants><oxygen>21 %</oxygen><bb_vapor>1.5</bb_vapor><bb_oxy>0.9</bb_oxy></constants></open>
<open><stability><items>"Std Stability"<items[1]><id>-2</id><size>15</size><pcv><onoff>0</onoff><value>1</value></pcv><std><onoff>0</onoff><value>1</value></std><slp><onoff>1</onoff><value>1</value></slp></items[1]><items[2]><id>-5</id><size>15</size><pcv><onoff>0</onoff><value>1</value></pcv><std><onoff>0</onoff><value>1</value></std><slp><onoff>1</onoff><value>1</value></slp></items[2]><items[3]><id>-7</id><size>15</size><pcv><onoff>0</onoff><value>1</value></pcv><std><onoff>0</onoff><value>1</value></std><slp><onoff>1</onoff><value>1</value></slp></items[3]></items></stability></open>
<open><log><format>"StdLogFmt_6.0"<items>{ -35 -21 -70 -69 -76 30 23 36 21 25 221 -33 111 -34 11 -9 -10 -8 -1 -2 -4 -5 -14 -15 -7 -12 -13 -11 -65 -66 -72 -18 -19 -77 -78 -79 -23  }<hdr>{  }</hdr></items></format><options><beep>on</beep><match>"never"<time>30</time><co2>100</co2><delta>10</delta></match><hdr>normal</hdr><rem>normal</rem><stab>no</stab><stats>no<mean>no</mean><file>no</file><period>15</period></stats><excel>yes</excel><controls>yes</controls><comm>no</comm></options><datafile>"/User/031918-LH-HAJ9138"</datafile><button><action>"Normal Log"<code>" LogOneObsManual "</code></action></button><autoprog>"/User/Configs/AutoProgs/AutoLog2"<active>no</active></autoprog></log></open>
<open><a2d><avgtime>4.0 secs</avgtime><userchans><ch20>"Off"</ch20><ch21>"Off"</ch21><ch22>"Off"</ch22><ch23>"Off"</ch23></userchans></a2d></open>
<open><matching><type>0</type><disp>'a'</disp><settings>><CO2Limit>10.0</CO2Limit><H2OLimit>1.0</H2OLimit><MaxAutoTime>60</MaxAutoTime><AverageTime>10</AverageTime></settings></matching></open>
<li6400><factory><unit>"PSC-2470"</unit><serviced>"5 Feb 2018"</serviced><fuseaware>0</fuseaware><co2mixer>yes</co2mixer><co2><coeffs>{ 0 0.214772 2.55802e-05 1.93228e-08 -3.02262e-12 2.75724e-16  }</coeffs><dvdt>-4</dvdt><xs>{ 9.11e-05 0.00178  }</xs></co2><h2o><coeffs>{ 0 0.00581526 2.16703e-06 7.69607e-12  }</coeffs><dvdt>-2.9</dvdt><xs>{ -0.000111 -0.00256  }</xs></h2o><flow>{ 0 0.3696  }</flow><press>{ 86.913 0.00551  }</press></factory></li6400>
<li6400><user><flow_zero>-3.5</flow_zero><irga_zero><co2>113.5 152.5<at>27.1329</at></co2><h2o>-3.5 -3.5<at>28.1091</at></h2o></irga_zero><irga_span><co2>{ 0.990134 0.992694  }</co2><h2o>{ 0.996743 0.99801  }</h2o></irga_span><irga_match><co2>{ 0.110267 8.72621  }</co2><h2o>{ -0.0816591 0.159959  }</h2o></irga_match><co2_mixer><pump_mv>4500</pump_mv><ppm>{ 2352.67 1117.67 439.284 266.3 121.188 70.6751 48.8233 48.8102  }</ppm><mv>{ 5000 3000 1500 1000 500 300 200 100  }</mv></co2_mixer><parin_offset>-0.211894</parin_offset><led_cal><unit>"SI-2503"</unit><mv>{ 10 25 50 100 1000 2000 3000 4000 5000  }</mv><qntm>{ 1.83047 9.20354 23.3042 57.5395 736.221 1467.2 2160.1 2821.48 3447.04  }</qntm></led_cal><lcf_cal><unit>"LCF-0981"</unit><red><mv>{ 50 100 200 400 800 1500  }</mv><qntm>{ 64.6036 145.758 312.409 661.73 1377.94 2641.23  }</qntm></red><blue><mv>{ 100 500 1000 2000 3000 4000 5000  }</mv><qntm>{ 11.107 44.4539 81.9578 145.168 203.372 256.093 300.56  }</qntm></blue></lcf_cal></user></li6400>
"12:09:50 "
$STARTOFDATA$
"Obs"	"HHMMSS"	"YYYYMMDD"	"DOY"	"EBal?"	"Photo"	"Cond"	"Ci"	"Trmmol"	"VpdL"	"CTleaf"	"Area"	"BLC_1"	"StmRat"	"BLCond"	"Tair"	"Tleaf"	"TBlk"	"CO2R"	"CO2S"	"H2OR"	"H2OS"	"RH_R"	"RH_S"	"Flow"	"PARi"	"PARo"	"Press"	"CsMch"	"HsMch"	"StableF"	"BLCslope"	"BLCoffst"	"f_parin"	"f_parout"	"alphaK"	"Status"
"12:15:16 Coolers: Tblock -> 6.00 C"
"12:16:45 Coolers: Tblock -> 6.00 C"
"12:17:39 Flow: Fixed -> 300 umol/s"
"12:18:17 Coolers: Tblock -> 6.30 C"
"12:18:52 Flow: Fixed -> 300 umol/s"
1	"12:19:02"	20180319	78	0	7.18	0.0999	257	1.66	1.22	13.90	6	1.42	1	2.84	8.59	13.90	6.37	399.91	384.28	1.888	5.182	12.15	33.35	300.0	1700	20	72.11	6.81	0.0476	1.0	-0.22	2.74	1.00	0.00	0.16	111115
2	"12:19:02"	20180319	78	0	7.18	0.0999	257	1.66	1.22	13.90	6	1.42	1	2.84	8.59	13.90	6.37	399.91	384.28	1.888	5.182	12.15	33.35	300.0	1700	20	72.11	6.81	0.0476	1.0	-0.22	2.74	1.00	0.00	0.16	111115
3	"12:19:03"	20180319	78	0	7.21	0.0999	257	1.66	1.22	13.90	6	1.42	1	2.84	8.59	13.90	6.37	399.95	384.25	1.888	5.182	12.15	33.34	300.0	1700	20	72.11	6.81	0.0476	1.0	-0.22	2.74	1.00	0.00	0.16	111115
4	"12:19:03"	20180319	78	0	7.19	0.0999	257	1.66	1.22	13.90	6	1.42	1	2.84	8.59	13.90	6.37	399.94	384.29	1.889	5.182	12.16	33.35	300.0	1700	20	72.11	6.81	0.0476	1.0	-0.22	2.74	1.00	0.00	0.16	111115
5	"12:19:04"	20180319	78	0	7.14	0.0998	258	1.65	1.22	13.90	6	1.42	1	2.84	8.59	13.90	6.37	399.90	384.36	1.889	5.180	12.16	33.33	300.0	1700	20	72.11	6.81	0.0476	1.0	-0.22	2.74	1.00	0.00	0.16	111115
6	"12:19:04"	20180319	78	0	7.14	0.0996	257	1.65	1.22	13.91	6	1.42	1	2.84	8.59	13.91	6.37	399.91	384.35	1.890	5.179	12.16	33.32	300.0	1700	20	72.11	6.81	0.0476	1.0	-0.22	2.74	1.00	0.00	0.16	111115
7	"12:19:05"	20180319	78	0	7.13	0.0996	258	1.65	1.22	13.92	6	1.42	1	2.84	8.59	13.92	6.37	399.90	384.36	1.889	5.179	12.16	33.32	300.0	1700	20	72.11	6.81	0.0476	1.0	-0.22	2.74	1.00	0.00	0.16	111115
8	"12:19:05"	20180319	78	0	7.16	0.0996	257	1.65	1.22	13.92	6	1.42	1	2.84	8.59	13.92	6.37	399.91	384.32	1.889	5.178	12.15	33.32	300.0	1700	20	72.11	6.81	0.0476	1.0	-0.22	2.74	1.00	0.00	0.16	111115
9	"12:19:06"	20180319	78	0	7.17	0.0995	257	1.65	1.22	13.93	6	1.42	1	2.84	8.59	13.93	6.37	399.93	384.31	1.889	5.178	12.15	33.32	300.0	1700	20	72.11	6.81	0.0476	1.0	-0.22	2.74	1.00	0.00	0.16	111115
10	"12:19:07"	20180319	78	0	7.18	0.0994	257	1.65	1.22	13.94	6	1.42	1	2.84	8.59	13.94	6.37	399.93	384.30	1.889	5.178	12.15	33.31	300.0	1700	20	72.11	6.81	0.0476	1.0	-0.22	2.74	1.00	0.00	0.16	111115
11	"12:19:07"	20180319	78	0	7.14	0.0994	257	1.65	1.22	13.93	6	1.42	1	2.84	8.59	13.93	6.37	399.90	384.36	1.888	5.177	12.15	33.31	300.0	1700	20	72.11	6.81	0.0476	1.0	-0.22	2.74	1.00	0.00	0.16	111115
12	"12:19:08"	20180319	78	0	7.2	0.0993	256	1.65	1.22	13.94	6	1.42	1	2.84	8.59	13.94	6.37	399.97	384.29	1.888	5.177	12.15	33.31	300.0	1700	20	72.11	6.81	0.0476	1.0	-0.22	2.74	1.00	0.00	0.16	111115
13	"12:19:08"	20180319	78	0	7.2	0.0995	256	1.65	1.22	13.94	6	1.42	1	2.84	8.59	13.94	6.37	399.99	384.31	1.888	5.180	12.15	33.33	300.0	1700	20	72.11	6.81	0.0476	1.0	-0.22	2.74	1.00	0.00	0.16	111115
14	"12:19:09"	20180319	78	0	7.22	0.0995	256	1.65	1.22	13.94	6	1.42	1	2.84	8.59	13.94	6.37	400.00	384.29	1.888	5.180	12.15	33.33	300.0	1700	20	72.11	6.81	0.0476	1.0	-0.22	2.74	1.00	0.00	0.16	111115
15	"12:19:09"	20180319	78	0	7.22	0.0995	256	1.65	1.22	13.94	6	1.42	1	2.84	8.59	13.94	6.37	400.00	384.29	1.888	5.180	12.14	33.32	300.0	1700	20	72.11	6.81	0.0476	1.0	-0.22	2.74	1.00	0.00	0.16	111115
"12:19:27 Coolers: Tblock -> 11.30 C"
"12:21:13 Flow: Fixed -> 300 umol/s"
16	"12:21:25"	20180319	78	0	7.18	0.1	256	1.86	1.37	15.53	6	1.42	1	2.84	12.36	15.53	11.36	399.89	384.10	1.913	5.617	9.57	28.10	300.0	1700	17	72.11	6.81	0.0476	1.0	-0.22	2.74	1.00	0.00	0.16	111115
17	"12:21:25"	20180319	78	0	7.18	0.1	256	1.86	1.37	15.53	6	1.42	1	2.84	12.36	15.53	11.36	399.89	384.10	1.913	5.617	9.57	28.10	300.0	1700	17	72.11	6.81	0.0476	1.0	-0.22	2.74	1.00	0.00	0.16	111115
18	"12:21:26"	20180319	78	0	7.21	0.1	256	1.86	1.37	15.54	6	1.42	1	2.84	12.36	15.54	11.36	399.92	384.07	1.912	5.617	9.57	28.10	300.0	1700	17	72.11	6.81	0.0476	1.0	-0.22	2.74	1.00	0.00	0.16	111115
19	"12:21:26"	20180319	78	0	7.24	0.1	255	1.86	1.37	15.53	6	1.42	1	2.84	12.36	15.53	11.36	399.98	384.06	1.912	5.618	9.56	28.10	300.0	1700	17	72.11	6.81	0.0476	1.0	-0.22	2.74	1.00	0.00	0.16	111115
20	"12:21:27"	20180319	78	0	7.26	0.1	255	1.87	1.37	15.53	6	1.42	1	2.84	12.37	15.53	11.36	400.00	384.04	1.912	5.621	9.56	28.11	300.0	1700	17	72.11	6.81	0.0476	1.0	-0.22	2.74	1.00	0.00	0.16	111115
"12:29:28 Flow: Fixed -> 300 umol/s"
21	"12:29:36"	20180319	78	0	7.2	0.101	256	1.86	1.36	16.68	6	1.42	1	2.84	12.83	16.68	11.37	399.80	383.97	3.938	7.628	19.10	36.99	300.0	1699	16	72.1	6.81	0.0476	1.0	-0.22	2.74	1.00	0.00	0.16	111115
22	"12:29:37"	20180319	78	0	7.2	0.101	256	1.86	1.36	16.68	6	1.42	1	2.84	12.83	16.68	11.37	399.80	383.97	3.938	7.628	19.10	36.99	300.0	1699	16	72.1	6.81	0.0476	1.0	-0.22	2.74	1.00	0.00	0.16	111115
23	"12:29:37"	20180319	78	0	7.21	0.101	256	1.86	1.36	16.68	6	1.42	1	2.84	12.83	16.68	11.37	399.83	383.99	3.938	7.627	19.10	36.98	300.0	1699	16	72.1	6.81	0.0476	1.0	-0.22	2.74	1.00	0.00	0.16	111115
24	"12:29:38"	20180319	78	0	7.17	0.101	257	1.86	1.35	16.67	6	1.42	1	2.84	12.83	16.67	11.36	399.80	384.04	3.937	7.627	19.09	36.98	300.0	1699	16	72.1	6.81	0.0476	1.0	-0.22	2.74	1.00	0.00	0.16	111115
25	"12:29:38"	20180319	78	0	7.2	0.101	257	1.86	1.35	16.67	6	1.42	1	2.84	12.83	16.67	11.36	399.82	383.99	3.937	7.627	19.09	36.98	300.0	1699	16	72.1	6.81	0.0476	1.0	-0.22	2.74	1.00	0.00	0.16	111115
26	"12:29:39"	20180319	78	0	7.2	0.101	257	1.86	1.35	16.66	6	1.42	1	2.84	12.83	16.66	11.36	399.84	384.02	3.937	7.626	19.09	36.97	300.1	1699	16	72.1	6.81	0.0476	1.0	-0.22	2.74	1.00	0.00	0.16	111115
27	"12:29:39"	20180319	78	0	7.2	0.101	257	1.86	1.35	16.66	6	1.42	1	2.84	12.84	16.66	11.36	399.86	384.04	3.937	7.626	19.09	36.97	300.1	1699	16	72.1	6.81	0.0476	1.0	-0.22	2.74	1.00	0.00	0.16	111115
28	"12:29:40"	20180319	78	0	7.22	0.101	256	1.86	1.35	16.65	6	1.42	1	2.84	12.84	16.65	11.36	399.91	384.05	3.937	7.624	19.09	36.96	300.1	1699	16	72.1	6.81	0.0476	1.0	-0.22	2.74	1.00	0.00	0.16	111115
29	"12:29:40"	20180319	78	0	7.26	0.101	256	1.86	1.35	16.64	6	1.42	1	2.84	12.84	16.64	11.36	399.96	384.02	3.937	7.623	19.09	36.96	300.0	1699	16	72.1	6.81	0.0476	1.0	-0.22	2.74	1.00	0.00	0.16	111115
30	"12:29:41"	20180319	78	0	7.3	0.101	255	1.86	1.35	16.64	6	1.42	1	2.84	12.84	16.64	11.36	400.04	384.02	3.938	7.625	19.09	36.96	300.0	1699	16	72.1	6.81	0.0476	1.0	-0.22	2.74	1.00	0.00	0.16	111115
31	"12:29:41"	20180319	78	0	7.31	0.101	255	1.86	1.35	16.65	6	1.42	1	2.84	12.84	16.65	11.35	400.06	384.03	3.938	7.626	19.09	36.97	300.0	1699	16	72.1	6.81	0.0476	1.0	-0.22	2.74	1.00	0.00	0.16	111115
32	"12:29:42"	20180319	78	0	7.28	0.101	255	1.86	1.35	16.64	6	1.42	1	2.84	12.84	16.64	11.35	400.04	384.06	3.938	7.626	19.09	36.97	300.0	1699	16	72.1	6.81	0.0476	1.0	-0.22	2.74	1.00	0.00	0.16	111115
33	"12:29:42"	20180319	78	0	7.29	0.101	255	1.86	1.35	16.64	6	1.42	1	2.84	12.84	16.64	11.35	400.06	384.06	3.939	7.628	19.09	36.98	300.0	1699	16	72.1	6.81	0.0476	1.0	-0.22	2.74	1.00	0.00	0.16	111115
34	"12:29:43"	20180319	78	0	7.29	0.101	255	1.86	1.35	16.64	6	1.42	1	2.84	12.84	16.64	11.35	400.04	384.02	3.938	7.627	19.09	36.98	300.0	1699	16	72.1	6.81	0.0476	1.0	-0.22	2.74	1.00	0.00	0.16	111115
35	"12:29:44"	20180319	78	0	7.26	0.101	256	1.86	1.35	16.64	6	1.42	1	2.84	12.84	16.64	11.35	399.98	384.03	3.938	7.627	19.09	36.98	300.0	1699	16	72.1	6.81	0.0476	1.0	-0.22	2.74	1.00	0.00	0.16	111115
"12:30:08 Coolers: Tblock -> 16.30 C"
"12:32:31 Flow: Fixed -> 300 umol/s"
36	"12:33:11"	20180319	78	0	7.63	0.1	248	1.95	1.42	18.73	6	1.42	1	2.84	16.80	18.73	16.35	400.07	383.32	6.496	10.358	24.39	38.90	300.1	1700	16	72.09	6.81	0.0476	1.0	-0.22	2.74	1.00	0.00	0.16	111115
37	"12:33:11"	20180319	78	0	7.63	0.1	248	1.95	1.42	18.73	6	1.42	1	2.84	16.80	18.73	16.35	400.07	383.32	6.496	10.358	24.39	38.90	300.1	1700	16	72.09	6.81	0.0476	1.0	-0.22	2.74	1.00	0.00	0.16	111115
38	"12:33:12"	20180319	78	0	7.62	0.101	248	1.95	1.42	18.72	6	1.42	1	2.84	16.80	18.72	16.35	400.08	383.35	6.496	10.360	24.39	38.90	300.1	1700	16	72.09	6.81	0.0476	1.0	-0.22	2.74	1.00	0.00	0.16	111115
39	"12:33:12"	20180319	78	0	7.6	0.101	249	1.95	1.42	18.72	6	1.42	1	2.84	16.80	18.72	16.35	400.08	383.38	6.496	10.362	24.39	38.91	300.1	1700	16	72.09	6.81	0.0476	1.0	-0.22	2.74	1.00	0.00	0.16	111115
40	"12:33:13"	20180319	78	0	7.58	0.101	249	1.95	1.42	18.72	6	1.42	1	2.84	16.80	18.72	16.35	400.08	383.43	6.496	10.362	24.39	38.91	300.1	1700	16	72.09	6.81	0.0476	1.0	-0.22	2.74	1.00	0.00	0.16	111115
41	"12:33:13"	20180319	78	0	7.55	0.101	250	1.96	1.42	18.72	6	1.42	1	2.84	16.80	18.72	16.35	400.07	383.47	6.497	10.366	24.39	38.92	300.1	1700	16	72.09	6.81	0.0476	1.0	-0.22	2.74	1.00	0.00	0.16	111115
42	"12:33:14"	20180319	78	0	7.51	0.101	251	1.96	1.42	18.71	6	1.42	1	2.84	16.80	18.71	16.35	400.05	383.54	6.497	10.369	24.39	38.93	300.1	1700	16	72.09	6.81	0.0476	0.7	-0.22	2.74	1.00	0.00	0.16	111115
43	"12:33:14"	20180319	78	0	7.5	0.101	251	1.96	1.42	18.71	6	1.42	1	2.84	16.80	18.71	16.35	400.07	383.58	6.497	10.367	24.39	38.92	300.1	1700	16	72.09	6.81	0.0476	0.7	-0.22	2.74	1.00	0.00	0.16	111115
44	"12:33:15"	20180319	78	0	7.5	0.101	251	1.96	1.42	18.71	6	1.42	1	2.84	16.80	18.71	16.34	400.09	383.60	6.498	10.368	24.39	38.92	300.1	1700	16	72.09	6.81	0.0476	0.7	-0.22	2.74	1.00	0.00	0.16	111115
45	"12:33:15"	20180319	78	0	7.5	0.101	251	1.96	1.42	18.71	6	1.42	1	2.84	16.80	18.71	16.34	400.12	383.62	6.498	10.370	24.39	38.92	300.1	1700	16	72.09	6.81	0.0476	0.7	-0.22	2.74	1.00	0.00	0.16	111115
46	"12:33:16"	20180319	78	0	7.52	0.101	251	1.96	1.42	18.72	6	1.42	1	2.84	16.80	18.72	16.34	400.15	383.62	6.498	10.371	24.39	38.93	300.1	1700	16	72.09	6.81	0.0476	0.7	-0.22	2.74	1.00	0.00	0.16	111115
47	"12:33:17"	20180319	78	0	7.51	0.101	251	1.96	1.42	18.72	6	1.42	1	2.84	16.80	18.72	16.34	400.18	383.66	6.499	10.368	24.39	38.91	300.1	1700	15	72.09	6.81	0.0476	0.7	-0.22	2.74	1.00	0.00	0.16	111115
48	"12:33:18"	20180319	78	0	7.57	0.101	249	1.96	1.42	18.73	6	1.42	1	2.84	16.81	18.73	16.34	400.24	383.60	6.499	10.369	24.39	38.91	300.1	1700	16	72.08	6.81	0.0476	0.7	-0.22	2.74	1.00	0.00	0.16	111115
49	"12:33:18"	20180319	78	0	7.55	0.101	250	1.96	1.42	18.73	6	1.42	1	2.84	16.81	18.73	16.34	400.22	383.63	6.499	10.373	24.39	38.92	300.1	1700	16	72.08	6.81	0.0476	0.7	-0.22	2.74	1.00	0.00	0.16	111115
50	"12:33:19"	20180319	78	0	7.52	0.101	250	1.96	1.42	18.74	6	1.42	1	2.84	16.81	18.74	16.34	400.23	383.69	6.500	10.374	24.39	38.92	300.1	1700	16	72.08	6.81	0.0476	0.7	-0.22	2.74	1.00	0.00	0.16	111115
"12:33:31 Flow: Fixed -> 200 umol/s"
"12:33:53 Coolers: Tblock -> 21.30 C"
"12:35:54 Flow: Fixed -> 200 umol/s"
51	"12:36:08"	20180319	78	0	7.07	0.0994	247	2.22	1.63	20.79	6	1.42	1	2.84	20.79	20.79	21.35	399.76	376.01	4.975	11.573	14.56	33.87	199.7	1699	14	72.08	6.81	0.0476	1.0	-0.22	2.74	1.00	0.00	0.16	111115
52	"12:36:09"	20180319	78	0	7.07	0.0994	247	2.22	1.63	20.79	6	1.42	1	2.84	20.79	20.79	21.35	399.76	376.01	4.975	11.573	14.56	33.87	199.7	1699	14	72.08	6.81	0.0476	1.0	-0.22	2.74	1.00	0.00	0.16	111115
53	"12:36:09"	20180319	78	0	7.03	0.0993	248	2.22	1.63	20.80	6	1.42	1	2.84	20.79	20.80	21.35	399.69	376.05	4.976	11.574	14.56	33.86	199.7	1699	14	72.08	6.81	0.0476	1.0	-0.22	2.74	1.00	0.00	0.16	111115
54	"12:36:10"	20180319	78	0	7.01	0.0992	248	2.22	1.63	20.80	6	1.42	1	2.84	20.79	20.80	21.35	399.64	376.06	4.977	11.573	14.56	33.86	199.6	1699	14	72.08	6.81	0.0476	0.7	-0.22	2.74	1.00	0.00	0.16	111115
55	"12:36:11"	20180319	78	0	7.01	0.0992	248	2.22	1.63	20.80	6	1.42	1	2.84	20.79	20.80	21.35	399.59	376.02	4.977	11.573	14.56	33.85	199.6	1699	14	72.08	6.81	0.0476	0.7	-0.22	2.74	1.00	0.00	0.16	111115
56	"12:36:11"	20180319	78	0	6.99	0.0992	248	2.22	1.63	20.80	6	1.42	1	2.84	20.79	20.80	21.35	399.51	376.00	4.976	11.572	14.55	33.84	199.7	1698	14	72.08	6.81	0.0476	0.7	-0.22	2.74	1.00	0.00	0.16	111115
57	"12:36:12"	20180319	78	0	6.98	0.0992	248	2.22	1.63	20.81	6	1.42	1	2.84	20.80	20.81	21.36	399.39	375.90	4.974	11.571	14.54	33.84	199.7	1699	14	72.08	6.81	0.0476	0.7	-0.22	2.74	1.00	0.00	0.16	111115
58	"12:36:12"	20180319	78	0	7	0.0992	248	2.22	1.63	20.81	6	1.42	1	2.84	20.80	20.81	21.36	399.36	375.83	4.973	11.573	14.54	33.84	199.7	1699	14	72.08	6.81	0.0476	0.7	-0.22	2.74	1.00	0.00	0.16	111115
59	"12:36:13"	20180319	78	0	6.97	0.0992	249	2.22	1.63	20.81	6	1.42	1	2.84	20.80	20.81	21.36	399.32	375.87	4.973	11.573	14.54	33.83	199.8	1698	14	72.08	6.81	0.0476	1.0	-0.22	2.74	1.00	0.00	0.16	111115
60	"12:36:13"	20180319	78	0	6.98	0.0992	248	2.22	1.63	20.82	6	1.42	1	2.84	20.80	20.82	21.36	399.31	375.83	4.973	11.573	14.54	33.83	199.8	1698	14	72.08	6.81	0.0476	1.0	-0.22	2.74	1.00	0.00	0.16	111115
61	"12:36:14"	20180319	78	0	7.01	0.0992	248	2.22	1.63	20.82	6	1.42	1	2.84	20.81	20.82	21.36	399.29	375.74	4.971	11.573	14.53	33.82	199.8	1699	14	72.08	6.81	0.0476	1.0	-0.22	2.74	1.00	0.00	0.16	111115
62	"12:36:15"	20180319	78	0	7	0.0991	248	2.22	1.64	20.83	6	1.42	1	2.84	20.81	20.83	21.36	399.26	375.74	4.971	11.573	14.53	33.82	199.8	1699	14	72.08	6.81	0.0476	1.0	-0.22	2.74	1.00	0.00	0.16	111115
63	"12:36:15"	20180319	78	0	6.99	0.0991	248	2.22	1.64	20.83	6	1.42	1	2.84	20.81	20.83	21.37	399.24	375.73	4.972	11.575	14.53	33.82	199.8	1699	14	72.08	6.81	0.0476	1.0	-0.22	2.74	1.00	0.00	0.16	111115
64	"12:36:16"	20180319	78	0	6.98	0.099	248	2.22	1.64	20.85	6	1.42	1	2.84	20.82	20.85	21.37	399.23	375.76	4.973	11.577	14.53	33.82	199.8	1699	14	72.08	6.81	0.0476	1.0	-0.22	2.74	1.00	0.00	0.16	111115
65	"12:36:16"	20180319	78	0	6.96	0.0989	248	2.22	1.64	20.86	6	1.42	1	2.84	20.82	20.86	21.37	399.18	375.77	4.973	11.577	14.52	33.81	199.8	1699	14	72.08	6.81	0.0476	1.0	-0.22	2.74	1.00	0.00	0.16	111115
"12:36:59 Coolers: Tblock -> 26.30 C"
"12:40:04 Flow: Fixed -> 200 umol/s"
66	"12:40:32"	20180319	78	0	6.39	0.0858	242	2.22	1.87	23.60	6	1.42	1	2.84	25.16	23.60	26.37	399.29	377.58	7.995	14.579	17.95	32.74	199.7	1700	15	72.08	8.43	-0.0855	1.0	-0.22	2.74	1.00	0.00	0.16	111115
67	"12:40:32"	20180319	78	0	6.39	0.0858	242	2.22	1.87	23.60	6	1.42	1	2.84	25.16	23.60	26.37	399.29	377.58	7.995	14.579	17.95	32.74	199.7	1700	15	72.08	8.43	-0.0855	1.0	-0.22	2.74	1.00	0.00	0.16	111115
68	"12:40:33"	20180319	78	0	6.41	0.0857	242	2.22	1.87	23.60	6	1.42	1	2.84	25.16	23.60	26.37	399.30	377.52	7.995	14.579	17.95	32.73	199.7	1700	15	72.08	8.43	-0.0855	1.0	-0.22	2.74	1.00	0.00	0.16	111115
69	"12:40:33"	20180319	78	0	6.41	0.0857	242	2.22	1.87	23.60	6	1.42	1	2.84	25.16	23.60	26.37	399.28	377.51	7.995	14.577	17.95	32.72	199.7	1699	15	72.08	8.43	-0.0855	1.0	-0.22	2.74	1.00	0.00	0.16	111115
70	"12:40:34"	20180319	78	0	6.41	0.0856	241	2.22	1.87	23.61	6	1.42	1	2.84	25.16	23.61	26.37	399.26	377.48	7.996	14.576	17.95	32.72	199.7	1699	15	72.08	8.43	-0.0855	1.0	-0.22	2.74	1.00	0.00	0.16	111115
71	"12:40:34"	20180319	78	0	6.44	0.0856	241	2.22	1.87	23.61	6	1.42	1	2.84	25.17	23.61	26.37	399.29	377.43	7.997	14.577	17.95	32.72	199.7	1699	15	72.08	8.43	-0.0855	0.7	-0.22	2.74	1.00	0.00	0.16	111115
72	"12:40:35"	20180319	78	0	6.44	0.0857	241	2.22	1.87	23.61	6	1.42	1	2.84	25.17	23.61	26.37	399.30	377.42	7.997	14.580	17.95	32.72	199.7	1699	15	72.08	8.43	-0.0855	0.7	-0.22	2.74	1.00	0.00	0.16	111115
73	"12:40:35"	20180319	78	0	6.44	0.0856	241	2.22	1.88	23.61	6	1.42	1	2.84	25.17	23.61	26.37	399.30	377.43	7.997	14.581	17.95	32.72	199.7	1699	15	72.08	8.43	-0.0855	0.7	-0.22	2.74	1.00	0.00	0.16	111115
74	"12:40:36"	20180319	78	0	6.4	0.0856	242	2.22	1.88	23.62	6	1.42	1	2.84	25.17	23.62	26.37	399.24	377.49	7.998	14.580	17.95	32.71	199.7	1699	15	72.08	8.43	-0.0855	0.7	-0.22	2.74	1.00	0.00	0.16	111115
75	"12:40:36"	20180319	78	0	6.38	0.0856	242	2.22	1.88	23.62	6	1.42	1	2.84	25.17	23.62	26.37	399.20	377.52	7.998	14.582	17.94	32.72	199.7	1699	15	72.08	8.43	-0.0855	0.7	-0.22	2.74	1.00	0.00	0.16	111115
76	"12:40:37"	20180319	78	0	6.37	0.0856	242	2.22	1.88	23.62	6	1.42	1	2.84	25.17	23.62	26.37	399.18	377.51	7.998	14.581	17.94	32.71	199.7	1699	15	72.08	8.43	-0.0855	0.7	-0.22	2.74	1.00	0.00	0.16	111115
77	"12:40:38"	20180319	78	0	6.38	0.0856	242	2.22	1.88	23.62	6	1.42	1	2.84	25.18	23.62	26.37	399.19	377.49	7.999	14.584	17.94	32.71	199.7	1699	15	72.08	8.43	-0.0855	0.7	-0.22	2.74	1.00	0.00	0.16	111115
78	"12:40:38"	20180319	78	0	6.37	0.0856	242	2.22	1.88	23.62	6	1.42	1	2.84	25.18	23.62	26.37	399.16	377.51	7.999	14.585	17.94	32.71	199.7	1699	15	72.08	8.43	-0.0855	0.7	-0.22	2.74	1.00	0.00	0.16	111115
79	"12:40:39"	20180319	78	0	6.38	0.0855	242	2.22	1.88	23.62	6	1.42	1	2.84	25.18	23.62	26.37	399.20	377.52	7.999	14.583	17.94	32.71	199.7	1699	15	72.08	8.43	-0.0855	0.7	-0.22	2.74	1.00	0.00	0.16	111115
80	"12:40:39"	20180319	78	0	6.4	0.0855	241	2.22	1.88	23.63	6	1.42	1	2.84	25.18	23.63	26.37	399.24	377.49	8.000	14.582	17.94	32.70	199.7	1699	15	72.08	8.43	-0.0855	0.7	-0.22	2.74	1.00	0.00	0.16	111115
"12:41:11 Coolers: Tblock -> 31.30 C"
"12:47:55 Flow: Fixed -> 200 umol/s"
81	"12:48:04"	20180319	78	0	5.71	0.0702	231	2.24	2.27	27.64	6	1.42	1	2.84	30.09	27.64	31.37	399.78	380.08	13.491	20.079	22.71	33.80	199.7	1699	12	72.07	9.33	-0.14	1.0	-0.22	2.74	1.00	0.00	0.16	111115
82	"12:48:04"	20180319	78	0	5.71	0.0702	231	2.24	2.27	27.64	6	1.42	1	2.84	30.09	27.64	31.37	399.78	380.08	13.491	20.079	22.71	33.80	199.7	1699	12	72.07	9.33	-0.14	1.0	-0.22	2.74	1.00	0.00	0.16	111115
83	"12:48:05"	20180319	78	0	5.72	0.0703	231	2.24	2.27	27.64	6	1.42	1	2.84	30.09	27.64	31.37	399.82	380.06	13.490	20.077	22.71	33.79	199.7	1699	12	72.07	9.33	-0.14	1.0	-0.22	2.74	1.00	0.00	0.16	111115
84	"12:48:05"	20180319	78	0	5.7	0.0702	232	2.24	2.27	27.64	6	1.42	1	2.84	30.09	27.64	31.37	399.78	380.10	13.489	20.076	22.70	33.79	199.7	1699	12	72.07	9.33	-0.14	1.0	-0.22	2.74	1.00	0.00	0.16	111115
85	"12:48:06"	20180319	78	0	5.7	0.0702	232	2.24	2.27	27.63	6	1.42	1	2.84	30.09	27.63	31.37	399.78	380.10	13.490	20.072	22.70	33.78	199.7	1699	12	72.07	9.33	-0.14	1.0	-0.22	2.74	1.00	0.00	0.16	111115
86	"12:48:06"	20180319	78	0	5.68	0.0701	232	2.23	2.27	27.63	6	1.42	1	2.84	30.09	27.63	31.37	399.77	380.14	13.489	20.067	22.70	33.77	199.7	1699	12	72.07	9.33	-0.14	1.0	-0.22	2.74	1.00	0.00	0.16	111115
87	"12:48:07"	20180319	78	0	5.68	0.0701	232	2.23	2.27	27.64	6	1.42	1	2.84	30.09	27.64	31.37	399.80	380.19	13.490	20.067	22.70	33.77	199.7	1699	12	72.07	9.33	-0.14	1.0	-0.22	2.74	1.00	0.00	0.16	111115
88	"12:48:07"	20180319	78	0	5.67	0.0701	232	2.23	2.27	27.64	6	1.42	1	2.84	30.09	27.64	31.36	399.79	380.22	13.489	20.066	22.70	33.77	199.7	1699	12	72.07	9.33	-0.14	1.0	-0.22	2.74	1.00	0.00	0.16	111115
89	"12:48:08"	20180319	78	0	5.65	0.0701	233	2.23	2.27	27.64	6	1.42	1	2.84	30.09	27.64	31.36	399.78	380.24	13.489	20.067	22.70	33.77	199.7	1699	12	72.07	9.33	-0.14	1.0	-0.22	2.74	1.00	0.00	0.16	111115
90	"12:48:09"	20180319	78	0	5.65	0.0701	233	2.23	2.27	27.64	6	1.42	1	2.84	30.09	27.64	31.36	399.75	380.24	13.489	20.068	22.70	33.77	199.7	1699	12	72.07	9.33	-0.14	1.0	-0.22	2.74	1.00	0.00	0.16	111115
91	"12:48:09"	20180319	78	0	5.64	0.0701	233	2.23	2.27	27.64	6	1.42	1	2.84	30.09	27.64	31.35	399.74	380.25	13.490	20.068	22.70	33.77	199.7	1699	12	72.07	9.33	-0.14	1.0	-0.22	2.74	1.00	0.00	0.16	111115
92	"12:48:10"	20180319	78	0	5.65	0.0701	233	2.23	2.27	27.64	6	1.42	1	2.84	30.09	27.64	31.35	399.78	380.26	13.491	20.070	22.70	33.77	199.7	1699	12	72.07	9.33	-0.14	1.0	-0.22	2.74	1.00	0.00	0.16	111115
93	"12:48:10"	20180319	78	0	5.65	0.0702	233	2.24	2.27	27.64	6	1.42	1	2.84	30.09	27.64	31.35	399.81	380.27	13.491	20.071	22.70	33.77	199.7	1699	12	72.07	9.33	-0.14	1.0	-0.22	2.74	1.00	0.00	0.16	111115
94	"12:48:11"	20180319	78	0	5.68	0.0702	232	2.24	2.27	27.63	6	1.42	1	2.84	30.10	27.63	31.34	399.89	380.27	13.490	20.074	22.70	33.77	199.7	1699	12	72.07	9.33	-0.14	1.0	-0.22	2.74	1.00	0.00	0.16	111115
95	"12:48:11"	20180319	78	0	5.71	0.0703	232	2.24	2.27	27.63	6	1.42	1	2.84	30.10	27.63	31.34	399.95	380.25	13.489	20.076	22.69	33.78	199.7	1699	12	72.07	9.33	-0.14	0.7	-0.22	2.74	1.00	0.00	0.16	111115
"12:48:30 Coolers: Tblock -> 36.30 C"
"12:54:36 Flow: Fixed -> 200 umol/s"
96	"12:54:54"	20180319	78	0	4.82	0.0609	237	2.03	2.34	30.92	6	1.42	1	2.84	34.69	30.92	36.35	399.50	382.68	23.923	29.837	31.05	38.73	199.6	1699	12	72.07	10.3	-0.343	1.0	-0.22	2.74	1.00	0.00	0.16	111115
97	"12:54:54"	20180319	78	0	4.82	0.0609	237	2.03	2.34	30.92	6	1.42	1	2.84	34.69	30.92	36.35	399.50	382.68	23.923	29.837	31.05	38.73	199.6	1699	12	72.07	10.3	-0.343	1.0	-0.22	2.74	1.00	0.00	0.16	111115
98	"12:54:55"	20180319	78	0	4.82	0.0608	237	2.03	2.34	30.93	6	1.42	1	2.84	34.69	30.93	36.35	399.49	382.68	23.924	29.835	31.05	38.73	199.7	1699	12	72.07	10.3	-0.343	1.0	-0.22	2.74	1.00	0.00	0.16	111115
99	"12:54:55"	20180319	78	0	4.82	0.0608	236	2.03	2.34	30.93	6	1.42	1	2.84	34.69	30.93	36.35	399.51	382.68	23.925	29.837	31.05	38.72	199.7	1699	12	72.07	10.3	-0.343	1.0	-0.22	2.74	1.00	0.00	0.16	111115
100	"12:54:56"	20180319	78	0	4.85	0.0608	236	2.03	2.34	30.94	6	1.42	1	2.84	34.69	30.94	36.35	399.53	382.61	23.924	29.840	31.05	38.73	199.7	1699	12	72.07	10.3	-0.343	1.0	-0.22	2.74	1.00	0.00	0.16	111115
101	"12:54:56"	20180319	78	0	4.84	0.0607	236	2.03	2.35	30.95	6	1.42	1	2.84	34.70	30.95	36.36	399.52	382.63	23.925	29.841	31.05	38.72	199.7	1699	12	72.07	10.3	-0.343	1.0	-0.22	2.74	1.00	0.00	0.16	111115
102	"12:54:57"	20180319	78	0	4.83	0.0607	236	2.03	2.35	30.95	6	1.42	1	2.84	34.70	30.95	36.36	399.49	382.66	23.925	29.844	31.04	38.72	199.7	1699	12	72.07	10.3	-0.343	1.0	-0.22	2.74	1.00	0.00	0.16	111115
103	"12:54:57"	20180319	78	0	4.83	0.0607	236	2.03	2.35	30.96	6	1.42	1	2.84	34.70	30.96	36.36	399.46	382.60	23.926	29.846	31.04	38.72	199.7	1699	12	72.07	10.3	-0.343	1.0	-0.22	2.74	1.00	0.00	0.16	111115
104	"12:54:58"	20180319	78	0	4.82	0.0607	236	2.03	2.35	30.97	6	1.42	1	2.84	34.70	30.97	36.36	399.41	382.60	23.927	29.850	31.04	38.72	199.7	1699	12	72.07	10.3	-0.343	1.0	-0.22	2.74	1.00	0.00	0.16	111115
105	"12:54:58"	20180319	78	0	4.82	0.0607	236	2.03	2.35	30.98	6	1.42	1	2.84	34.70	30.98	36.37	399.40	382.57	23.925	29.854	31.03	38.72	199.7	1699	12	72.07	10.3	-0.343	1.0	-0.22	2.74	1.00	0.00	0.16	111115
106	"12:54:59"	20180319	78	0	4.83	0.0607	236	2.04	2.35	30.98	6	1.42	1	2.84	34.71	30.98	36.37	399.40	382.54	23.924	29.858	31.03	38.73	199.7	1699	12	72.07	10.3	-0.343	1.0	-0.22	2.74	1.00	0.00	0.16	111115
107	"12:55:00"	20180319	78	0	4.83	0.0607	236	2.04	2.35	30.98	6	1.42	1	2.84	34.71	30.98	36.37	399.37	382.52	23.923	29.861	31.02	38.72	199.7	1699	12	72.07	10.3	-0.343	1.0	-0.22	2.74	1.00	0.00	0.16	111115
108	"12:55:00"	20180319	78	0	4.83	0.0607	236	2.04	2.36	30.99	6	1.42	1	2.84	34.71	30.99	36.38	399.33	382.47	23.924	29.864	31.02	38.72	199.7	1699	12	72.07	10.3	-0.343	1.0	-0.22	2.74	1.00	0.00	0.16	111115
109	"12:55:01"	20180319	78	0	4.85	0.0607	235	2.04	2.36	30.99	6	1.42	1	2.84	34.71	30.99	36.38	399.35	382.44	23.923	29.861	31.01	38.71	199.7	1699	12	72.07	10.3	-0.343	1.0	-0.22	2.74	1.00	0.00	0.16	111115
110	"12:55:01"	20180319	78	0	4.86	0.0606	235	2.04	2.36	30.99	6	1.42	1	2.84	34.72	30.99	36.39	399.39	382.45	23.924	29.859	31.01	38.70	199.7	1699	12	72.07	10.3	-0.343	1.0	-0.22	2.74	1.00	0.00	0.16	111115
"12:55:12 Coolers: Tblock -> 41.30 C"
"12:56:49 Flow: Fixed -> 200 umol/s"
111	"12:56:59"	20180319	78	0	4.89	0.0636	237	2.51	2.76	32.85	6	1.42	1	2.84	38.78	32.85	41.36	400.06	382.49	23.891	31.201	24.80	32.39	199.6	1699	16	72.07	11.1	-0.45	1.0	-0.22	2.74	1.00	0.00	0.16	111115
112	"12:57:00"	20180319	78	0	4.89	0.0636	237	2.51	2.76	32.85	6	1.42	1	2.84	38.78	32.85	41.36	400.06	382.49	23.891	31.201	24.80	32.39	199.6	1699	16	72.07	11.1	-0.45	1.0	-0.22	2.74	1.00	0.00	0.16	111115
113	"12:57:00"	20180319	78	0	4.89	0.0636	237	2.51	2.76	32.85	6	1.42	1	2.84	38.78	32.85	41.36	400.08	382.50	23.892	31.203	24.80	32.39	199.6	1699	16	72.07	11.1	-0.45	1.0	-0.22	2.74	1.00	0.00	0.16	111115
114	"12:57:01"	20180319	78	0	4.9	0.0636	237	2.51	2.76	32.86	6	1.42	1	2.84	38.78	32.86	41.36	400.09	382.48	23.891	31.204	24.79	32.38	199.6	1699	16	72.07	11.1	-0.45	1.0	-0.22	2.74	1.00	0.00	0.16	111115
115	"12:57:01"	20180319	78	0	4.9	0.0635	237	2.51	2.77	32.87	6	1.42	1	2.84	38.79	32.87	41.36	400.08	382.48	23.893	31.205	24.79	32.38	199.6	1699	16	72.07	11.1	-0.45	1.0	-0.22	2.74	1.00	0.00	0.16	111115
116	"12:57:02"	20180319	78	0	4.9	0.0634	237	2.51	2.77	32.88	6	1.42	1	2.84	38.79	32.88	41.36	400.08	382.47	23.895	31.207	24.79	32.37	199.6	1699	16	72.07	11.1	-0.45	1.0	-0.22	2.74	1.00	0.00	0.16	111115
117	"12:57:03"	20180319	78	0	4.87	0.0635	237	2.51	2.77	32.89	6	1.42	1	2.84	38.80	32.89	41.36	400.00	382.46	23.894	31.210	24.78	32.37	199.6	1699	16	72.07	11.1	-0.45	1.0	-0.22	2.74	1.00	0.00	0.16	111115
118	"12:57:03"	20180319	78	0	4.87	0.0634	237	2.51	2.77	32.88	6	1.42	1	2.84	38.80	32.88	41.36	399.95	382.44	23.896	31.210	24.78	32.36	199.6	1699	16	72.07	11.1	-0.45	1.0	-0.22	2.74	1.00	0.00	0.16	111115
119	"12:57:04"	20180319	78	0	4.85	0.0635	238	2.51	2.77	32.89	6	1.42	1	2.84	38.80	32.89	41.36	399.89	382.41	23.897	31.214	24.77	32.36	199.6	1699	16	72.07	11.1	-0.45	1.0	-0.22	2.74	1.00	0.00	0.16	111115
120	"12:57:04"	20180319	78	0	4.83	0.0635	238	2.51	2.77	32.89	6	1.42	1	2.84	38.81	32.89	41.36	399.84	382.42	23.897	31.214	24.77	32.35	199.6	1699	16	72.07	11.1	-0.45	1.0	-0.22	2.74	1.00	0.00	0.16	111115
121	"12:57:05"	20180319	78	0	4.8	0.0635	239	2.51	2.77	32.88	6	1.42	1	2.84	38.81	32.88	41.36	399.77	382.45	23.898	31.218	24.76	32.35	199.6	1699	16	72.07	11.1	-0.45	1.0	-0.22	2.74	1.00	0.00	0.16	111115
122	"12:57:06"	20180319	78	0	4.73	0.0637	241	2.52	2.77	32.87	6	1.42	1	2.84	38.82	32.87	41.36	399.60	382.50	23.897	31.224	24.76	32.35	199.6	1699	16	72.07	11.1	-0.45	1.0	-0.22	2.74	1.00	0.00	0.16	111115
123	"12:57:06"	20180319	78	0	4.71	0.0637	242	2.52	2.77	32.88	6	1.42	1	2.84	38.82	32.88	41.36	399.53	382.47	23.897	31.226	24.75	32.34	199.6	1699	16	72.07	11.1	-0.45	1.0	-0.22	2.74	1.00	0.00	0.16	111115
124	"12:57:07"	20180319	78	0	4.67	0.0636	243	2.52	2.77	32.89	6	1.42	1	2.84	38.82	32.89	41.36	399.42	382.48	23.898	31.230	24.75	32.34	199.6	1699	16	72.07	11.1	-0.45	1.0	-0.22	2.74	1.00	0.00	0.16	111115
125	"12:57:07"	20180319	78	0	4.65	0.0636	243	2.52	2.77	32.90	6	1.42	1	2.84	38.82	32.90	41.36	399.34	382.48	23.898	31.235	24.75	32.34	199.6	1699	16	72.07	11.1	-0.45	1.0	-0.22	2.74	1.00	0.00	0.16	111115
"12:57:44 Coolers: Tblock -> 46.30 C"
"12:59:39 Flow: Fixed -> 200 umol/s"
126	"12:59:57"	20180319	78	0	4.39	0.0672	251	3.27	3.39	35.46	6	1.42	1	2.84	43.31	35.46	46.36	399.56	382.61	23.882	33.388	19.50	27.26	199.7	1699	20	72.07	12.1	-0.565	1.0	-0.22	2.74	1.00	0.00	0.16	111115
127	"12:59:58"	20180319	78	0	4.39	0.0672	251	3.27	3.39	35.46	6	1.42	1	2.84	43.31	35.46	46.36	399.56	382.61	23.882	33.388	19.50	27.26	199.7	1699	20	72.07	12.1	-0.565	1.0	-0.22	2.74	1.00	0.00	0.16	111115
128	"12:59:58"	20180319	78	0	4.39	0.0672	251	3.27	3.39	35.47	6	1.42	1	2.84	43.31	35.47	46.35	399.54	382.58	23.882	33.395	19.49	27.26	199.6	1699	20	72.07	12.1	-0.565	1.0	-0.22	2.74	1.00	0.00	0.16	111115
129	"12:59:59"	20180319	78	0	4.35	0.0671	252	3.27	3.39	35.48	6	1.42	1	2.84	43.31	35.48	46.35	399.51	382.67	23.882	33.396	19.49	27.25	199.6	1699	20	72.07	12.1	-0.565	1.0	-0.22	2.74	1.00	0.00	0.16	111115
130	"12:59:59"	20180319	78	0	4.36	0.0671	251	3.28	3.4	35.49	6	1.42	1	2.84	43.32	35.49	46.35	399.51	382.65	23.882	33.398	19.49	27.25	199.6	1699	20	72.07	12.1	-0.565	1.0	-0.22	2.74	1.00	0.00	0.16	111115
131	"13:00:00"	20180319	78	0	4.35	0.067	252	3.28	3.4	35.50	6	1.42	1	2.84	43.32	35.50	46.36	399.46	382.63	23.881	33.400	19.48	27.25	199.6	1699	20	72.07	12.1	-0.565	1.0	-0.22	2.74	1.00	0.00	0.16	111115
132	"13:00:00"	20180319	78	0	4.36	0.067	251	3.28	3.4	35.51	6	1.42	1	2.84	43.32	35.51	46.36	399.46	382.58	23.881	33.402	19.48	27.25	199.6	1699	20	72.07	12.1	-0.565	1.0	-0.22	2.74	1.00	0.00	0.16	111115
133	"13:00:01"	20180319	78	0	4.36	0.067	251	3.28	3.4	35.51	6	1.42	1	2.84	43.33	35.51	46.36	399.42	382.56	23.880	33.407	19.48	27.25	199.6	1699	20	72.07	12.1	-0.565	1.0	-0.22	2.74	1.00	0.00	0.16	111115
134	"13:00:02"	20180319	78	0	4.35	0.067	251	3.28	3.4	35.52	6	1.42	1	2.84	43.33	35.52	46.36	399.39	382.55	23.881	33.412	19.47	27.25	199.6	1699	20	72.07	12.1	-0.565	1.0	-0.22	2.74	1.00	0.00	0.16	111115
135	"13:00:02"	20180319	78	0	4.36	0.067	251	3.28	3.41	35.53	6	1.42	1	2.84	43.33	35.53	46.36	399.42	382.55	23.882	33.418	19.47	27.24	199.7	1699	20	72.07	12.1	-0.565	1.0	-0.22	2.74	1.00	0.00	0.16	111115
136	"13:00:03"	20180319	78	0	4.4	0.067	250	3.29	3.41	35.54	6	1.42	1	2.84	43.34	35.54	46.36	399.45	382.46	23.882	33.424	19.47	27.24	199.7	1699	20	72.07	12.1	-0.565	1.0	-0.22	2.74	1.00	0.00	0.16	111115
137	"13:00:03"	20180319	78	0	4.41	0.067	250	3.29	3.41	35.54	6	1.42	1	2.84	43.34	35.54	46.36	399.47	382.43	23.882	33.429	19.46	27.24	199.7	1699	20	72.07	12.1	-0.565	1.0	-0.22	2.74	1.00	0.00	0.16	111115
138	"13:00:04"	20180319	78	0	4.44	0.0671	249	3.29	3.41	35.54	6	1.42	1	2.84	43.34	35.54	46.36	399.52	382.40	23.883	33.435	19.46	27.24	199.7	1699	20	72.07	12.1	-0.565	0.7	-0.22	2.74	1.00	0.00	0.16	111115
139	"13:00:04"	20180319	78	0	4.45	0.0671	249	3.29	3.41	35.55	6	1.42	1	2.84	43.35	35.55	46.36	399.54	382.40	23.882	33.443	19.46	27.25	199.7	1699	20	72.07	12.1	-0.565	0.7	-0.22	2.74	1.00	0.00	0.16	111115
140	"13:00:05"	20180319	78	0	4.44	0.0671	249	3.29	3.41	35.55	6	1.42	1	2.84	43.35	35.55	46.36	399.52	382.41	23.883	33.446	19.45	27.24	199.7	1699	20	72.07	12.1	-0.565	0.7	-0.22	2.74	1.00	0.00	0.16	111115
"13:00:39 Coolers: Tblock -> 50.00 C"
"13:02:56 Flow: Fixed -> 200 umol/s"
141	"13:03:12"	20180319	78	0	3.9	0.0739	267	4.14	3.88	37.46	6	1.42	1	2.84	46.54	37.46	49.74	399.80	383.32	23.832	35.829	16.47	24.76	199.7	1699	22	72.07	14	-0.62	1.0	-0.22	2.74	1.00	0.00	0.16	111115
142	"13:03:13"	20180319	78	0	3.9	0.0739	267	4.14	3.88	37.46	6	1.42	1	2.84	46.54	37.46	49.74	399.80	383.32	23.832	35.829	16.47	24.76	199.7	1699	22	72.07	14	-0.62	1.0	-0.22	2.74	1.00	0.00	0.16	111115
143	"13:03:13"	20180319	78	0	3.89	0.0739	267	4.14	3.89	37.47	6	1.42	1	2.84	46.54	37.47	49.74	399.78	383.31	23.831	35.837	16.47	24.76	199.7	1699	22	72.07	14	-0.62	1.0	-0.22	2.74	1.00	0.00	0.16	111115
144	"13:03:14"	20180319	78	0	3.91	0.0738	267	4.15	3.89	37.50	6	1.42	1	2.84	46.54	37.50	49.74	399.78	383.26	23.830	35.844	16.46	24.76	199.7	1699	22	72.07	14	-0.62	1.0	-0.22	2.74	1.00	0.00	0.16	111115
145	"13:03:14"	20180319	78	0	3.89	0.0737	267	4.15	3.9	37.52	6	1.42	1	2.84	46.55	37.52	49.74	399.71	383.24	23.829	35.848	16.46	24.76	199.7	1699	22	72.07	14	-0.62	1.0	-0.22	2.74	1.00	0.00	0.16	111115
146	"13:03:15"	20180319	78	0	3.87	0.0736	267	4.15	3.91	37.54	6	1.42	1	2.84	46.55	37.54	49.74	399.66	383.25	23.830	35.853	16.46	24.76	199.7	1699	22	72.07	14	-0.62	1.0	-0.22	2.74	1.00	0.00	0.16	111115
147	"13:03:15"	20180319	78	0	3.84	0.0737	268	4.15	3.91	37.53	6	1.42	1	2.84	46.55	37.53	49.74	399.61	383.29	23.830	35.865	16.46	24.77	199.7	1699	22	72.07	14	-0.62	1.0	-0.22	2.74	1.00	0.00	0.16	111115
148	"13:03:16"	20180319	78	0	3.82	0.0736	268	4.16	3.91	37.55	6	1.42	1	2.84	46.55	37.55	49.74	399.57	383.29	23.829	35.870	16.45	24.77	199.7	1699	22	72.07	14	-0.62	1.0	-0.22	2.74	1.00	0.00	0.16	111115
149	"13:03:16"	20180319	78	0	3.82	0.0736	268	4.16	3.91	37.56	6	1.42	1	2.84	46.55	37.56	49.74	399.54	383.26	23.829	35.875	16.45	24.77	199.7	1699	22	72.07	14	-0.62	1.0	-0.22	2.74	1.00	0.00	0.16	111115
150	"13:03:17"	20180319	78	0	3.8	0.0737	269	4.16	3.91	37.55	6	1.42	1	2.84	46.56	37.55	49.74	399.49	383.27	23.828	35.880	16.45	24.77	199.7	1699	22	72.07	14	-0.62	1.0	-0.22	2.74	1.00	0.00	0.16	111115
151	"13:03:18"	20180319	78	0	3.82	0.0737	268	4.16	3.91	37.55	6	1.42	1	2.84	46.56	37.55	49.74	399.50	383.24	23.828	35.883	16.45	24.77	199.7	1699	22	72.07	14	-0.62	1.0	-0.22	2.74	1.00	0.00	0.16	111115
152	"13:03:18"	20180319	78	0	3.81	0.0738	269	4.16	3.91	37.54	6	1.42	1	2.84	46.56	37.54	49.74	399.49	383.26	23.827	35.886	16.45	24.77	199.7	1699	22	72.07	14	-0.62	1.0	-0.22	2.74	1.00	0.00	0.16	111115
153	"13:03:19"	20180319	78	0	3.82	0.0739	269	4.17	3.9	37.53	6	1.42	1	2.84	46.56	37.53	49.74	399.52	383.23	23.828	35.895	16.45	24.77	199.7	1699	22	72.07	14	-0.62	1.0	-0.22	2.74	1.00	0.00	0.16	111115
154	"13:03:19"	20180319	78	0	3.83	0.074	268	4.17	3.9	37.53	6	1.42	1	2.84	46.56	37.53	49.74	399.53	383.21	23.829	35.899	16.44	24.77	199.7	1699	22	72.07	14	-0.62	1.0	-0.22	2.74	1.00	0.00	0.16	111115
155	"13:03:20"	20180319	78	0	3.85	0.074	268	4.17	3.91	37.54	6	1.42	1	2.84	46.57	37.54	49.75	399.54	383.18	23.828	35.908	16.44	24.78	199.7	1699	22	72.07	14	-0.62	1.0	-0.22	2.74	1.00	0.00	0.16	111115
