"OPEN 6.3.4"
"Mon Mar 19 2018 14:51:22"
<open><version>"6.3.4"</version></open>
<open><configfile>"/User/Configs/UserPrefs/LED2x3.xml"</configfile></open>
<open><light><source>"6400-02 or -02B LED Source"</source><par_in>1<sensor>"SI-2503"<cal>-0.86<actinity>1.00</actinity><transm>1.00</transm></cal></sensor><transm>1</transm></par_in><par_out>1<sensor>"Q40491"<cal>6.5</cal></sensor></par_out></light></open>
<open><comps><file>"/User/Configs/Comps/StdComps_6.1"<header>""</header><extras></extras></file><energybal>no<f_parIn>1</f_parIn><f_parOut>0</f_parOut><alphaK>0.16</alphaK></energybal><bc_total>2.840<stomatal_ratio>1</stomatal_ratio><bc_oneside>1.420<type>2</type><table>"/Sys/Lib/StdBLCTable"</table><area>6</area><slope>-0.219565</slope><offset>2.73739</offset><fan>5</fan></bc_oneside></bc_total></comps></open>
<open><prompts><onlog>off</onlog><items>"Default (none)"</items></prompts></open>
<open><constants><oxygen>21 %</oxygen><bb_vapor>1.5</bb_vapor><bb_oxy>0.9</bb_oxy></constants></open>
<open><stability><items>"Std Stability"<items[1]><id>-2</id><size>15</size><pcv><onoff>0</onoff><value>1</value></pcv><std><onoff>0</onoff><value>1</value></std><slp><onoff>1</onoff><value>1</value></slp></items[1]><items[2]><id>-5</id><size>15</size><pcv><onoff>0</onoff><value>1</value></pcv><std><onoff>0</onoff><value>1</value></std><slp><onoff>1</onoff><value>1</value></slp></items[2]><items[3]><id>-7</id><size>15</size><pcv><onoff>0</onoff><value>1</value></pcv><std><onoff>0</onoff><value>1</value></std><slp><onoff>1</onoff><value>1</value></slp></items[3]></items></stability></open>
<open><log><format>"StdLogFmt_6.0"<items>{ -35 -21 -70 -69 -76 30 23 36 21 25 221 -33 111 -34 11 -9 -10 -8 -1 -2 -4 -5 -14 -15 -7 -12 -13 -11 -65 -66 -72 -18 -19 -77 -78 -79 -23  }<hdr>{  }</hdr></items></format><options><beep>on</beep><match>"never"<time>30</time><co2>100</co2><delta>10</delta></match><hdr>normal</hdr><rem>normal</rem><stab>no</stab><stats>no<mean>no</mean><file>no</file><period>15</period></stats><excel>yes</excel><controls>yes</controls><comm>no</comm></options><datafile>"/User/031918-PS-HAI3690"</datafile><button><action>"Normal Log"<code>" LogOneObsManual "</code></action></button><autoprog>"/User/Configs/AutoProgs/AutoLog2"<active>no</active></autoprog></log></open>
<open><a2d><avgtime>4.0 secs</avgtime><userchans><ch20>"Off"</ch20><ch21>"Off"</ch21><ch22>"Off"</ch22><ch23>"Off"</ch23></userchans></a2d></open>
<open><matching><type>0</type><disp>'a'</disp><settings>><CO2Limit>10.0</CO2Limit><H2OLimit>1.0</H2OLimit><MaxAutoTime>60</MaxAutoTime><AverageTime>10</AverageTime></settings></matching></open>
<li6400><factory><unit>"PSC-2470"</unit><serviced>"5 Feb 2018"</serviced><fuseaware>0</fuseaware><co2mixer>yes</co2mixer><co2><coeffs>{ 0 0.214772 2.55802e-05 1.93228e-08 -3.02262e-12 2.75724e-16  }</coeffs><dvdt>-4</dvdt><xs>{ 9.11e-05 0.00178  }</xs></co2><h2o><coeffs>{ 0 0.00581526 2.16703e-06 7.69607e-12  }</coeffs><dvdt>-2.9</dvdt><xs>{ -0.000111 -0.00256  }</xs></h2o><flow>{ 0 0.3696  }</flow><press>{ 86.913 0.00551  }</press></factory></li6400>
<li6400><user><flow_zero>-3.5</flow_zero><irga_zero><co2>113.5 152.5<at>27.1329</at></co2><h2o>-3.5 -3.5<at>28.1091</at></h2o></irga_zero><irga_span><co2>{ 0.990134 0.992694  }</co2><h2o>{ 0.996743 0.99801  }</h2o></irga_span><irga_match><co2>{ 0.110267 7.184  }</co2><h2o>{ -0.0816591 0.0509857  }</h2o></irga_match><co2_mixer><pump_mv>4500</pump_mv><ppm>{ 2352.67 1117.67 439.284 266.3 121.188 70.6751 48.8233 48.8102  }</ppm><mv>{ 5000 3000 1500 1000 500 300 200 100  }</mv></co2_mixer><parin_offset>-0.211894</parin_offset><led_cal><unit>"SI-2503"</unit><mv>{ 10 25 50 100 1000 2000 3000 4000 5000  }</mv><qntm>{ 1.83047 9.20354 23.3042 57.5395 736.221 1467.2 2160.1 2821.48 3447.04  }</qntm></led_cal><lcf_cal><unit>"LCF-0981"</unit><red><mv>{ 50 100 200 400 800 1500  }</mv><qntm>{ 64.6036 145.758 312.409 661.73 1377.94 2641.23  }</qntm></red><blue><mv>{ 100 500 1000 2000 3000 4000 5000  }</mv><qntm>{ 11.107 44.4539 81.9578 145.168 203.372 256.093 300.56  }</qntm></blue></lcf_cal></user></li6400>
"14:51:23 "
$STARTOFDATA$
"Obs"	"HHMMSS"	"YYYYMMDD"	"DOY"	"EBal?"	"Photo"	"Cond"	"Ci"	"Trmmol"	"VpdL"	"CTleaf"	"Area"	"BLC_1"	"StmRat"	"BLCond"	"Tair"	"Tleaf"	"TBlk"	"CO2R"	"CO2S"	"H2OR"	"H2OS"	"RH_R"	"RH_S"	"Flow"	"PARi"	"PARo"	"Press"	"CsMch"	"HsMch"	"StableF"	"BLCslope"	"BLCoffst"	"f_parin"	"f_parout"	"alphaK"	"Status"
"14:51:46 Flow: Fixed -> 400 umol/s"
1	"14:52:08"	20180319	78	0	10.1	0.14	255	2.35	1.25	14.43	6	1.42	1	2.84	9.33	14.43	7.07	400.51	384.05	2.058	5.562	12.57	33.98	400.3	1699	1	71.96	7.23	0.0505	1.0	-0.22	2.74	1.00	0.00	0.16	111115
2	"14:52:08"	20180319	78	0	10.1	0.14	255	2.35	1.25	14.43	6	1.42	1	2.84	9.33	14.43	7.07	400.54	384.02	2.059	5.562	12.57	33.97	400.3	1700	1	71.96	7.23	0.0505	1.0	-0.22	2.74	1.00	0.00	0.16	111115
3	"14:52:09"	20180319	78	0	10.1	0.14	254	2.35	1.25	14.44	6	1.42	1	2.84	9.33	14.44	7.07	400.56	384.04	2.059	5.562	12.58	33.97	400.3	1700	1	71.96	7.23	0.0505	1.0	-0.22	2.74	1.00	0.00	0.16	111115
4	"14:52:09"	20180319	78	0	10.1	0.14	254	2.35	1.25	14.44	6	1.42	1	2.84	9.33	14.44	7.07	400.58	384.02	2.058	5.563	12.57	33.98	400.3	1700	2	71.96	7.23	0.0505	1.0	-0.22	2.74	1.00	0.00	0.16	111115
5	"14:52:10"	20180319	78	0	10.1	0.14	254	2.35	1.25	14.44	6	1.42	1	2.84	9.33	14.44	7.07	400.58	384.02	2.058	5.563	12.57	33.98	400.3	1700	2	71.96	7.23	0.0505	1.0	-0.22	2.74	1.00	0.00	0.16	111115
6	"14:52:10"	20180319	78	0	10.2	0.14	254	2.35	1.25	14.44	6	1.42	1	2.84	9.33	14.44	7.07	400.59	384.01	2.058	5.562	12.57	33.97	400.3	1700	2	71.96	7.23	0.0505	1.0	-0.22	2.74	1.00	0.00	0.16	111115
7	"14:52:11"	20180319	78	0	10.2	0.14	254	2.35	1.25	14.43	6	1.42	1	2.84	9.33	14.43	7.07	400.60	384.00	2.059	5.560	12.57	33.96	400.3	1700	2	71.96	7.23	0.0505	1.0	-0.22	2.74	1.00	0.00	0.16	111115
8	"14:52:11"	20180319	78	0	10.1	0.14	254	2.35	1.25	14.42	6	1.42	1	2.84	9.33	14.42	7.07	400.59	384.03	2.058	5.558	12.57	33.95	400.3	1700	2	71.96	7.23	0.0505	1.0	-0.22	2.74	1.00	0.00	0.16	111115
9	"14:52:12"	20180319	78	0	10.2	0.14	254	2.35	1.25	14.42	6	1.42	1	2.84	9.33	14.42	7.07	400.63	384.05	2.058	5.558	12.57	33.94	400.3	1700	2	71.96	7.23	0.0505	1.0	-0.22	2.74	1.00	0.00	0.16	111115
10	"14:52:12"	20180319	78	0	10.2	0.14	254	2.35	1.25	14.41	6	1.42	1	2.84	9.33	14.41	7.07	400.65	384.02	2.059	5.556	12.57	33.93	400.3	1700	2	71.96	7.23	0.0505	1.0	-0.22	2.74	1.00	0.00	0.16	111115
11	"14:52:13"	20180319	78	0	10.2	0.14	254	2.35	1.25	14.40	6	1.42	1	2.84	9.33	14.40	7.07	400.63	384.06	2.058	5.555	12.57	33.93	400.3	1700	2	71.96	7.23	0.0505	1.0	-0.22	2.74	1.00	0.00	0.16	111115
12	"14:52:13"	20180319	78	0	10.2	0.14	255	2.35	1.24	14.38	6	1.42	1	2.84	9.33	14.38	7.07	400.64	384.07	2.058	5.557	12.57	33.94	400.3	1700	2	71.96	7.23	0.0505	1.0	-0.22	2.74	1.00	0.00	0.16	111115
13	"14:52:14"	20180319	78	0	10.1	0.141	255	2.35	1.24	14.37	6	1.42	1	2.84	9.33	14.37	7.07	400.61	384.13	2.058	5.556	12.57	33.93	400.3	1700	2	71.96	7.23	0.0505	1.0	-0.22	2.74	1.00	0.00	0.16	111115
14	"14:52:14"	20180319	78	0	10.1	0.14	255	2.35	1.24	14.38	6	1.42	1	2.84	9.33	14.38	7.07	400.62	384.15	2.058	5.556	12.57	33.93	400.3	1700	2	71.96	7.23	0.0505	1.0	-0.22	2.74	1.00	0.00	0.16	111115
15	"14:52:15"	20180319	78	0	10.1	0.14	255	2.35	1.25	14.39	6	1.42	1	2.84	9.33	14.39	7.07	400.61	384.16	2.058	5.556	12.57	33.93	400.3	1700	2	71.96	7.23	0.0505	1.0	-0.22	2.74	1.00	0.00	0.16	111115
16	"14:52:15"	20180319	78	0	10.1	0.14	255	2.35	1.25	14.40	6	1.42	1	2.84	9.33	14.40	7.07	400.60	384.15	2.058	5.557	12.57	33.94	400.3	1700	2	71.96	7.23	0.0505	1.0	-0.22	2.74	1.00	0.00	0.16	111115
"14:52:23 Coolers: Tblock -> 12.00 C"
"14:53:59 Flow: Fixed -> 400 umol/s"
"14:56:43 Flow: Fixed -> 400 umol/s"
17	"14:56:50"	20180319	78	0	9.8	0.131	250	2.43	1.37	16.83	6	1.42	1	2.84	13.38	16.83	12.06	400.18	384.09	4.123	7.736	19.25	36.12	400.3	1700	1	71.95	7.39	0.0487	1.0	-0.22	2.74	1.00	0.00	0.16	111115
18	"14:56:51"	20180319	78	0	9.8	0.131	250	2.43	1.37	16.83	6	1.42	1	2.84	13.38	16.83	12.06	400.18	384.09	4.123	7.736	19.25	36.12	400.3	1700	1	71.95	7.39	0.0487	1.0	-0.22	2.74	1.00	0.00	0.16	111115
19	"14:56:51"	20180319	78	0	9.79	0.131	250	2.43	1.37	16.84	6	1.42	1	2.84	13.38	16.84	12.06	400.19	384.11	4.121	7.736	19.24	36.12	400.3	1700	1	71.95	7.39	0.0487	1.0	-0.22	2.74	1.00	0.00	0.16	111115
20	"14:56:52"	20180319	78	0	9.78	0.131	251	2.43	1.37	16.84	6	1.42	1	2.84	13.38	16.84	12.06	400.22	384.17	4.121	7.735	19.24	36.11	400.3	1700	1	71.95	7.39	0.0487	1.0	-0.22	2.74	1.00	0.00	0.16	111115
21	"14:56:52"	20180319	78	0	9.75	0.131	251	2.43	1.37	16.83	6	1.42	1	2.84	13.38	16.83	12.06	400.21	384.20	4.122	7.731	19.24	36.09	400.3	1700	1	71.95	7.39	0.0487	1.0	-0.22	2.74	1.00	0.00	0.16	111115
22	"14:56:53"	20180319	78	0	9.75	0.131	251	2.43	1.37	16.83	6	1.42	1	2.84	13.38	16.83	12.06	400.21	384.19	4.120	7.731	19.24	36.09	400.3	1700	1	71.95	7.39	0.0487	1.0	-0.22	2.74	1.00	0.00	0.16	111115
23	"14:56:53"	20180319	78	0	9.77	0.131	251	2.43	1.37	16.83	6	1.42	1	2.84	13.38	16.83	12.06	400.21	384.18	4.121	7.732	19.24	36.10	400.3	1700	1	71.95	7.39	0.0487	1.0	-0.22	2.74	1.00	0.00	0.16	111115
24	"14:56:54"	20180319	78	0	9.75	0.131	251	2.43	1.37	16.84	6	1.42	1	2.84	13.38	16.84	12.06	400.19	384.18	4.121	7.729	19.24	36.08	400.3	1700	1	71.95	7.39	0.0487	1.0	-0.22	2.74	1.00	0.00	0.16	111115
25	"14:56:54"	20180319	78	0	9.75	0.131	251	2.43	1.37	16.85	6	1.42	1	2.84	13.38	16.85	12.06	400.20	384.19	4.120	7.728	19.24	36.08	400.3	1700	1	71.95	7.39	0.0487	1.0	-0.22	2.74	1.00	0.00	0.16	111115
26	"14:56:55"	20180319	78	0	9.74	0.131	251	2.42	1.37	16.85	6	1.42	1	2.84	13.38	16.85	12.06	400.22	384.23	4.121	7.725	19.24	36.06	400.3	1700	1	71.95	7.39	0.0487	1.0	-0.22	2.74	1.00	0.00	0.16	111115
27	"14:56:55"	20180319	78	0	9.73	0.131	251	2.42	1.37	16.85	6	1.42	1	2.84	13.38	16.85	12.06	400.21	384.23	4.121	7.724	19.24	36.06	400.3	1700	1	71.95	7.39	0.0487	1.0	-0.22	2.74	1.00	0.00	0.16	111115
28	"14:56:56"	20180319	78	0	9.74	0.131	251	2.42	1.37	16.85	6	1.42	1	2.84	13.38	16.85	12.06	400.20	384.20	4.121	7.724	19.24	36.05	400.3	1700	1	71.95	7.39	0.0487	1.0	-0.22	2.74	1.00	0.00	0.16	111115
29	"14:56:56"	20180319	78	0	9.73	0.131	251	2.42	1.37	16.85	6	1.42	1	2.84	13.38	16.85	12.06	400.20	384.22	4.120	7.725	19.23	36.06	400.3	1700	1	71.95	7.39	0.0487	1.0	-0.22	2.74	1.00	0.00	0.16	111115
30	"14:56:57"	20180319	78	0	9.73	0.131	251	2.42	1.37	16.85	6	1.42	1	2.84	13.39	16.85	12.06	400.20	384.22	4.120	7.724	19.23	36.05	400.3	1700	1	71.95	7.39	0.0487	1.0	-0.22	2.74	1.00	0.00	0.16	111115
31	"14:56:58"	20180319	78	0	9.79	0.131	250	2.42	1.37	16.85	6	1.42	1	2.84	13.39	16.85	12.06	400.31	384.24	4.120	7.721	19.23	36.03	400.3	1700	1	71.95	7.39	0.0487	1.0	-0.22	2.74	1.00	0.00	0.16	111115
"14:57:09 Coolers: Tblock -> 17.00 C"
"15:02:28 Flow: Fixed -> 400 umol/s"
"15:03:03 Flow: Fixed -> 400 umol/s"
32	"15:03:13"	20180319	78	0	8.97	0.11	240	2.34	1.56	19.76	6	1.42	1	2.84	17.65	19.76	17.04	400.63	385.84	6.989	10.465	24.81	37.15	400.3	1700	1	71.94	7.65	0.0462	1.0	-0.22	2.74	1.00	0.00	0.16	111115
33	"15:03:13"	20180319	78	0	8.97	0.11	240	2.34	1.56	19.76	6	1.42	1	2.84	17.65	19.76	17.04	400.63	385.84	6.989	10.465	24.81	37.15	400.3	1700	1	71.94	7.65	0.0462	1.0	-0.22	2.74	1.00	0.00	0.16	111115
34	"15:03:14"	20180319	78	0	8.97	0.11	240	2.34	1.56	19.76	6	1.42	1	2.84	17.65	19.76	17.04	400.65	385.85	6.989	10.465	24.81	37.15	400.3	1700	1	71.94	7.65	0.0462	1.0	-0.22	2.74	1.00	0.00	0.16	111115
35	"15:03:14"	20180319	78	0	8.96	0.11	240	2.34	1.56	19.76	6	1.42	1	2.84	17.65	19.76	17.04	400.63	385.84	6.989	10.465	24.81	37.15	400.3	1700	1	71.94	7.65	0.0462	1.0	-0.22	2.74	1.00	0.00	0.16	111115
36	"15:03:15"	20180319	78	0	8.94	0.11	240	2.34	1.56	19.76	6	1.42	1	2.84	17.65	19.76	17.04	400.61	385.85	6.989	10.466	24.81	37.16	400.3	1700	1	71.94	7.65	0.0462	1.0	-0.22	2.74	1.00	0.00	0.16	111115
37	"15:03:15"	20180319	78	0	8.93	0.11	241	2.35	1.56	19.76	6	1.42	1	2.84	17.65	19.76	17.05	400.63	385.88	6.987	10.468	24.81	37.16	400.3	1700	1	71.94	7.65	0.0462	1.0	-0.22	2.74	1.00	0.00	0.16	111115
38	"15:03:16"	20180319	78	0	8.98	0.11	240	2.35	1.56	19.77	6	1.42	1	2.84	17.65	19.77	17.05	400.67	385.85	6.988	10.471	24.81	37.17	400.3	1700	1	71.94	7.65	0.0462	1.0	-0.22	2.74	1.00	0.00	0.16	111115
39	"15:03:16"	20180319	78	0	8.99	0.11	240	2.35	1.56	19.77	6	1.42	1	2.84	17.65	19.77	17.05	400.69	385.85	6.988	10.470	24.81	37.17	400.3	1700	1	71.93	7.65	0.0462	1.0	-0.22	2.74	1.00	0.00	0.16	111115
40	"15:03:17"	20180319	78	0	9	0.11	240	2.35	1.56	19.77	6	1.42	1	2.84	17.65	19.77	17.05	400.70	385.84	6.988	10.471	24.80	37.17	400.3	1700	1	71.94	7.65	0.0462	1.0	-0.22	2.74	1.00	0.00	0.16	111115
41	"15:03:17"	20180319	78	0	9.03	0.11	239	2.35	1.56	19.78	6	1.42	1	2.84	17.65	19.78	17.05	400.71	385.82	6.989	10.470	24.80	37.16	400.3	1700	1	71.93	7.65	0.0462	1.0	-0.22	2.74	1.00	0.00	0.16	111115
42	"15:03:18"	20180319	78	0	9.06	0.11	238	2.35	1.56	19.78	6	1.42	1	2.84	17.65	19.78	17.05	400.69	385.76	6.989	10.467	24.81	37.15	400.3	1700	1	71.94	7.65	0.0462	1.0	-0.22	2.74	1.00	0.00	0.16	111115
43	"15:03:18"	20180319	78	0	9.06	0.11	238	2.35	1.56	19.78	6	1.42	1	2.84	17.66	19.78	17.06	400.71	385.77	6.989	10.468	24.81	37.15	400.3	1700	1	71.94	7.65	0.0462	1.0	-0.22	2.74	1.00	0.00	0.16	111115
44	"15:03:20"	20180319	78	0	9.05	0.11	238	2.34	1.56	19.78	6	1.42	1	2.84	17.66	19.78	17.06	400.67	385.75	6.989	10.465	24.80	37.14	400.3	1700	1	71.93	7.65	0.0462	1.0	-0.22	2.74	1.00	0.00	0.16	111115
45	"15:03:20"	20180319	78	0	9.02	0.11	239	2.34	1.56	19.78	6	1.42	1	2.84	17.66	19.78	17.06	400.67	385.80	6.989	10.466	24.80	37.14	400.3	1700	1	71.93	7.65	0.0462	1.0	-0.22	2.74	1.00	0.00	0.16	111115
46	"15:03:20"	20180319	78	0	9.02	0.11	239	2.34	1.56	19.78	6	1.42	1	2.84	17.66	19.78	17.06	400.67	385.80	6.989	10.466	24.80	37.14	400.3	1700	1	71.93	7.65	0.0462	1.0	-0.22	2.74	1.00	0.00	0.16	111115
"15:03:28 Coolers: Tblock -> 22.00 C"
"15:06:31 Flow: Fixed -> 400 umol/s"
"15:07:26 Flow: Fixed -> 400 umol/s"
47	"15:07:46"	20180319	78	0	8.49	0.102	237	2.51	1.78	22.40	6	1.42	1	2.84	21.84	22.40	22.04	400.39	386.21	9.373	13.082	25.65	35.81	400.2	1700	1	71.93	8.48	0.017	1.0	-0.22	2.74	1.00	0.00	0.16	111115
48	"15:07:47"	20180319	78	0	8.48	0.102	237	2.51	1.78	22.40	6	1.42	1	2.84	21.84	22.40	22.04	400.37	386.20	9.372	13.082	25.65	35.81	400.2	1700	1	71.93	8.48	0.017	1.0	-0.22	2.74	1.00	0.00	0.16	111115
49	"15:07:47"	20180319	78	0	8.48	0.102	237	2.51	1.78	22.40	6	1.42	1	2.84	21.84	22.40	22.04	400.37	386.20	9.372	13.082	25.65	35.81	400.2	1700	1	71.93	8.48	0.017	1.0	-0.22	2.74	1.00	0.00	0.16	111115
50	"15:07:48"	20180319	78	0	8.53	0.102	236	2.51	1.78	22.40	6	1.42	1	2.84	21.84	22.40	22.04	400.41	386.17	9.373	13.083	25.65	35.81	400.2	1700	1	71.93	8.48	0.017	1.0	-0.22	2.74	1.00	0.00	0.16	111115
51	"15:07:48"	20180319	78	0	8.56	0.103	236	2.51	1.78	22.39	6	1.42	1	2.84	21.84	22.39	22.04	400.42	386.14	9.373	13.084	25.65	35.81	400.2	1700	1	71.93	8.48	0.017	1.0	-0.22	2.74	1.00	0.00	0.16	111115
52	"15:07:49"	20180319	78	0	8.6	0.103	235	2.51	1.78	22.39	6	1.42	1	2.84	21.84	22.39	22.04	400.46	386.11	9.374	13.085	25.65	35.81	400.2	1700	1	71.93	8.48	0.017	1.0	-0.22	2.74	1.00	0.00	0.16	111115
53	"15:07:49"	20180319	78	0	8.65	0.103	234	2.51	1.78	22.39	6	1.42	1	2.84	21.84	22.39	22.04	400.51	386.09	9.374	13.087	25.65	35.81	400.2	1700	1	71.93	8.48	0.017	1.0	-0.22	2.74	1.00	0.00	0.16	111115
54	"15:07:50"	20180319	78	0	8.67	0.103	234	2.51	1.78	22.39	6	1.42	1	2.84	21.85	22.39	22.04	400.52	386.08	9.376	13.086	25.66	35.81	400.3	1700	1	71.93	8.48	0.017	1.0	-0.22	2.74	1.00	0.00	0.16	111115
55	"15:07:50"	20180319	78	0	8.65	0.103	234	2.51	1.78	22.39	6	1.42	1	2.84	21.85	22.39	22.04	400.52	386.11	9.377	13.086	25.66	35.81	400.3	1700	1	71.93	8.48	0.017	1.0	-0.22	2.74	1.00	0.00	0.16	111115
56	"15:07:51"	20180319	78	0	8.6	0.102	235	2.51	1.78	22.39	6	1.42	1	2.84	21.85	22.39	22.04	400.48	386.15	9.377	13.083	25.66	35.80	400.3	1700	1	71.93	8.48	0.017	1.0	-0.22	2.74	1.00	0.00	0.16	111115
57	"15:07:51"	20180319	78	0	8.61	0.102	235	2.51	1.78	22.40	6	1.42	1	2.84	21.85	22.40	22.04	400.48	386.13	9.377	13.084	25.66	35.80	400.3	1700	1	71.93	8.48	0.017	1.0	-0.22	2.74	1.00	0.00	0.16	111115
58	"15:07:52"	20180319	78	0	8.61	0.102	235	2.51	1.78	22.41	6	1.42	1	2.84	21.85	22.41	22.04	400.47	386.11	9.377	13.086	25.65	35.80	400.3	1700	1	71.93	8.48	0.017	1.0	-0.22	2.74	1.00	0.00	0.16	111115
59	"15:07:52"	20180319	78	0	8.59	0.102	235	2.51	1.78	22.41	6	1.42	1	2.84	21.85	22.41	22.04	400.43	386.11	9.378	13.086	25.65	35.80	400.3	1700	1	71.93	8.48	0.017	1.0	-0.22	2.74	1.00	0.00	0.16	111115
60	"15:07:53"	20180319	78	0	8.53	0.102	236	2.51	1.78	22.42	6	1.42	1	2.84	21.85	22.42	22.04	400.37	386.13	9.377	13.084	25.65	35.79	400.3	1700	1	71.93	8.48	0.017	1.0	-0.22	2.74	1.00	0.00	0.16	111115
61	"15:07:54"	20180319	78	0	8.41	0.102	238	2.51	1.78	22.43	6	1.42	1	2.84	21.85	22.43	22.04	400.16	386.10	9.377	13.086	25.65	35.79	400.3	1700	1	71.93	8.48	0.017	1.0	-0.22	2.74	1.00	0.00	0.16	111115
"15:08:02 Coolers: Tblock -> 27.00 C"
"15:11:59 Flow: Fixed -> 400 umol/s"
"15:12:34 Flow: Fixed -> 400 umol/s"
62	"15:12:49"	20180319	78	0	8.1	0.0921	226	2.73	2.14	25.72	6	1.42	1	2.84	26.33	25.72	27.07	399.48	385.75	12.418	16.449	25.95	34.37	400.3	1700	1	71.91	9.47	-0.014	1.0	-0.22	2.74	1.00	0.00	0.16	111115
63	"15:12:50"	20180319	78	0	8.16	0.092	225	2.73	2.14	25.72	6	1.42	1	2.84	26.33	25.72	27.07	399.55	385.74	12.419	16.448	25.95	34.37	400.3	1700	1	71.91	9.47	-0.014	1.0	-0.22	2.74	1.00	0.00	0.16	111115
64	"15:12:50"	20180319	78	0	8.23	0.092	224	2.73	2.14	25.72	6	1.42	1	2.84	26.34	25.72	27.07	399.65	385.73	12.418	16.448	25.95	34.36	400.3	1700	1	71.91	9.47	-0.014	1.0	-0.22	2.74	1.00	0.00	0.16	111115
65	"15:12:51"	20180319	78	0	8.28	0.0921	223	2.73	2.14	25.72	6	1.42	1	2.84	26.34	25.72	27.07	399.75	385.76	12.417	16.449	25.94	34.36	400.3	1700	1	71.91	9.47	-0.014	1.0	-0.22	2.74	1.00	0.00	0.16	111115
66	"15:12:51"	20180319	78	0	8.28	0.092	223	2.73	2.14	25.72	6	1.42	1	2.84	26.34	25.72	27.07	399.81	385.81	12.417	16.445	25.94	34.35	400.3	1700	1	71.91	9.47	-0.014	1.0	-0.22	2.74	1.00	0.00	0.16	111115
67	"15:12:52"	20180319	78	0	8.3	0.0919	222	2.73	2.14	25.72	6	1.42	1	2.84	26.34	25.72	27.07	399.90	385.87	12.417	16.445	25.94	34.35	400.3	1700	1	71.91	9.47	-0.014	1.0	-0.22	2.74	1.00	0.00	0.16	111115
68	"15:12:52"	20180319	78	0	8.28	0.092	223	2.73	2.14	25.72	6	1.42	1	2.84	26.34	25.72	27.07	399.92	385.93	12.417	16.447	25.94	34.35	400.3	1700	1	71.91	9.47	-0.014	1.0	-0.22	2.74	1.00	0.00	0.16	111115
69	"15:12:53"	20180319	78	0	8.29	0.092	223	2.73	2.14	25.73	6	1.42	1	2.84	26.34	25.73	27.07	399.96	385.95	12.417	16.448	25.93	34.35	400.3	1700	1	71.91	9.47	-0.014	1.0	-0.22	2.74	1.00	0.00	0.16	111115
70	"15:12:53"	20180319	78	0	8.24	0.092	224	2.73	2.14	25.73	6	1.42	1	2.84	26.34	25.73	27.07	399.95	386.02	12.418	16.450	25.93	34.35	400.3	1700	1	71.91	9.47	-0.014	0.7	-0.22	2.74	1.00	0.00	0.16	111115
71	"15:12:54"	20180319	78	0	8.15	0.092	226	2.74	2.14	25.73	6	1.42	1	2.84	26.35	25.73	27.07	399.93	386.13	12.416	16.449	25.93	34.35	400.3	1700	1	71.91	9.47	-0.014	0.7	-0.22	2.74	1.00	0.00	0.16	111115
72	"15:12:55"	20180319	78	0	8.12	0.092	226	2.74	2.14	25.74	6	1.42	1	2.84	26.35	25.74	27.07	399.93	386.18	12.416	16.450	25.92	34.35	400.3	1700	1	71.91	9.47	-0.014	0.7	-0.22	2.74	1.00	0.00	0.16	111115
73	"15:12:55"	20180319	78	0	8.11	0.0919	226	2.74	2.14	25.74	6	1.42	1	2.84	26.35	25.74	27.07	399.96	386.23	12.417	16.450	25.92	34.34	400.3	1700	1	71.91	9.47	-0.014	0.7	-0.22	2.74	1.00	0.00	0.16	111115
74	"15:12:57"	20180319	78	0	8.04	0.0917	227	2.73	2.14	25.75	6	1.42	1	2.84	26.35	25.75	27.07	400.04	386.40	12.418	16.447	25.92	34.33	400.3	1700	1	71.91	9.47	-0.014	0.7	-0.22	2.74	1.00	0.00	0.16	111115
75	"15:12:57"	20180319	78	0	8.04	0.0917	227	2.73	2.14	25.75	6	1.42	1	2.84	26.35	25.75	27.07	400.04	386.40	12.418	16.447	25.92	34.33	400.3	1700	1	71.91	9.47	-0.014	0.7	-0.22	2.74	1.00	0.00	0.16	111115
76	"15:12:58"	20180319	78	0	8.06	0.0917	227	2.73	2.14	25.76	6	1.42	1	2.84	26.36	25.76	27.08	400.07	386.41	12.417	16.448	25.91	34.33	400.3	1700	1	71.91	9.47	-0.014	0.7	-0.22	2.74	1.00	0.00	0.16	111115
"15:13:05 Coolers: Tblock -> 32.00 C"
"15:19:55 Flow: Fixed -> 400 umol/s"
77	"15:20:07"	20180319	78	0	6.81	0.0781	226	2.89	2.62	29.50	6	1.42	1	2.84	31.10	29.50	32.06	399.31	387.41	16.830	21.069	26.67	33.38	400.2	1700	1	71.9	10.3	-0.0575	1.0	-0.22	2.74	1.00	0.00	0.16	111115
78	"15:20:08"	20180319	78	0	6.81	0.0781	226	2.89	2.62	29.50	6	1.42	1	2.84	31.10	29.50	32.06	399.31	387.41	16.830	21.069	26.67	33.38	400.2	1700	1	71.9	10.3	-0.0575	1.0	-0.22	2.74	1.00	0.00	0.16	111115
79	"15:20:08"	20180319	78	0	6.86	0.0781	225	2.89	2.63	29.50	6	1.42	1	2.84	31.10	29.50	32.06	399.33	387.36	16.830	21.069	26.67	33.38	400.2	1700	1	71.9	10.3	-0.0575	1.0	-0.22	2.74	1.00	0.00	0.16	111115
80	"15:20:09"	20180319	78	0	6.86	0.0781	225	2.89	2.62	29.50	6	1.42	1	2.84	31.10	29.50	32.06	399.31	387.35	16.831	21.070	26.67	33.38	400.2	1700	1	71.9	10.3	-0.0575	1.0	-0.22	2.74	1.00	0.00	0.16	111115
81	"15:20:09"	20180319	78	0	6.9	0.0781	224	2.89	2.62	29.50	6	1.42	1	2.84	31.10	29.50	32.06	399.30	387.29	16.830	21.068	26.66	33.38	400.2	1700	1	71.9	10.3	-0.0575	1.0	-0.22	2.74	1.00	0.00	0.16	111115
82	"15:20:10"	20180319	78	0	6.9	0.0781	224	2.89	2.62	29.50	6	1.42	1	2.84	31.10	29.50	32.06	399.30	387.27	16.830	21.068	26.66	33.38	400.2	1700	1	71.9	10.3	-0.0575	1.0	-0.22	2.74	1.00	0.00	0.16	111115
83	"15:20:10"	20180319	78	0	6.9	0.078	224	2.89	2.62	29.50	6	1.42	1	2.84	31.10	29.50	32.06	399.32	387.31	16.832	21.066	26.67	33.37	400.2	1700	1	71.9	10.3	-0.0575	1.0	-0.22	2.74	1.00	0.00	0.16	111115
84	"15:20:11"	20180319	78	0	6.93	0.0781	223	2.89	2.62	29.49	6	1.42	1	2.84	31.10	29.49	32.06	399.35	387.28	16.833	21.069	26.67	33.38	400.2	1700	1	71.9	10.3	-0.0575	1.0	-0.22	2.74	1.00	0.00	0.16	111115
85	"15:20:11"	20180319	78	0	6.9	0.078	224	2.88	2.62	29.49	6	1.42	1	2.84	31.11	29.49	32.05	399.31	387.28	16.834	21.065	26.67	33.37	400.2	1700	1	71.9	10.3	-0.0575	1.0	-0.22	2.74	1.00	0.00	0.16	111115
86	"15:20:12"	20180319	78	0	6.9	0.078	224	2.88	2.62	29.49	6	1.42	1	2.84	31.11	29.49	32.05	399.29	387.27	16.835	21.065	26.67	33.37	400.2	1700	1	71.9	10.3	-0.0575	1.0	-0.22	2.74	1.00	0.00	0.16	111115
87	"15:20:13"	20180319	78	0	6.88	0.0781	224	2.88	2.62	29.49	6	1.42	1	2.84	31.11	29.49	32.05	399.28	387.30	16.835	21.067	26.67	33.37	400.2	1700	1	71.9	10.3	-0.0575	1.0	-0.22	2.74	1.00	0.00	0.16	111115
88	"15:20:13"	20180319	78	0	6.84	0.0781	225	2.89	2.62	29.49	6	1.42	1	2.84	31.11	29.49	32.05	399.27	387.34	16.835	21.071	26.67	33.38	400.2	1700	1	71.9	10.3	-0.0575	1.0	-0.22	2.74	1.00	0.00	0.16	111115
89	"15:20:14"	20180319	78	0	6.81	0.0782	226	2.89	2.62	29.49	6	1.42	1	2.84	31.11	29.49	32.05	399.24	387.36	16.834	21.072	26.67	33.38	400.2	1700	1	71.9	10.3	-0.0575	1.0	-0.22	2.74	1.00	0.00	0.16	111115
90	"15:20:14"	20180319	78	0	6.77	0.0782	227	2.89	2.62	29.49	6	1.42	1	2.84	31.11	29.49	32.05	399.19	387.36	16.835	21.077	26.67	33.39	400.2	1700	1	71.9	10.3	-0.0575	1.0	-0.22	2.74	1.00	0.00	0.16	111115
91	"15:20:15"	20180319	78	0	6.72	0.0781	228	2.89	2.62	29.49	6	1.42	1	2.84	31.11	29.49	32.05	399.10	387.34	16.833	21.071	26.67	33.38	400.2	1700	1	71.9	10.3	-0.0575	1.0	-0.22	2.74	1.00	0.00	0.16	111115
92	"15:20:15"	20180319	78	0	6.77	0.0782	227	2.89	2.62	29.49	6	1.42	1	2.84	31.11	29.49	32.05	399.15	387.32	16.833	21.073	26.67	33.38	400.2	1700	1	71.9	10.3	-0.0575	1.0	-0.22	2.74	1.00	0.00	0.16	111115
93	"15:20:16"	20180319	78	0	6.77	0.0782	227	2.89	2.62	29.50	6	1.42	1	2.84	31.11	29.50	32.05	399.16	387.32	16.832	21.075	26.67	33.39	400.2	1700	1	71.9	10.3	-0.0575	1.0	-0.22	2.74	1.00	0.00	0.16	111115
"15:20:23 Coolers: Tblock -> 37.00 C"
"15:23:53 Flow: Fixed -> 400 umol/s"
"15:24:36 Flow: Fixed -> 400 umol/s"
94	"15:24:53"	20180319	78	0	6.12	0.0727	230	2.97	2.87	32.36	6	1.42	1	2.84	35.53	32.36	37.05	399.33	388.42	23.561	27.891	29.12	34.47	400.2	1700	1	71.89	11.6	-0.193	1.0	-0.22	2.74	1.00	0.00	0.16	111115
95	"15:24:53"	20180319	78	0	6.12	0.0727	230	2.97	2.87	32.36	6	1.42	1	2.84	35.53	32.36	37.05	399.33	388.42	23.561	27.891	29.12	34.47	400.2	1700	1	71.89	11.6	-0.193	1.0	-0.22	2.74	1.00	0.00	0.16	111115
96	"15:24:54"	20180319	78	0	6.12	0.0727	230	2.97	2.87	32.35	6	1.42	1	2.84	35.54	32.35	37.05	399.27	388.36	23.562	27.891	29.12	34.47	400.2	1700	1	71.89	11.6	-0.193	1.0	-0.22	2.74	1.00	0.00	0.16	111115
97	"15:24:54"	20180319	78	0	6.12	0.0727	230	2.97	2.87	32.35	6	1.42	1	2.84	35.54	32.35	37.05	399.27	388.36	23.562	27.891	29.12	34.47	400.2	1700	1	71.89	11.6	-0.193	1.0	-0.22	2.74	1.00	0.00	0.16	111115
98	"15:24:55"	20180319	78	0	6.13	0.0729	230	2.97	2.86	32.34	6	1.42	1	2.84	35.54	32.34	37.05	399.25	388.33	23.563	27.894	29.12	34.47	400.2	1700	1	71.89	11.6	-0.193	1.0	-0.22	2.74	1.00	0.00	0.16	111115
99	"15:24:55"	20180319	78	0	6.09	0.073	231	2.97	2.86	32.34	6	1.42	1	2.84	35.54	32.34	37.05	399.19	388.33	23.562	27.896	29.11	34.47	400.2	1700	1	71.89	11.6	-0.193	1.0	-0.22	2.74	1.00	0.00	0.16	111115
100	"15:24:56"	20180319	78	0	6.09	0.073	231	2.97	2.86	32.34	6	1.42	1	2.84	35.54	32.34	37.05	399.16	388.30	23.561	27.895	29.11	34.47	400.2	1700	1	71.89	11.6	-0.193	1.0	-0.22	2.74	1.00	0.00	0.16	111115
101	"15:24:56"	20180319	78	0	6.08	0.073	232	2.97	2.86	32.33	6	1.42	1	2.84	35.54	32.33	37.05	399.13	388.29	23.561	27.897	29.11	34.47	400.2	1700	1	71.89	11.6	-0.193	1.0	-0.22	2.74	1.00	0.00	0.16	111115
102	"15:24:57"	20180319	78	0	6.09	0.0729	231	2.97	2.86	32.34	6	1.42	1	2.84	35.54	32.34	37.05	399.10	388.25	23.562	27.897	29.11	34.47	400.2	1700	1	71.89	11.6	-0.193	1.0	-0.22	2.74	1.00	0.00	0.16	111115
103	"15:24:57"	20180319	78	0	6.08	0.0728	231	2.97	2.87	32.36	6	1.42	1	2.84	35.54	32.36	37.05	399.05	388.22	23.563	27.895	29.11	34.46	400.2	1700	1	71.89	11.6	-0.193	1.0	-0.22	2.74	1.00	0.00	0.16	111115
104	"15:24:58"	20180319	78	0	6.11	0.0727	230	2.97	2.87	32.37	6	1.42	1	2.84	35.54	32.37	37.05	399.06	388.18	23.562	27.894	29.11	34.46	400.2	1700	1	71.89	11.6	-0.193	1.0	-0.22	2.74	1.00	0.00	0.16	111115
105	"15:24:58"	20180319	78	0	6.13	0.0726	230	2.97	2.87	32.37	6	1.42	1	2.84	35.54	32.37	37.05	399.08	388.17	23.561	27.892	29.10	34.45	400.2	1700	1	71.89	11.6	-0.193	0.7	-0.22	2.74	1.00	0.00	0.16	111115
106	"15:24:59"	20180319	78	0	6.25	0.0725	227	2.97	2.88	32.39	6	1.42	1	2.84	35.55	32.39	37.05	399.16	388.06	23.563	27.893	29.10	34.45	400.2	1700	1	71.89	11.6	-0.193	0.7	-0.22	2.74	1.00	0.00	0.16	111115
107	"15:25:00"	20180319	78	0	6.25	0.0725	227	2.97	2.88	32.39	6	1.42	1	2.84	35.55	32.39	37.05	399.16	388.06	23.563	27.893	29.10	34.45	400.2	1700	1	71.89	11.6	-0.193	0.7	-0.22	2.74	1.00	0.00	0.16	111115
108	"15:25:00"	20180319	78	0	6.27	0.0726	226	2.97	2.88	32.39	6	1.42	1	2.84	35.55	32.39	37.05	399.19	388.06	23.563	27.895	29.10	34.45	400.2	1700	1	71.89	11.6	-0.193	0.7	-0.22	2.74	1.00	0.00	0.16	111115
109	"15:25:01"	20180319	78	0	6.31	0.0726	225	2.97	2.88	32.39	6	1.42	1	2.84	35.55	32.39	37.05	399.21	388.02	23.562	27.896	29.10	34.45	400.2	1700	1	71.89	11.6	-0.193	0.7	-0.22	2.74	1.00	0.00	0.16	111115
"15:25:09 Coolers: Tblock -> 42.00 C"
"15:26:41 Lamp: ParIn ->  1700 uml"
"15:26:41 CO2 Mixer: CO2R -> 400 uml"
"15:26:41 Coolers: Tblock -> 42.00 C"
"15:26:41 Flow: Fixed -> 400 umol/s"
"15:27:02 Flow: Fixed -> 400 umol/s"
"15:28:22 Flow: Fixed -> 400 umol/s"
110	"15:28:24"	20180319	78	0	5.14	0.0646	235	3.12	3.36	34.83	6	1.42	1	2.84	39.87	34.83	41.96	399.08	389.55	26.622	31.152	25.99	30.42	400.3	1698	1	71.89	12.7	-0.295	1.0	-0.22	2.74	1.00	0.00	0.16	111115
111	"15:28:24"	20180319	78	0	5.31	0.066	234	3.18	3.35	34.83	6	1.42	1	2.84	39.87	34.83	41.96	399.32	389.49	26.535	31.156	25.91	30.42	400.3	1698	1	71.89	12.7	-0.295	1.0	-0.22	2.74	1.00	0.00	0.16	111115
112	"15:28:25"	20180319	78	0	5.31	0.066	234	3.18	3.35	34.83	6	1.42	1	2.84	39.87	34.83	41.96	399.32	389.49	26.535	31.156	25.91	30.42	400.3	1698	1	71.89	12.7	-0.295	1.0	-0.22	2.74	1.00	0.00	0.16	111115
113	"15:28:25"	20180319	78	0	5.31	0.066	234	3.18	3.35	34.83	6	1.42	1	2.84	39.87	34.83	41.96	399.32	389.49	26.535	31.156	25.91	30.42	400.3	1698	1	71.89	12.7	-0.295	1.0	-0.22	2.74	1.00	0.00	0.16	111115
114	"15:28:25"	20180319	78	0	5.38	0.0668	234	3.22	3.35	34.82	6	1.42	1	2.84	39.87	34.82	41.95	399.42	389.47	26.479	31.155	25.86	30.42	400.3	1698	1	71.89	12.7	-0.295	1.0	-0.22	2.74	1.00	0.00	0.16	111115
115	"15:28:26"	20180319	78	0	5.43	0.0674	233	3.25	3.35	34.82	6	1.42	1	2.84	39.87	34.82	41.95	399.50	389.46	26.437	31.153	25.82	30.42	400.3	1698	1	71.89	12.7	-0.295	1.0	-0.22	2.74	1.00	0.00	0.16	111115
116	"15:28:26"	20180319	78	0	5.46	0.0679	234	3.27	3.35	34.83	6	1.42	1	2.84	39.87	34.83	41.94	399.56	389.47	26.406	31.155	25.79	30.42	400.3	1699	1	71.89	12.7	-0.295	1.0	-0.22	2.74	1.00	0.00	0.16	111115
117	"15:28:27"	20180319	78	0	5.69	0.0707	234	3.41	3.35	34.82	6	1.42	1	2.84	39.87	34.82	41.93	400.01	389.50	26.208	31.154	25.60	30.43	400.3	1699	1	71.89	12.7	-0.295	1.0	-0.22	2.74	1.00	0.00	0.16	111115
118	"15:28:27"	20180319	78	0	5.74	0.0709	233	3.42	3.35	34.83	6	1.42	1	2.84	39.86	34.83	41.92	400.07	389.47	26.192	31.152	25.58	30.43	400.3	1699	1	71.89	12.7	-0.295	1.0	-0.22	2.74	1.00	0.00	0.16	111115
119	"15:28:27"	20180319	78	0	5.74	0.0709	233	3.42	3.35	34.83	6	1.42	1	2.84	39.86	34.83	41.92	400.07	389.47	26.192	31.152	25.58	30.43	400.3	1699	1	71.89	12.7	-0.295	1.0	-0.22	2.74	1.00	0.00	0.16	111115
120	"15:28:28"	20180319	78	0	5.78	0.0709	232	3.42	3.36	34.83	6	1.42	1	2.84	39.86	34.83	41.91	400.10	389.44	26.189	31.152	25.58	30.43	400.2	1699	1	71.89	12.7	-0.295	1.0	-0.22	2.74	1.00	0.00	0.16	111115
121	"15:28:28"	20180319	78	0	5.75	0.071	233	3.42	3.36	34.83	6	1.42	1	2.84	39.86	34.83	41.90	400.10	389.48	26.189	31.154	25.58	30.44	400.2	1699	1	71.89	12.7	-0.295	1.0	-0.22	2.74	1.00	0.00	0.16	111115
122	"15:28:29"	20180319	78	0	5.71	0.071	234	3.42	3.36	34.83	6	1.42	1	2.84	39.86	34.83	41.89	400.06	389.51	26.189	31.153	25.59	30.44	400.2	1699	1	71.89	12.7	-0.295	1.0	-0.22	2.74	1.00	0.00	0.16	111115
123	"15:28:29"	20180319	78	0	5.7	0.071	234	3.42	3.35	34.83	6	1.42	1	2.84	39.85	34.83	41.87	400.06	389.52	26.189	31.154	25.60	30.45	400.2	1700	1	71.89	12.7	-0.295	1.0	-0.22	2.74	1.00	0.00	0.16	111115
124	"15:28:30"	20180319	78	0	5.69	0.071	234	3.42	3.35	34.82	6	1.42	1	2.84	39.85	34.82	41.87	400.06	389.53	26.189	31.151	25.60	30.45	400.2	1700	1	71.89	12.7	-0.295	1.0	-0.22	2.74	1.00	0.00	0.16	111115
"15:28:38 Coolers: Tblock -> 47.00 C"
"15:31:09 Flow: Fixed -> 400 umol/s"
125	"15:31:27"	20180319	78	0	4.77	0.0718	251	4.11	3.97	36.91	6	1.42	1	2.84	44.14	36.91	47.06	399.43	389.87	26.077	32.045	20.33	24.98	400.2	1699	1	71.88	14.1	-0.355	1.0	-0.22	2.74	1.00	0.00	0.16	111115
126	"15:31:28"	20180319	78	0	4.77	0.0718	251	4.11	3.97	36.91	6	1.42	1	2.84	44.14	36.91	47.06	399.43	389.87	26.077	32.045	20.33	24.98	400.2	1699	1	71.88	14.1	-0.355	1.0	-0.22	2.74	1.00	0.00	0.16	111115
127	"15:31:28"	20180319	78	0	4.77	0.0718	251	4.11	3.97	36.91	6	1.42	1	2.84	44.14	36.91	47.06	399.43	389.87	26.077	32.045	20.33	24.98	400.2	1699	1	71.88	14.1	-0.355	1.0	-0.22	2.74	1.00	0.00	0.16	111115
128	"15:31:28"	20180319	78	0	4.8	0.0718	250	4.11	3.97	36.91	6	1.42	1	2.84	44.15	36.91	47.06	399.38	389.78	26.076	32.046	20.33	24.98	400.2	1699	1	71.88	14.1	-0.355	1.0	-0.22	2.74	1.00	0.00	0.16	111115
129	"15:31:29"	20180319	78	0	4.85	0.0717	249	4.11	3.97	36.92	6	1.42	1	2.84	44.15	36.92	47.06	399.37	389.70	26.076	32.046	20.32	24.98	400.2	1699	1	71.88	14.1	-0.355	1.0	-0.22	2.74	1.00	0.00	0.16	111115
130	"15:31:29"	20180319	78	0	4.84	0.0717	249	4.11	3.98	36.93	6	1.42	1	2.84	44.15	36.93	47.05	399.35	389.69	26.076	32.045	20.32	24.97	400.2	1699	1	71.88	14.1	-0.355	1.0	-0.22	2.74	1.00	0.00	0.16	111115
131	"15:31:30"	20180319	78	0	4.84	0.0717	249	4.11	3.98	36.93	6	1.42	1	2.84	44.15	36.93	47.05	399.35	389.69	26.076	32.045	20.32	24.97	400.2	1699	1	71.88	14.1	-0.355	1.0	-0.22	2.74	1.00	0.00	0.16	111115
132	"15:31:30"	20180319	78	0	4.87	0.0717	249	4.11	3.98	36.93	6	1.42	1	2.84	44.15	36.93	47.06	399.35	389.65	26.074	32.044	20.32	24.97	400.2	1699	1	71.88	14.1	-0.355	0.7	-0.22	2.74	1.00	0.00	0.16	111115
133	"15:31:30"	20180319	78	0	4.89	0.0717	248	4.11	3.98	36.93	6	1.42	1	2.84	44.15	36.93	47.06	399.35	389.61	26.073	32.044	20.32	24.97	400.2	1699	1	71.88	14.1	-0.355	0.7	-0.22	2.74	1.00	0.00	0.16	111115
134	"15:31:31"	20180319	78	0	4.93	0.0717	247	4.11	3.97	36.92	6	1.42	1	2.84	44.16	36.92	47.06	399.35	389.56	26.074	32.043	20.31	24.96	400.2	1699	1	71.88	14.1	-0.355	0.7	-0.22	2.74	1.00	0.00	0.16	111115
135	"15:31:31"	20180319	78	0	4.93	0.0717	247	4.11	3.97	36.92	6	1.42	1	2.84	44.16	36.92	47.06	399.35	389.56	26.074	32.043	20.31	24.96	400.2	1699	1	71.88	14.1	-0.355	0.7	-0.22	2.74	1.00	0.00	0.16	111115
136	"15:31:32"	20180319	78	0	5.03	0.0718	245	4.12	3.97	36.92	6	1.42	1	2.84	44.16	36.92	47.07	399.46	389.51	26.073	32.049	20.31	24.96	400.3	1699	1	71.88	14.1	-0.355	0.7	-0.22	2.74	1.00	0.00	0.16	111115
137	"15:31:33"	20180319	78	0	5.05	0.0718	245	4.12	3.97	36.92	6	1.42	1	2.84	44.17	36.92	47.07	399.46	389.49	26.072	32.048	20.30	24.96	400.2	1699	1	71.88	14.1	-0.355	0.7	-0.22	2.74	1.00	0.00	0.16	111115
138	"15:31:33"	20180319	78	0	5.05	0.0719	245	4.12	3.97	36.92	6	1.42	1	2.84	44.17	36.92	47.07	399.45	389.47	26.071	32.052	20.30	24.95	400.2	1699	1	71.88	14.1	-0.355	0.7	-0.22	2.74	1.00	0.00	0.16	111115
139	"15:31:33"	20180319	78	0	5.05	0.0719	245	4.12	3.97	36.92	6	1.42	1	2.84	44.17	36.92	47.07	399.45	389.47	26.071	32.052	20.30	24.95	400.2	1699	1	71.88	14.1	-0.355	0.7	-0.22	2.74	1.00	0.00	0.16	111115
140	"15:31:34"	20180319	78	0	5.1	0.0717	243	4.12	3.98	36.94	6	1.42	1	2.84	44.17	36.94	47.07	399.47	389.41	26.073	32.054	20.29	24.95	400.2	1699	1	71.88	14.1	-0.355	0.7	-0.22	2.74	1.00	0.00	0.16	111115
"15:31:43 Coolers: Tblock -> 50.00 C"
"15:33:49 Flow: Fixed -> 400 umol/s"
141	"15:33:54"	20180319	78	0	4.24	0.0747	264	4.77	4.41	38.33	6	1.42	1	2.84	46.65	38.33	49.74	399.53	390.39	25.977	32.894	17.80	22.54	400.3	1700	1	71.88	14.6	-0.383	1.0	-0.22	2.74	1.00	0.00	0.16	111115
142	"15:33:54"	20180319	78	0	4.23	0.0748	264	4.78	4.41	38.33	6	1.42	1	2.84	46.65	38.33	49.74	399.56	390.42	25.972	32.897	17.80	22.54	400.3	1700	1	71.88	14.6	-0.383	1.0	-0.22	2.74	1.00	0.00	0.16	111115
143	"15:33:55"	20180319	78	0	4.23	0.0748	264	4.78	4.41	38.33	6	1.42	1	2.84	46.65	38.33	49.74	399.56	390.42	25.972	32.897	17.80	22.54	400.3	1700	1	71.88	14.6	-0.383	1.0	-0.22	2.74	1.00	0.00	0.16	111115
144	"15:33:55"	20180319	78	0	4.21	0.0747	264	4.78	4.42	38.34	6	1.42	1	2.84	46.66	38.34	49.74	399.55	390.45	25.972	32.898	17.79	22.54	400.3	1700	1	71.88	14.6	-0.383	1.0	-0.22	2.74	1.00	0.00	0.16	111115
145	"15:33:56"	20180319	78	0	4.2	0.0747	264	4.78	4.42	38.35	6	1.42	1	2.84	46.66	38.35	49.74	399.54	390.44	25.971	32.897	17.79	22.53	400.2	1700	1	71.88	14.6	-0.383	1.0	-0.22	2.74	1.00	0.00	0.16	111115
146	"15:33:56"	20180319	78	0	4.19	0.0748	265	4.78	4.42	38.34	6	1.42	1	2.84	46.66	38.34	49.74	399.51	390.44	25.971	32.900	17.79	22.53	400.3	1701	1	71.88	14.6	-0.383	1.0	-0.22	2.74	1.00	0.00	0.16	111115
147	"15:33:56"	20180319	78	0	4.19	0.0748	265	4.78	4.42	38.34	6	1.42	1	2.84	46.66	38.34	49.74	399.51	390.44	25.971	32.900	17.79	22.53	400.3	1701	1	71.88	14.6	-0.383	1.0	-0.22	2.74	1.00	0.00	0.16	111115
148	"15:33:57"	20180319	78	0	4.19	0.0749	265	4.78	4.41	38.33	6	1.42	1	2.84	46.66	38.33	49.74	399.50	390.41	25.971	32.904	17.79	22.53	400.2	1701	1	71.88	14.6	-0.383	1.0	-0.22	2.74	1.00	0.00	0.16	111115
149	"15:33:57"	20180319	78	0	4.23	0.0748	264	4.78	4.42	38.34	6	1.42	1	2.84	46.66	38.34	49.74	399.55	390.41	25.971	32.904	17.78	22.53	400.2	1701	1	71.88	14.6	-0.383	1.0	-0.22	2.74	1.00	0.00	0.16	111115
150	"15:33:58"	20180319	78	0	4.24	0.0748	263	4.78	4.42	38.35	6	1.42	1	2.84	46.67	38.35	49.74	399.56	390.39	25.970	32.905	17.78	22.53	400.2	1701	1	71.88	14.6	-0.383	1.0	-0.22	2.74	1.00	0.00	0.16	111115
151	"15:33:58"	20180319	78	0	4.32	0.0747	262	4.78	4.42	38.34	6	1.42	1	2.84	46.67	38.34	49.74	399.61	390.33	25.971	32.899	17.78	22.52	400.2	1701	1	71.88	14.6	-0.383	1.0	-0.22	2.74	1.00	0.00	0.16	111115
152	"15:33:59"	20180319	78	0	4.33	0.0747	261	4.78	4.42	38.34	6	1.42	1	2.84	46.67	38.34	49.74	399.63	390.33	25.971	32.899	17.78	22.52	400.2	1701	1	71.88	14.6	-0.383	1.0	-0.22	2.74	1.00	0.00	0.16	111115
153	"15:33:59"	20180319	78	0	4.33	0.0747	261	4.78	4.42	38.35	6	1.42	1	2.84	46.68	38.35	49.74	399.65	390.36	25.969	32.901	17.77	22.52	400.2	1701	1	71.88	14.6	-0.383	1.0	-0.22	2.74	1.00	0.00	0.16	111115
154	"15:34:00"	20180319	78	0	4.33	0.0747	261	4.78	4.42	38.35	6	1.42	1	2.84	46.68	38.35	49.74	399.65	390.36	25.969	32.901	17.77	22.52	400.2	1701	1	71.88	14.6	-0.383	1.0	-0.22	2.74	1.00	0.00	0.16	111115
155	"15:34:01"	20180319	78	0	4.34	0.0747	261	4.78	4.42	38.36	6	1.42	1	2.84	46.68	38.36	49.74	399.71	390.40	25.968	32.898	17.77	22.51	400.2	1701	1	71.88	14.6	-0.383	1.0	-0.22	2.74	1.00	0.00	0.16	111115
