"OPEN 6.3.4"
"Mon Mar 19 2018 16:35:37"
<open><version>"6.3.4"</version></open>
<open><configfile>"/User/Configs/UserPrefs/LED2x3.xml"</configfile></open>
<open><light><source>"6400-02 or -02B LED Source"</source><par_in>1<sensor>"SI-2503"<cal>-0.86<actinity>1.00</actinity><transm>1.00</transm></cal></sensor><transm>1</transm></par_in><par_out>1<sensor>"Q40491"<cal>6.5</cal></sensor></par_out></light></open>
<open><comps><file>"/User/Configs/Comps/StdComps_6.1"<header>""</header><extras></extras></file><energybal>no<f_parIn>1</f_parIn><f_parOut>0</f_parOut><alphaK>0.16</alphaK></energybal><bc_total>2.840<stomatal_ratio>1</stomatal_ratio><bc_oneside>1.420<type>2</type><table>"/Sys/Lib/StdBLCTable"</table><area>6</area><slope>-0.219565</slope><offset>2.73739</offset><fan>5</fan></bc_oneside></bc_total></comps></open>
<open><prompts><onlog>off</onlog><items>"Default (none)"</items></prompts></open>
<open><constants><oxygen>21 %</oxygen><bb_vapor>1.5</bb_vapor><bb_oxy>0.9</bb_oxy></constants></open>
<open><stability><items>"Std Stability"<items[1]><id>-2</id><size>15</size><pcv><onoff>0</onoff><value>1</value></pcv><std><onoff>0</onoff><value>1</value></std><slp><onoff>1</onoff><value>1</value></slp></items[1]><items[2]><id>-5</id><size>15</size><pcv><onoff>0</onoff><value>1</value></pcv><std><onoff>0</onoff><value>1</value></std><slp><onoff>1</onoff><value>1</value></slp></items[2]><items[3]><id>-7</id><size>15</size><pcv><onoff>0</onoff><value>1</value></pcv><std><onoff>0</onoff><value>1</value></std><slp><onoff>1</onoff><value>1</value></slp></items[3]></items></stability></open>
<open><log><format>"StdLogFmt_6.0"<items>{ -35 -21 -70 -69 -76 30 23 36 21 25 221 -33 111 -34 11 -9 -10 -8 -1 -2 -4 -5 -14 -15 -7 -12 -13 -11 -65 -66 -72 -18 -19 -77 -78 -79 -23  }<hdr>{  }</hdr></items></format><options><beep>on</beep><match>"never"<time>30</time><co2>100</co2><delta>10</delta></match><hdr>normal</hdr><rem>normal</rem><stab>no</stab><stats>no<mean>no</mean><file>no</file><period>15</period></stats><excel>yes</excel><controls>yes</controls><comm>no</comm></options><datafile>"/User/031918-LH-HAH2681"</datafile><button><action>"Normal Log"<code>" LogOneObsManual "</code></action></button><autoprog>"/User/Configs/AutoProgs/AutoLog2"<active>no</active></autoprog></log></open>
<open><a2d><avgtime>4.0 secs</avgtime><userchans><ch20>"Off"</ch20><ch21>"Off"</ch21><ch22>"Off"</ch22><ch23>"Off"</ch23></userchans></a2d></open>
<open><matching><type>0</type><disp>'a'</disp><settings>><CO2Limit>10.0</CO2Limit><H2OLimit>1.0</H2OLimit><MaxAutoTime>60</MaxAutoTime><AverageTime>10</AverageTime></settings></matching></open>
<li6400><factory><unit>"PSC-2470"</unit><serviced>"5 Feb 2018"</serviced><fuseaware>0</fuseaware><co2mixer>yes</co2mixer><co2><coeffs>{ 0 0.214772 2.55802e-05 1.93228e-08 -3.02262e-12 2.75724e-16  }</coeffs><dvdt>-4</dvdt><xs>{ 9.11e-05 0.00178  }</xs></co2><h2o><coeffs>{ 0 0.00581526 2.16703e-06 7.69607e-12  }</coeffs><dvdt>-2.9</dvdt><xs>{ -0.000111 -0.00256  }</xs></h2o><flow>{ 0 0.3696  }</flow><press>{ 86.913 0.00551  }</press></factory></li6400>
<li6400><user><flow_zero>-3.5</flow_zero><irga_zero><co2>113.5 152.5<at>27.1329</at></co2><h2o>-3.5 -3.5<at>28.1091</at></h2o></irga_zero><irga_span><co2>{ 0.990134 0.992694  }</co2><h2o>{ 0.996743 0.99801  }</h2o></irga_span><irga_match><co2>{ 0.110267 8.24035  }</co2><h2o>{ -0.0816591 0.103476  }</h2o></irga_match><co2_mixer><pump_mv>4500</pump_mv><ppm>{ 2352.67 1117.67 439.284 266.3 121.188 70.6751 48.8233 48.8102  }</ppm><mv>{ 5000 3000 1500 1000 500 300 200 100  }</mv></co2_mixer><parin_offset>-0.211894</parin_offset><led_cal><unit>"SI-2503"</unit><mv>{ 10 25 50 100 1000 2000 3000 4000 5000  }</mv><qntm>{ 1.83047 9.20354 23.3042 57.5395 736.221 1467.2 2160.1 2821.48 3447.04  }</qntm></led_cal><lcf_cal><unit>"LCF-0981"</unit><red><mv>{ 50 100 200 400 800 1500  }</mv><qntm>{ 64.6036 145.758 312.409 661.73 1377.94 2641.23  }</qntm></red><blue><mv>{ 100 500 1000 2000 3000 4000 5000  }</mv><qntm>{ 11.107 44.4539 81.9578 145.168 203.372 256.093 300.56  }</qntm></blue></lcf_cal></user></li6400>
"16:35:39 "
$STARTOFDATA$
"Obs"	"HHMMSS"	"YYYYMMDD"	"DOY"	"EBal?"	"Photo"	"Cond"	"Ci"	"Trmmol"	"VpdL"	"CTleaf"	"Area"	"BLC_1"	"StmRat"	"BLCond"	"Tair"	"Tleaf"	"TBlk"	"CO2R"	"CO2S"	"H2OR"	"H2OS"	"RH_R"	"RH_S"	"Flow"	"PARi"	"PARo"	"Press"	"CsMch"	"HsMch"	"StableF"	"BLCslope"	"BLCoffst"	"f_parin"	"f_parout"	"alphaK"	"Status"
1	"16:35:49"	20180319	78	0	3.45	0.0537	276	0.867	1.16	13.94	6	1.42	1	2.84	9.43	13.94	7.23	400.87	389.51	3.442	6.030	20.84	36.51	199.7	1701	8	71.83	8.24	0.103	1.0	-0.22	2.74	1.00	0.00	0.16	111115
2	"16:35:49"	20180319	78	0	3.45	0.0537	276	0.867	1.16	13.94	6	1.42	1	2.84	9.43	13.94	7.23	400.87	389.51	3.442	6.030	20.84	36.51	199.7	1701	8	71.83	8.24	0.103	1.0	-0.22	2.74	1.00	0.00	0.16	111115
3	"16:35:50"	20180319	78	0	3.44	0.0537	277	0.867	1.17	13.94	6	1.42	1	2.84	9.43	13.94	7.23	400.91	389.56	3.442	6.030	20.84	36.51	199.7	1701	8	71.83	8.24	0.103	1.0	-0.22	2.74	1.00	0.00	0.16	111115
4	"16:35:50"	20180319	78	0	3.44	0.0537	277	0.867	1.17	13.95	6	1.42	1	2.84	9.43	13.95	7.24	400.93	389.60	3.442	6.032	20.84	36.52	199.7	1701	8	71.83	8.24	0.103	1.0	-0.22	2.74	1.00	0.00	0.16	111115
5	"16:35:50"	20180319	78	0	3.44	0.0536	277	0.868	1.17	13.97	6	1.42	1	2.84	9.43	13.97	7.24	400.95	389.60	3.442	6.033	20.84	36.52	199.7	1701	8	71.83	8.24	0.103	1.0	-0.22	2.74	1.00	0.00	0.16	111115
6	"16:35:51"	20180319	78	0	3.44	0.0536	277	0.868	1.17	13.97	6	1.42	1	2.84	9.43	13.97	7.24	400.95	389.60	3.442	6.033	20.84	36.52	199.7	1701	8	71.83	8.24	0.103	1.0	-0.22	2.74	1.00	0.00	0.16	111115
7	"16:35:51"	20180319	78	0	3.43	0.0536	277	0.867	1.17	13.97	6	1.42	1	2.84	9.43	13.97	7.24	400.97	389.65	3.443	6.032	20.84	36.52	199.7	1701	8	71.83	8.24	0.103	1.0	-0.22	2.74	1.00	0.00	0.16	111115
8	"16:35:51"	20180319	78	0	3.43	0.0537	277	0.867	1.16	13.94	6	1.42	1	2.84	9.43	13.94	7.24	401.00	389.67	3.443	6.032	20.84	36.51	199.8	1701	8	71.83	8.24	0.103	1.0	-0.22	2.74	1.00	0.00	0.16	111115
9	"16:35:52"	20180319	78	0	3.43	0.0538	277	0.867	1.16	13.93	6	1.42	1	2.84	9.43	13.93	7.24	401.01	389.71	3.443	6.032	20.84	36.51	199.7	1701	8	71.83	8.24	0.103	1.0	-0.22	2.74	1.00	0.00	0.16	111115
10	"16:35:52"	20180319	78	0	3.43	0.0538	277	0.867	1.16	13.93	6	1.42	1	2.84	9.43	13.93	7.24	401.01	389.71	3.443	6.032	20.84	36.51	199.7	1701	8	71.83	8.24	0.103	1.0	-0.22	2.74	1.00	0.00	0.16	111115
11	"16:35:53"	20180319	78	0	3.45	0.0536	276	0.866	1.17	13.95	6	1.42	1	2.84	9.44	13.95	7.24	401.04	389.68	3.443	6.030	20.84	36.50	199.8	1701	9	71.83	8.24	0.103	1.0	-0.22	2.74	1.00	0.00	0.16	111115
12	"16:35:53"	20180319	78	0	3.43	0.0536	277	0.867	1.17	13.96	6	1.42	1	2.84	9.44	13.96	7.25	401.04	389.71	3.443	6.032	20.84	36.51	199.8	1701	8	71.83	8.24	0.103	1.0	-0.22	2.74	1.00	0.00	0.16	111115
13	"16:35:53"	20180319	78	0	3.43	0.0536	277	0.867	1.17	13.97	6	1.42	1	2.84	9.44	13.97	7.25	401.05	389.72	3.442	6.032	20.83	36.51	199.8	1701	8	71.83	8.24	0.103	0.7	-0.22	2.74	1.00	0.00	0.16	111115
14	"16:35:54"	20180319	78	0	3.43	0.0536	277	0.867	1.17	13.97	6	1.42	1	2.84	9.44	13.97	7.25	401.05	389.72	3.442	6.032	20.83	36.51	199.8	1701	8	71.83	8.24	0.103	0.7	-0.22	2.74	1.00	0.00	0.16	111115
15	"16:35:54"	20180319	78	0	3.41	0.0536	278	0.868	1.17	13.97	6	1.42	1	2.84	9.44	13.97	7.25	401.03	389.78	3.442	6.032	20.83	36.51	199.8	1701	8	71.83	8.24	0.103	0.7	-0.22	2.74	1.00	0.00	0.16	111115
"16:36:09 Coolers: Tblock -> 12.20 C"
"16:40:08 Flow: Fixed -> 200 umol/s"
16	"16:40:27"	20180319	78	0	3.14	0.0538	284	0.967	1.29	16.27	6	1.42	1	2.84	13.47	16.27	12.25	399.43	388.87	4.966	7.848	23.01	36.36	199.7	1700	10	71.83	8.25	0.0813	1.0	-0.22	2.74	1.00	0.00	0.16	111115
17	"16:40:27"	20180319	78	0	3.14	0.0538	284	0.967	1.29	16.27	6	1.42	1	2.84	13.47	16.27	12.25	399.43	388.87	4.966	7.848	23.01	36.36	199.7	1700	10	71.83	8.25	0.0813	1.0	-0.22	2.74	1.00	0.00	0.16	111115
18	"16:40:27"	20180319	78	0	3.14	0.0538	284	0.967	1.29	16.27	6	1.42	1	2.84	13.47	16.27	12.25	399.43	388.87	4.966	7.848	23.01	36.36	199.7	1700	10	71.83	8.25	0.0813	1.0	-0.22	2.74	1.00	0.00	0.16	111115
19	"16:40:28"	20180319	78	0	3.14	0.0538	284	0.967	1.29	16.27	6	1.42	1	2.84	13.47	16.27	12.25	399.41	388.84	4.966	7.848	23.01	36.37	199.7	1700	10	71.83	8.25	0.0813	1.0	-0.22	2.74	1.00	0.00	0.16	111115
20	"16:40:28"	20180319	78	0	3.14	0.0538	284	0.968	1.29	16.28	6	1.42	1	2.84	13.47	16.28	12.25	399.40	388.85	4.966	7.850	23.01	36.37	199.7	1700	10	71.83	8.25	0.0813	1.0	-0.22	2.74	1.00	0.00	0.16	111115
21	"16:40:28"	20180319	78	0	3.14	0.0538	284	0.968	1.29	16.28	6	1.42	1	2.84	13.47	16.28	12.25	399.40	388.85	4.966	7.850	23.01	36.37	199.7	1700	10	71.83	8.25	0.0813	1.0	-0.22	2.74	1.00	0.00	0.16	111115
22	"16:40:29"	20180319	78	0	3.14	0.0538	284	0.968	1.29	16.28	6	1.42	1	2.84	13.47	16.28	12.25	399.42	388.84	4.967	7.851	23.01	36.37	199.7	1700	10	71.83	8.25	0.0813	1.0	-0.22	2.74	1.00	0.00	0.16	111115
23	"16:40:29"	20180319	78	0	3.16	0.0538	283	0.967	1.29	16.28	6	1.42	1	2.84	13.47	16.28	12.25	399.45	388.82	4.967	7.850	23.01	36.37	199.7	1700	10	71.83	8.25	0.0813	1.0	-0.22	2.74	1.00	0.00	0.16	111115
24	"16:40:30"	20180319	78	0	3.19	0.0537	282	0.968	1.3	16.30	6	1.42	1	2.84	13.48	16.30	12.25	399.49	388.76	4.967	7.851	23.01	36.37	199.7	1700	10	71.83	8.25	0.0813	1.0	-0.22	2.74	1.00	0.00	0.16	111115
25	"16:40:30"	20180319	78	0	3.22	0.0537	281	0.967	1.3	16.30	6	1.42	1	2.84	13.48	16.30	12.25	399.54	388.74	4.968	7.851	23.02	36.37	199.7	1700	10	71.83	8.25	0.0813	1.0	-0.22	2.74	1.00	0.00	0.16	111115
26	"16:40:30"	20180319	78	0	3.22	0.0537	281	0.967	1.3	16.30	6	1.42	1	2.84	13.48	16.30	12.25	399.54	388.74	4.968	7.851	23.02	36.37	199.7	1700	10	71.83	8.25	0.0813	1.0	-0.22	2.74	1.00	0.00	0.16	111115
27	"16:40:31"	20180319	78	0	3.21	0.0537	282	0.968	1.3	16.30	6	1.42	1	2.84	13.48	16.30	12.25	399.53	388.76	4.968	7.853	23.02	36.38	199.8	1700	10	71.83	8.25	0.0813	1.0	-0.22	2.74	1.00	0.00	0.16	111115
28	"16:40:31"	20180319	78	0	3.23	0.0537	281	0.968	1.3	16.31	6	1.42	1	2.84	13.48	16.31	12.26	399.57	388.72	4.969	7.854	23.02	36.38	199.7	1700	10	71.83	8.25	0.0813	1.0	-0.22	2.74	1.00	0.00	0.16	111115
29	"16:40:32"	20180319	78	0	3.24	0.0537	281	0.968	1.3	16.31	6	1.42	1	2.84	13.48	16.31	12.25	399.59	388.73	4.968	7.853	23.01	36.38	199.7	1700	10	71.83	8.25	0.0813	1.0	-0.22	2.74	1.00	0.00	0.16	111115
30	"16:40:32"	20180319	78	0	3.24	0.0537	281	0.968	1.3	16.31	6	1.42	1	2.84	13.48	16.31	12.25	399.59	388.73	4.968	7.853	23.01	36.38	199.7	1700	10	71.83	8.25	0.0813	1.0	-0.22	2.74	1.00	0.00	0.16	111115
"16:40:44 Coolers: Tblock -> 17.20 C"
"16:43:49 Flow: Fixed -> 200 umol/s"
31	"16:44:05"	20180319	78	0	3.42	0.0535	273	1.08	1.45	18.68	6	1.42	1	2.84	17.53	18.68	17.25	399.78	388.24	6.672	9.889	23.84	35.33	199.7	1699	8	71.84	8.25	0.0813	1.0	-0.22	2.74	1.00	0.00	0.16	111115
32	"16:44:05"	20180319	78	0	3.42	0.0535	273	1.08	1.45	18.68	6	1.42	1	2.84	17.53	18.68	17.25	399.78	388.24	6.672	9.889	23.84	35.33	199.7	1699	8	71.84	8.25	0.0813	1.0	-0.22	2.74	1.00	0.00	0.16	111115
33	"16:44:06"	20180319	78	0	3.4	0.0535	274	1.08	1.45	18.68	6	1.42	1	2.84	17.53	18.68	17.25	399.70	388.22	6.672	9.890	23.83	35.33	199.7	1699	8	71.84	8.25	0.0813	1.0	-0.22	2.74	1.00	0.00	0.16	111115
34	"16:44:06"	20180319	78	0	3.4	0.0535	274	1.08	1.45	18.68	6	1.42	1	2.84	17.53	18.68	17.25	399.70	388.22	6.672	9.890	23.83	35.33	199.7	1699	8	71.84	8.25	0.0813	1.0	-0.22	2.74	1.00	0.00	0.16	111115
35	"16:44:07"	20180319	78	0	3.38	0.0535	275	1.08	1.45	18.68	6	1.42	1	2.84	17.53	18.68	17.25	399.64	388.24	6.672	9.891	23.83	35.33	199.7	1699	8	71.84	8.25	0.0813	1.0	-0.22	2.74	1.00	0.00	0.16	111115
36	"16:44:07"	20180319	78	0	3.37	0.0535	275	1.08	1.45	18.69	6	1.42	1	2.84	17.53	18.69	17.25	399.60	388.22	6.673	9.893	23.83	35.33	199.7	1699	8	71.84	8.25	0.0813	1.0	-0.22	2.74	1.00	0.00	0.16	111115
37	"16:44:07"	20180319	78	0	3.34	0.0535	276	1.08	1.45	18.69	6	1.42	1	2.84	17.53	18.69	17.25	399.52	388.23	6.674	9.894	23.83	35.34	199.7	1699	7	71.84	8.25	0.0813	1.0	-0.22	2.74	1.00	0.00	0.16	111115
38	"16:44:08"	20180319	78	0	3.34	0.0535	276	1.08	1.45	18.69	6	1.42	1	2.84	17.53	18.69	17.25	399.52	388.23	6.674	9.894	23.83	35.34	199.7	1699	7	71.84	8.25	0.0813	1.0	-0.22	2.74	1.00	0.00	0.16	111115
39	"16:44:08"	20180319	78	0	3.32	0.0535	276	1.08	1.45	18.68	6	1.42	1	2.84	17.54	18.68	17.25	399.48	388.25	6.674	9.893	23.83	35.33	199.7	1699	8	71.84	8.25	0.0813	1.0	-0.22	2.74	1.00	0.00	0.16	111115
40	"16:44:08"	20180319	78	0	3.33	0.0535	276	1.08	1.45	18.68	6	1.42	1	2.84	17.54	18.68	17.25	399.48	388.22	6.675	9.895	23.84	35.33	199.7	1699	8	71.84	8.25	0.0813	1.0	-0.22	2.74	1.00	0.00	0.16	111115
41	"16:44:09"	20180319	78	0	3.33	0.0536	276	1.08	1.45	18.68	6	1.42	1	2.84	17.54	18.68	17.25	399.46	388.20	6.674	9.897	23.83	35.34	199.7	1699	8	71.84	8.25	0.0813	1.0	-0.22	2.74	1.00	0.00	0.16	111115
42	"16:44:09"	20180319	78	0	3.33	0.0536	276	1.08	1.45	18.68	6	1.42	1	2.84	17.54	18.68	17.25	399.46	388.20	6.674	9.897	23.83	35.34	199.7	1699	8	71.84	8.25	0.0813	1.0	-0.22	2.74	1.00	0.00	0.16	111115
43	"16:44:10"	20180319	78	0	3.35	0.0535	275	1.08	1.45	18.70	6	1.42	1	2.84	17.54	18.70	17.25	399.47	388.14	6.675	9.899	23.83	35.34	199.7	1699	7	71.84	8.25	0.0813	1.0	-0.22	2.74	1.00	0.00	0.16	111115
44	"16:44:10"	20180319	78	0	3.37	0.0534	275	1.08	1.45	18.71	6	1.42	1	2.84	17.54	18.71	17.25	399.46	388.09	6.676	9.899	23.84	35.34	199.7	1699	8	71.84	8.25	0.0813	1.0	-0.22	2.74	1.00	0.00	0.16	111115
45	"16:44:10"	20180319	78	0	3.37	0.0534	275	1.08	1.46	18.72	6	1.42	1	2.84	17.54	18.72	17.25	399.46	388.08	6.676	9.898	23.84	35.34	199.8	1699	8	71.84	8.25	0.0813	1.0	-0.22	2.74	1.00	0.00	0.16	111115
"16:44:26 Coolers: Tblock -> 22.20 C"
"16:47:25 Flow: Fixed -> 200 umol/s"
46	"16:47:40"	20180319	78	0	3.63	0.053	264	1.25	1.68	21.30	6	1.42	1	2.84	21.71	21.30	22.28	399.92	387.57	8.263	11.966	22.77	32.98	199.7	1699	6	71.84	8.67	0.0174	1.0	-0.22	2.74	1.00	0.00	0.16	111115
47	"16:47:40"	20180319	78	0	3.63	0.053	264	1.25	1.68	21.30	6	1.42	1	2.84	21.71	21.30	22.28	399.92	387.57	8.263	11.966	22.77	32.98	199.7	1699	6	71.84	8.67	0.0174	1.0	-0.22	2.74	1.00	0.00	0.16	111115
48	"16:47:41"	20180319	78	0	3.59	0.053	265	1.25	1.68	21.30	6	1.42	1	2.84	21.71	21.30	22.28	399.84	387.60	8.262	11.967	22.77	32.97	199.7	1699	6	71.84	8.67	0.0174	1.0	-0.22	2.74	1.00	0.00	0.16	111115
49	"16:47:41"	20180319	78	0	3.55	0.053	266	1.25	1.68	21.29	6	1.42	1	2.84	21.71	21.29	22.28	399.73	387.61	8.263	11.969	22.77	32.98	199.7	1699	6	71.84	8.67	0.0174	1.0	-0.22	2.74	1.00	0.00	0.16	111115
50	"16:47:41"	20180319	78	0	3.55	0.053	266	1.25	1.68	21.29	6	1.42	1	2.84	21.71	21.29	22.28	399.73	387.61	8.263	11.969	22.77	32.98	199.7	1699	6	71.84	8.67	0.0174	1.0	-0.22	2.74	1.00	0.00	0.16	111115
51	"16:47:42"	20180319	78	0	3.51	0.0531	268	1.25	1.68	21.29	6	1.42	1	2.84	21.71	21.29	22.28	399.64	387.64	8.263	11.970	22.77	32.98	199.8	1699	6	71.84	8.67	0.0174	1.0	-0.22	2.74	1.00	0.00	0.16	111115
52	"16:47:42"	20180319	78	0	3.51	0.0531	268	1.25	1.68	21.29	6	1.42	1	2.84	21.72	21.29	22.28	399.60	387.60	8.264	11.971	22.77	32.98	199.8	1699	6	71.84	8.67	0.0174	1.0	-0.22	2.74	1.00	0.00	0.16	111115
53	"16:47:43"	20180319	78	0	3.51	0.0531	268	1.25	1.68	21.29	6	1.42	1	2.84	21.72	21.29	22.28	399.60	387.60	8.264	11.971	22.77	32.98	199.8	1699	6	71.84	8.67	0.0174	1.0	-0.22	2.74	1.00	0.00	0.16	111115
54	"16:47:43"	20180319	78	0	3.49	0.0531	268	1.25	1.68	21.29	6	1.42	1	2.84	21.72	21.29	22.28	399.55	387.63	8.264	11.973	22.76	32.98	199.7	1699	6	71.84	8.67	0.0174	1.0	-0.22	2.74	1.00	0.00	0.16	111115
55	"16:47:44"	20180319	78	0	3.49	0.0532	268	1.25	1.68	21.28	6	1.42	1	2.84	21.72	21.28	22.29	399.55	387.61	8.264	11.973	22.76	32.98	199.8	1699	6	71.84	8.67	0.0174	1.0	-0.22	2.74	1.00	0.00	0.16	111115
56	"16:47:44"	20180319	78	0	3.49	0.0532	268	1.25	1.68	21.28	6	1.42	1	2.84	21.72	21.28	22.29	399.53	387.61	8.264	11.973	22.76	32.98	199.8	1699	6	71.84	8.67	0.0174	1.0	-0.22	2.74	1.00	0.00	0.16	111115
57	"16:47:45"	20180319	78	0	3.48	0.0533	269	1.25	1.68	21.28	6	1.42	1	2.84	21.72	21.28	22.29	399.47	387.55	8.264	11.979	22.76	32.99	199.7	1699	6	71.84	8.67	0.0174	1.0	-0.22	2.74	1.00	0.00	0.16	111115
58	"16:47:46"	20180319	78	0	3.48	0.0533	269	1.25	1.68	21.28	6	1.42	1	2.84	21.72	21.28	22.29	399.47	387.55	8.264	11.979	22.76	32.99	199.7	1699	6	71.84	8.67	0.0174	1.0	-0.22	2.74	1.00	0.00	0.16	111115
59	"16:47:47"	20180319	78	0	3.5	0.0533	268	1.25	1.68	21.28	6	1.42	1	2.84	21.72	21.28	22.29	399.50	387.52	8.264	11.980	22.75	32.99	199.7	1699	6	71.84	8.67	0.0174	1.0	-0.22	2.74	1.00	0.00	0.16	111115
60	"16:47:48"	20180319	78	0	3.46	0.0533	269	1.25	1.68	21.31	6	1.42	1	2.84	21.73	21.31	22.30	399.34	387.48	8.263	11.985	22.74	32.99	199.7	1699	6	71.84	8.67	0.0174	0.7	-0.22	2.74	1.00	0.00	0.16	111115
61	"16:47:49"	20180319	78	0	3.45	0.053	269	1.25	1.69	21.34	6	1.42	1	2.84	21.73	21.34	22.29	399.25	387.42	8.263	11.981	22.74	32.97	199.7	1699	6	71.84	8.67	0.0174	0.7	-0.22	2.74	1.00	0.00	0.16	111115
62	"16:47:50"	20180319	78	0	3.45	0.053	269	1.25	1.69	21.34	6	1.42	1	2.84	21.73	21.34	22.29	399.25	387.42	8.263	11.981	22.74	32.97	199.7	1699	6	71.84	8.67	0.0174	0.7	-0.22	2.74	1.00	0.00	0.16	111115
63	"16:47:50"	20180319	78	0	3.45	0.053	269	1.25	1.69	21.34	6	1.42	1	2.84	21.73	21.34	22.29	399.25	387.42	8.263	11.981	22.74	32.97	199.7	1699	6	71.84	8.67	0.0174	0.7	-0.22	2.74	1.00	0.00	0.16	111115
64	"16:47:50"	20180319	78	0	3.47	0.053	268	1.25	1.69	21.35	6	1.42	1	2.84	21.74	21.35	22.29	399.25	387.38	8.263	11.981	22.74	32.97	199.7	1699	6	71.84	8.67	0.0174	0.7	-0.22	2.74	1.00	0.00	0.16	111115
65	"16:47:51"	20180319	78	0	3.48	0.053	268	1.25	1.69	21.35	6	1.42	1	2.84	21.74	21.35	22.29	399.27	387.34	8.265	11.982	22.74	32.97	199.7	1699	6	71.84	8.67	0.0174	0.7	-0.22	2.74	1.00	0.00	0.16	111115
"16:48:29 Coolers: Tblock -> 27.20 C"
"16:53:45 Flow: Fixed -> 200 umol/s"
66	"16:54:03"	20180319	78	0	3.44	0.0492	258	1.45	2.09	25.52	6	1.42	1	2.84	26.53	25.52	27.27	399.72	387.68	12.234	16.527	25.25	34.11	199.7	1699	6	71.84	9.69	-0.0182	1.0	-0.22	2.74	1.00	0.00	0.16	111115
67	"16:54:03"	20180319	78	0	3.44	0.0492	258	1.45	2.09	25.52	6	1.42	1	2.84	26.53	25.52	27.27	399.72	387.68	12.234	16.527	25.25	34.11	199.7	1699	6	71.84	9.69	-0.0182	1.0	-0.22	2.74	1.00	0.00	0.16	111115
68	"16:54:04"	20180319	78	0	3.46	0.0491	258	1.45	2.09	25.53	6	1.42	1	2.84	26.53	25.53	27.27	399.70	387.62	12.234	16.529	25.25	34.11	199.7	1699	6	71.84	9.69	-0.0182	1.0	-0.22	2.74	1.00	0.00	0.16	111115
69	"16:54:04"	20180319	78	0	3.47	0.0491	258	1.45	2.1	25.54	6	1.42	1	2.84	26.53	25.54	27.27	399.70	387.59	12.234	16.530	25.25	34.11	199.7	1699	6	71.84	9.69	-0.0182	1.0	-0.22	2.74	1.00	0.00	0.16	111115
70	"16:54:04"	20180319	78	0	3.47	0.0491	258	1.45	2.1	25.54	6	1.42	1	2.84	26.53	25.54	27.27	399.70	387.59	12.234	16.530	25.25	34.11	199.7	1699	6	71.84	9.69	-0.0182	1.0	-0.22	2.74	1.00	0.00	0.16	111115
71	"16:54:05"	20180319	78	0	3.47	0.0491	257	1.45	2.1	25.54	6	1.42	1	2.84	26.53	25.54	27.27	399.66	387.55	12.235	16.530	25.25	34.11	199.7	1699	6	71.84	9.69	-0.0182	1.0	-0.22	2.74	1.00	0.00	0.16	111115
72	"16:54:05"	20180319	78	0	3.45	0.0491	258	1.45	2.1	25.54	6	1.42	1	2.84	26.53	25.54	27.27	399.64	387.58	12.234	16.530	25.24	34.11	199.7	1699	6	71.84	9.69	-0.0182	1.0	-0.22	2.74	1.00	0.00	0.16	111115
73	"16:54:06"	20180319	78	0	3.47	0.0491	257	1.45	2.1	25.54	6	1.42	1	2.84	26.53	25.54	27.27	399.67	387.56	12.234	16.528	25.24	34.10	199.7	1699	6	71.84	9.69	-0.0182	1.0	-0.22	2.74	1.00	0.00	0.16	111115
74	"16:54:06"	20180319	78	0	3.47	0.0491	257	1.45	2.1	25.54	6	1.42	1	2.84	26.53	25.54	27.27	399.67	387.56	12.234	16.528	25.24	34.10	199.7	1699	6	71.84	9.69	-0.0182	1.0	-0.22	2.74	1.00	0.00	0.16	111115
75	"16:54:06"	20180319	78	0	3.49	0.0491	257	1.45	2.1	25.54	6	1.42	1	2.84	26.53	25.54	27.27	399.72	387.54	12.234	16.529	25.24	34.10	199.7	1699	6	71.84	9.69	-0.0182	1.0	-0.22	2.74	1.00	0.00	0.16	111115
76	"16:54:07"	20180319	78	0	3.54	0.0491	255	1.45	2.1	25.54	6	1.42	1	2.84	26.53	25.54	27.27	399.79	387.47	12.234	16.531	25.24	34.10	199.7	1699	6	71.84	9.69	-0.0182	1.0	-0.22	2.74	1.00	0.00	0.16	111115
77	"16:54:07"	20180319	78	0	3.56	0.0492	254	1.46	2.1	25.54	6	1.42	1	2.84	26.53	25.54	27.27	399.82	387.43	12.233	16.533	25.24	34.11	199.7	1699	6	71.84	9.69	-0.0182	1.0	-0.22	2.74	1.00	0.00	0.16	111115
78	"16:54:07"	20180319	78	0	3.56	0.0492	254	1.46	2.1	25.54	6	1.42	1	2.84	26.53	25.54	27.27	399.82	387.43	12.233	16.533	25.24	34.11	199.7	1699	6	71.84	9.69	-0.0182	1.0	-0.22	2.74	1.00	0.00	0.16	111115
79	"16:54:08"	20180319	78	0	3.58	0.0492	254	1.46	2.09	25.53	6	1.42	1	2.84	26.53	25.53	27.27	399.87	387.42	12.233	16.532	25.23	34.10	199.7	1699	6	71.84	9.69	-0.0182	1.0	-0.22	2.74	1.00	0.00	0.16	111115
80	"16:54:08"	20180319	78	0	3.58	0.0491	254	1.45	2.1	25.54	6	1.42	1	2.84	26.54	25.54	27.27	399.88	387.42	12.232	16.530	25.23	34.10	199.7	1699	6	71.84	9.69	-0.0182	1.0	-0.22	2.74	1.00	0.00	0.16	111115
"16:54:26 Coolers: Tblock -> 32.20 C"
"17:00:23 Flow: Fixed -> 200 umol/s"
81	"17:00:47"	20180319	78	0	3.29	0.0432	246	1.58	2.55	29.36	6	1.42	1	2.84	31.22	29.36	32.26	399.58	387.85	16.971	21.605	26.70	33.98	199.7	1699	10	71.84	11	-0.0879	1.0	-0.22	2.74	1.00	0.00	0.16	111115
82	"17:00:47"	20180319	78	0	3.29	0.0432	246	1.58	2.55	29.36	6	1.42	1	2.84	31.22	29.36	32.26	399.58	387.85	16.971	21.605	26.70	33.98	199.7	1699	10	71.84	11	-0.0879	1.0	-0.22	2.74	1.00	0.00	0.16	111115
83	"17:00:47"	20180319	78	0	3.31	0.0432	245	1.58	2.56	29.37	6	1.42	1	2.84	31.22	29.37	32.26	399.62	387.82	16.972	21.604	26.70	33.98	199.7	1699	10	71.84	11	-0.0879	1.0	-0.22	2.74	1.00	0.00	0.16	111115
84	"17:00:48"	20180319	78	0	3.31	0.0431	245	1.58	2.56	29.39	6	1.42	1	2.84	31.22	29.39	32.26	399.58	387.81	16.972	21.605	26.69	33.98	199.7	1699	10	71.84	11	-0.0879	1.0	-0.22	2.74	1.00	0.00	0.16	111115
85	"17:00:48"	20180319	78	0	3.31	0.0431	245	1.58	2.56	29.39	6	1.42	1	2.84	31.22	29.39	32.26	399.58	387.81	16.972	21.605	26.69	33.98	199.7	1699	10	71.84	11	-0.0879	1.0	-0.22	2.74	1.00	0.00	0.16	111115
86	"17:00:49"	20180319	78	0	3.3	0.043	245	1.57	2.56	29.40	6	1.42	1	2.84	31.22	29.40	32.26	399.57	387.81	16.973	21.602	26.69	33.97	199.7	1699	10	71.84	11	-0.0879	1.0	-0.22	2.74	1.00	0.00	0.16	111115
87	"17:00:49"	20180319	78	0	3.31	0.043	244	1.58	2.57	29.41	6	1.42	1	2.84	31.22	29.41	32.26	399.58	387.79	16.974	21.605	26.69	33.98	199.7	1699	10	71.84	11	-0.0879	1.0	-0.22	2.74	1.00	0.00	0.16	111115
88	"17:00:49"	20180319	78	0	3.32	0.043	244	1.58	2.57	29.41	6	1.42	1	2.84	31.22	29.41	32.26	399.59	387.77	16.973	21.606	26.69	33.98	199.7	1699	10	71.84	11	-0.0879	1.0	-0.22	2.74	1.00	0.00	0.16	111115
89	"17:00:50"	20180319	78	0	3.34	0.0431	243	1.58	2.57	29.41	6	1.42	1	2.84	31.22	29.41	32.26	399.65	387.76	16.973	21.607	26.69	33.98	199.7	1699	10	71.84	11	-0.0879	1.0	-0.22	2.74	1.00	0.00	0.16	111115
90	"17:00:50"	20180319	78	0	3.34	0.0431	243	1.58	2.57	29.41	6	1.42	1	2.84	31.22	29.41	32.26	399.65	387.76	16.973	21.607	26.69	33.98	199.7	1699	10	71.84	11	-0.0879	1.0	-0.22	2.74	1.00	0.00	0.16	111115
91	"17:00:51"	20180319	78	0	3.37	0.043	242	1.58	2.57	29.41	6	1.42	1	2.84	31.22	29.41	32.26	399.69	387.74	16.973	21.607	26.69	33.97	199.7	1699	10	71.84	11	-0.0879	1.0	-0.22	2.74	1.00	0.00	0.16	111115
92	"17:00:51"	20180319	78	0	3.38	0.043	242	1.58	2.57	29.41	6	1.42	1	2.84	31.22	29.41	32.26	399.70	387.72	16.973	21.606	26.69	33.97	199.7	1699	10	71.84	11	-0.0879	1.0	-0.22	2.74	1.00	0.00	0.16	111115
93	"17:00:51"	20180319	78	0	3.37	0.0431	242	1.58	2.57	29.41	6	1.42	1	2.84	31.22	29.41	32.26	399.70	387.75	16.972	21.610	26.68	33.98	199.7	1699	10	71.84	11	-0.0879	1.0	-0.22	2.74	1.00	0.00	0.16	111115
94	"17:00:52"	20180319	78	0	3.38	0.0431	242	1.58	2.57	29.41	6	1.42	1	2.84	31.22	29.41	32.26	399.76	387.78	16.972	21.610	26.68	33.97	199.7	1698	10	71.84	11	-0.0879	1.0	-0.22	2.74	1.00	0.00	0.16	111115
95	"17:00:52"	20180319	78	0	3.38	0.0431	242	1.58	2.57	29.41	6	1.42	1	2.84	31.22	29.41	32.26	399.76	387.78	16.972	21.610	26.68	33.97	199.7	1698	10	71.84	11	-0.0879	1.0	-0.22	2.74	1.00	0.00	0.16	111115
"17:01:04 Coolers: Tblock -> 35.20 C"
"17:03:06 Flow: Fixed -> 200 umol/s"
96	"17:03:23"	20180319	78	0	3.43	0.0399	231	1.42	2.48	31.08	6	1.42	1	2.84	33.77	31.08	35.26	399.96	387.99	24.456	28.609	33.31	38.97	199.7	1700	10	71.84	11	-0.0879	1.0	-0.22	2.74	1.00	0.00	0.16	111115
97	"17:03:24"	20180319	78	0	3.43	0.0399	231	1.42	2.48	31.08	6	1.42	1	2.84	33.77	31.08	35.26	399.96	387.99	24.456	28.609	33.31	38.97	199.7	1700	10	71.84	11	-0.0879	1.0	-0.22	2.74	1.00	0.00	0.16	111115
98	"17:03:24"	20180319	78	0	3.44	0.04	231	1.42	2.48	31.09	6	1.42	1	2.84	33.77	31.09	35.26	399.97	387.98	24.456	28.614	33.31	38.97	199.7	1700	10	71.84	11	-0.0879	1.0	-0.22	2.74	1.00	0.00	0.16	111115
99	"17:03:24"	20180319	78	0	3.45	0.04	231	1.43	2.48	31.08	6	1.42	1	2.84	33.77	31.08	35.26	400.00	387.97	24.455	28.616	33.31	38.97	199.7	1700	10	71.84	11	-0.0879	1.0	-0.22	2.74	1.00	0.00	0.16	111115
100	"17:03:25"	20180319	78	0	3.45	0.04	231	1.43	2.48	31.08	6	1.42	1	2.84	33.77	31.08	35.26	400.00	387.97	24.455	28.616	33.31	38.97	199.7	1700	10	71.84	11	-0.0879	1.0	-0.22	2.74	1.00	0.00	0.16	111115
101	"17:03:25"	20180319	78	0	3.46	0.0401	230	1.43	2.48	31.08	6	1.42	1	2.84	33.77	31.08	35.26	400.03	387.98	24.454	28.618	33.30	38.97	199.7	1700	10	71.84	11	-0.0879	1.0	-0.22	2.74	1.00	0.00	0.16	111115
102	"17:03:26"	20180319	78	0	3.48	0.0401	229	1.43	2.48	31.08	6	1.42	1	2.84	33.77	31.08	35.26	400.07	387.95	24.455	28.620	33.30	38.97	199.7	1700	10	71.84	11	-0.0879	1.0	-0.22	2.74	1.00	0.00	0.16	111115
103	"17:03:26"	20180319	78	0	3.49	0.04	229	1.43	2.48	31.09	6	1.42	1	2.84	33.78	31.09	35.26	400.08	387.94	24.455	28.616	33.30	38.96	199.7	1700	10	71.84	11	-0.0879	1.0	-0.22	2.74	1.00	0.00	0.16	111115
104	"17:03:26"	20180319	78	0	3.48	0.0401	230	1.43	2.48	31.09	6	1.42	1	2.84	33.78	31.09	35.26	400.06	387.94	24.453	28.623	33.29	38.97	199.6	1700	10	71.84	11	-0.0879	1.0	-0.22	2.74	1.00	0.00	0.16	111115
105	"17:03:27"	20180319	78	0	3.48	0.0401	230	1.43	2.48	31.09	6	1.42	1	2.84	33.78	31.09	35.26	400.06	387.94	24.453	28.623	33.29	38.97	199.6	1700	10	71.84	11	-0.0879	1.0	-0.22	2.74	1.00	0.00	0.16	111115
106	"17:03:27"	20180319	78	0	3.46	0.0401	231	1.43	2.48	31.09	6	1.42	1	2.84	33.78	31.09	35.26	400.07	388.02	24.453	28.629	33.29	38.98	199.7	1700	10	71.84	11	-0.0879	1.0	-0.22	2.74	1.00	0.00	0.16	111115
107	"17:03:28"	20180319	78	0	3.48	0.0401	230	1.43	2.48	31.09	6	1.42	1	2.84	33.78	31.09	35.26	400.12	388.00	24.455	28.627	33.29	38.97	199.7	1700	10	71.85	11	-0.0879	1.0	-0.22	2.74	1.00	0.00	0.16	111115
108	"17:03:28"	20180319	78	0	3.49	0.0401	229	1.43	2.48	31.10	6	1.42	1	2.84	33.78	31.10	35.26	400.16	387.99	24.455	28.631	33.29	38.97	199.7	1700	10	71.85	11	-0.0879	1.0	-0.22	2.74	1.00	0.00	0.16	111115
109	"17:03:28"	20180319	78	0	3.49	0.0401	229	1.43	2.48	31.10	6	1.42	1	2.84	33.78	31.10	35.26	400.16	387.99	24.455	28.631	33.29	38.97	199.7	1700	10	71.85	11	-0.0879	1.0	-0.22	2.74	1.00	0.00	0.16	111115
110	"17:03:29"	20180319	78	0	3.49	0.0401	229	1.43	2.48	31.12	6	1.42	1	2.84	33.78	31.12	35.26	400.16	388.00	24.454	28.635	33.28	38.97	199.7	1700	10	71.85	11	-0.0879	1.0	-0.22	2.74	1.00	0.00	0.16	111115
"17:03:55 Coolers: Tblock -> 37.20 C"
"17:06:06 Flow: Fixed -> 200 umol/s"
111	"17:06:32"	20180319	78	0	3.25	0.0408	238	1.67	2.83	32.58	6	1.42	1	2.84	35.71	32.58	37.48	399.72	388.00	24.369	29.240	29.80	35.76	199.6	1700	10	71.85	12.1	-0.238	1.0	-0.22	2.74	1.00	0.00	0.16	111115
112	"17:06:32"	20180319	78	0	3.25	0.0408	238	1.67	2.83	32.58	6	1.42	1	2.84	35.71	32.58	37.48	399.72	388.00	24.369	29.240	29.80	35.76	199.6	1700	10	71.85	12.1	-0.238	1.0	-0.22	2.74	1.00	0.00	0.16	111115
113	"17:06:33"	20180319	78	0	3.27	0.0407	237	1.67	2.84	32.61	6	1.42	1	2.84	35.72	32.61	37.48	399.74	387.98	24.369	29.238	29.79	35.75	199.7	1700	10	71.85	12.1	-0.238	1.0	-0.22	2.74	1.00	0.00	0.16	111115
114	"17:06:33"	20180319	78	0	3.27	0.0407	237	1.67	2.84	32.61	6	1.42	1	2.84	35.72	32.61	37.48	399.74	387.98	24.369	29.238	29.79	35.75	199.7	1700	10	71.85	12.1	-0.238	1.0	-0.22	2.74	1.00	0.00	0.16	111115
115	"17:06:33"	20180319	78	0	3.29	0.0406	236	1.67	2.85	32.63	6	1.42	1	2.84	35.72	32.63	37.48	399.77	387.93	24.370	29.240	29.79	35.74	199.6	1700	10	71.85	12.1	-0.238	1.0	-0.22	2.74	1.00	0.00	0.16	111115
116	"17:06:34"	20180319	78	0	3.3	0.0406	236	1.67	2.85	32.64	6	1.42	1	2.84	35.73	32.64	37.47	399.78	387.93	24.370	29.242	29.78	35.73	199.7	1700	10	71.85	12.1	-0.238	1.0	-0.22	2.74	1.00	0.00	0.16	111115
117	"17:06:34"	20180319	78	0	3.32	0.0406	235	1.67	2.85	32.64	6	1.42	1	2.84	35.73	32.64	37.47	399.80	387.89	24.369	29.243	29.77	35.73	199.7	1700	10	71.85	12.1	-0.238	1.0	-0.22	2.74	1.00	0.00	0.16	111115
118	"17:06:35"	20180319	78	0	3.32	0.0406	235	1.67	2.85	32.64	6	1.42	1	2.84	35.73	32.64	37.47	399.80	387.89	24.369	29.243	29.77	35.73	199.7	1700	10	71.85	12.1	-0.238	1.0	-0.22	2.74	1.00	0.00	0.16	111115
119	"17:06:35"	20180319	78	0	3.33	0.0407	235	1.67	2.85	32.63	6	1.42	1	2.84	35.73	32.63	37.46	399.84	387.89	24.370	29.249	29.77	35.73	199.7	1700	10	71.85	12.1	-0.238	1.0	-0.22	2.74	1.00	0.00	0.16	111115
120	"17:06:35"	20180319	78	0	3.32	0.0408	235	1.67	2.85	32.63	6	1.42	1	2.84	35.74	32.63	37.46	399.86	387.93	24.370	29.255	29.76	35.73	199.7	1700	10	71.85	12.1	-0.238	1.0	-0.22	2.74	1.00	0.00	0.16	111115
121	"17:06:36"	20180319	78	0	3.3	0.0407	236	1.67	2.85	32.65	6	1.42	1	2.84	35.74	32.65	37.45	399.84	387.97	24.371	29.256	29.76	35.72	199.7	1700	10	71.85	12.1	-0.238	1.0	-0.22	2.74	1.00	0.00	0.16	111115
122	"17:06:36"	20180319	78	0	3.3	0.0407	236	1.67	2.85	32.65	6	1.42	1	2.84	35.74	32.65	37.45	399.84	387.97	24.371	29.256	29.76	35.72	199.7	1700	10	71.85	12.1	-0.238	1.0	-0.22	2.74	1.00	0.00	0.16	111115
123	"17:06:36"	20180319	78	0	3.3	0.0407	236	1.68	2.85	32.66	6	1.42	1	2.84	35.74	32.66	37.45	399.86	388.00	24.370	29.258	29.75	35.72	199.7	1700	10	71.85	12.1	-0.238	1.0	-0.22	2.74	1.00	0.00	0.16	111115
124	"17:06:37"	20180319	78	0	3.3	0.0407	236	1.68	2.85	32.65	6	1.42	1	2.84	35.75	32.65	37.44	399.86	387.98	24.370	29.256	29.75	35.71	199.7	1700	10	71.85	12.1	-0.238	1.0	-0.22	2.74	1.00	0.00	0.16	111115
125	"17:06:37"	20180319	78	0	3.3	0.0408	236	1.68	2.85	32.64	6	1.42	1	2.84	35.75	32.64	37.43	399.86	387.97	24.367	29.258	29.74	35.71	199.7	1700	10	71.85	12.1	-0.238	1.0	-0.22	2.74	1.00	0.00	0.16	111115
"17:07:07 Coolers: Tblock -> 42.20 C"
"17:10:04 Flow: Fixed -> 200 umol/s"
126	"17:10:20"	20180319	78	0	3.03	0.0406	241	2.1	3.57	35.36	6	1.42	1	2.84	39.85	35.36	42.12	399.73	388.18	24.400	30.528	23.84	29.82	199.7	1700	10	71.85	13	-0.301	1.0	-0.22	2.74	1.00	0.00	0.16	111115
127	"17:10:21"	20180319	78	0	3.03	0.0406	241	2.1	3.57	35.36	6	1.42	1	2.84	39.85	35.36	42.12	399.73	388.18	24.400	30.528	23.84	29.82	199.7	1700	10	71.85	13	-0.301	1.0	-0.22	2.74	1.00	0.00	0.16	111115
128	"17:10:21"	20180319	78	0	3.03	0.0406	241	2.1	3.57	35.36	6	1.42	1	2.84	39.85	35.36	42.12	399.73	388.18	24.400	30.528	23.84	29.82	199.7	1700	10	71.85	13	-0.301	1.0	-0.22	2.74	1.00	0.00	0.16	111115
129	"17:10:22"	20180319	78	0	3	0.0406	242	2.1	3.57	35.36	6	1.42	1	2.84	39.85	35.36	42.12	399.64	388.16	24.401	30.528	23.84	29.82	199.6	1700	10	71.85	13	-0.301	1.0	-0.22	2.74	1.00	0.00	0.16	111115
130	"17:10:22"	20180319	78	0	2.97	0.0406	243	2.1	3.57	35.35	6	1.42	1	2.84	39.85	35.35	42.12	399.55	388.17	24.401	30.529	23.84	29.83	199.7	1700	10	71.85	13	-0.301	1.0	-0.22	2.74	1.00	0.00	0.16	111115
131	"17:10:22"	20180319	78	0	2.96	0.0406	244	2.1	3.57	35.35	6	1.42	1	2.84	39.85	35.35	42.11	399.52	388.18	24.401	30.531	23.84	29.83	199.7	1700	10	71.85	13	-0.301	1.0	-0.22	2.74	1.00	0.00	0.16	111115
132	"17:10:23"	20180319	78	0	2.94	0.0407	245	2.1	3.56	35.34	6	1.42	1	2.84	39.85	35.34	42.11	399.46	388.17	24.400	30.533	23.84	29.83	199.7	1700	10	71.85	13	-0.301	1.0	-0.22	2.74	1.00	0.00	0.16	111115
133	"17:10:23"	20180319	78	0	2.94	0.0407	245	2.1	3.56	35.34	6	1.42	1	2.84	39.85	35.34	42.11	399.46	388.17	24.400	30.533	23.84	29.83	199.7	1700	10	71.85	13	-0.301	1.0	-0.22	2.74	1.00	0.00	0.16	111115
134	"17:10:24"	20180319	78	0	2.95	0.0407	244	2.1	3.56	35.32	6	1.42	1	2.84	39.85	35.32	42.11	399.47	388.14	24.399	30.531	23.84	29.83	199.7	1700	10	71.85	13	-0.301	1.0	-0.22	2.74	1.00	0.00	0.16	111115
135	"17:10:24"	20180319	78	0	2.95	0.0407	244	2.1	3.56	35.32	6	1.42	1	2.84	39.85	35.32	42.11	399.43	388.11	24.400	30.530	23.84	29.83	199.6	1700	10	71.85	13	-0.301	1.0	-0.22	2.74	1.00	0.00	0.16	111115
136	"17:10:24"	20180319	78	0	2.94	0.0408	245	2.11	3.56	35.32	6	1.42	1	2.84	39.85	35.32	42.11	399.40	388.12	24.401	30.535	23.84	29.83	199.6	1700	10	71.85	13	-0.301	1.0	-0.22	2.74	1.00	0.00	0.16	111115
137	"17:10:25"	20180319	78	0	2.94	0.0408	245	2.11	3.56	35.32	6	1.42	1	2.84	39.85	35.32	42.11	399.40	388.12	24.401	30.535	23.84	29.83	199.6	1700	10	71.85	13	-0.301	1.0	-0.22	2.74	1.00	0.00	0.16	111115
138	"17:10:25"	20180319	78	0	2.96	0.0407	244	2.1	3.56	35.34	6	1.42	1	2.84	39.85	35.34	42.10	399.46	388.11	24.400	30.531	23.84	29.83	199.6	1700	10	71.85	13	-0.301	1.0	-0.22	2.74	1.00	0.00	0.16	111115
139	"17:10:25"	20180319	78	0	2.97	0.0405	243	2.1	3.58	35.39	6	1.42	1	2.84	39.85	35.39	42.10	399.47	388.10	24.399	30.529	23.84	29.83	199.6	1700	10	71.85	13	-0.301	1.0	-0.22	2.74	1.00	0.00	0.16	111115
140	"17:10:26"	20180319	78	0	2.98	0.0404	242	2.1	3.59	35.41	6	1.42	1	2.84	39.85	35.41	42.10	399.50	388.10	24.398	30.530	23.84	29.83	199.6	1700	10	71.85	13	-0.301	1.0	-0.22	2.74	1.00	0.00	0.16	111115
"17:10:36 Coolers: Tblock -> 47.20 C"
"17:14:50 Flow: Fixed -> 200 umol/s"
141	"17:15:01"	20180319	78	0	2.78	0.0392	241	2.51	4.38	37.99	6	1.42	1	2.84	44.27	37.99	47.24	400.12	388.82	24.264	31.578	18.79	24.45	199.7	1699	10	71.85	14.8	-0.358	0.7	-0.22	2.74	1.00	0.00	0.16	111115
142	"17:15:02"	20180319	78	0	2.79	0.0391	241	2.51	4.39	38.00	6	1.42	1	2.84	44.27	38.00	47.24	400.08	388.77	24.264	31.576	18.79	24.45	199.7	1699	10	71.85	14.8	-0.358	0.7	-0.22	2.74	1.00	0.00	0.16	111115
143	"17:15:02"	20180319	78	0	2.79	0.0391	241	2.51	4.39	38.00	6	1.42	1	2.84	44.27	38.00	47.24	400.08	388.77	24.264	31.576	18.79	24.45	199.7	1699	10	71.85	14.8	-0.358	0.7	-0.22	2.74	1.00	0.00	0.16	111115
144	"17:15:03"	20180319	78	0	2.78	0.0391	241	2.51	4.39	38.00	6	1.42	1	2.84	44.27	38.00	47.24	400.06	388.77	24.263	31.577	18.78	24.44	199.7	1699	10	71.85	14.8	-0.358	0.7	-0.22	2.74	1.00	0.00	0.16	111115
145	"17:15:03"	20180319	78	0	2.8	0.039	240	2.51	4.4	38.04	6	1.42	1	2.84	44.27	38.04	47.24	400.09	388.75	24.262	31.578	18.78	24.44	199.7	1699	10	71.85	14.8	-0.358	0.7	-0.22	2.74	1.00	0.00	0.16	111115
146	"17:15:03"	20180319	78	0	2.8	0.0388	239	2.51	4.42	38.09	6	1.42	1	2.84	44.28	38.09	47.24	400.08	388.73	24.261	31.575	18.78	24.44	199.7	1699	10	71.85	14.8	-0.358	0.7	-0.22	2.74	1.00	0.00	0.16	111115
147	"17:15:04"	20180319	78	0	2.8	0.0388	239	2.51	4.42	38.09	6	1.42	1	2.84	44.28	38.09	47.24	400.08	388.73	24.261	31.575	18.78	24.44	199.7	1699	10	71.85	14.8	-0.358	0.7	-0.22	2.74	1.00	0.00	0.16	111115
148	"17:15:04"	20180319	78	0	2.8	0.0388	239	2.52	4.43	38.11	6	1.42	1	2.84	44.28	38.11	47.24	400.06	388.71	24.259	31.578	18.77	24.44	199.7	1699	10	71.85	14.8	-0.358	0.7	-0.22	2.74	1.00	0.00	0.16	111115
149	"17:15:04"	20180319	78	0	2.77	0.0388	240	2.52	4.43	38.12	6	1.42	1	2.84	44.28	38.12	47.24	400.03	388.76	24.259	31.578	18.77	24.43	199.7	1699	10	71.85	14.8	-0.358	0.7	-0.22	2.74	1.00	0.00	0.16	111115
150	"17:15:05"	20180319	78	0	2.76	0.0389	241	2.52	4.42	38.09	6	1.42	1	2.84	44.28	38.09	47.24	400.04	388.81	24.259	31.583	18.77	24.43	199.7	1699	10	71.85	14.8	-0.358	0.7	-0.22	2.74	1.00	0.00	0.16	111115
151	"17:15:05"	20180319	78	0	2.76	0.0389	241	2.52	4.42	38.09	6	1.42	1	2.84	44.28	38.09	47.24	400.04	388.81	24.259	31.583	18.77	24.43	199.7	1699	10	71.85	14.8	-0.358	0.7	-0.22	2.74	1.00	0.00	0.16	111115
152	"17:15:06"	20180319	78	0	2.75	0.039	242	2.52	4.41	38.06	6	1.42	1	2.84	44.28	38.06	47.24	400.02	388.82	24.258	31.579	18.76	24.43	199.7	1699	10	71.85	14.8	-0.358	0.7	-0.22	2.74	1.00	0.00	0.16	111115
153	"17:15:06"	20180319	78	0	2.74	0.039	242	2.52	4.41	38.05	6	1.42	1	2.84	44.29	38.05	47.24	400.01	388.84	24.258	31.581	18.76	24.43	199.7	1699	10	71.85	14.8	-0.358	1.0	-0.22	2.74	1.00	0.00	0.16	111115
154	"17:15:06"	20180319	78	0	2.72	0.039	243	2.52	4.41	38.06	6	1.42	1	2.84	44.29	38.06	47.24	399.97	388.86	24.259	31.585	18.76	24.43	199.7	1699	10	71.85	14.8	-0.358	1.0	-0.22	2.74	1.00	0.00	0.16	111115
155	"17:15:07"	20180319	78	0	2.72	0.039	243	2.52	4.41	38.06	6	1.42	1	2.84	44.29	38.06	47.24	399.97	388.86	24.259	31.585	18.76	24.43	199.7	1699	10	71.85	14.8	-0.358	1.0	-0.22	2.74	1.00	0.00	0.16	111115
"17:15:20 Coolers: Tblock -> 50.00 C"
"17:20:27 Flow: Fixed -> 200 umol/s"
156	"17:20:34"	20180319	78	0	2.13	0.0355	253	2.75	5.25	40.38	6	1.42	1	2.84	46.84	40.38	49.74	399.73	390.10	24.176	32.176	16.40	21.83	199.7	1699	7	71.85	15.6	-0.312	1.0	-0.22	2.74	1.00	0.00	0.16	111115
157	"17:20:35"	20180319	78	0	2.13	0.0355	253	2.75	5.25	40.38	6	1.42	1	2.84	46.84	40.38	49.74	399.73	390.10	24.176	32.176	16.40	21.83	199.7	1699	7	71.85	15.6	-0.312	1.0	-0.22	2.74	1.00	0.00	0.16	111115
158	"17:20:35"	20180319	78	0	2.15	0.0355	252	2.75	5.25	40.36	6	1.42	1	2.84	46.84	40.36	49.74	399.77	390.08	24.173	32.175	16.40	21.82	199.7	1700	7	71.85	15.6	-0.312	1.0	-0.22	2.74	1.00	0.00	0.16	111115
159	"17:20:35"	20180319	78	0	2.16	0.0355	251	2.75	5.26	40.39	6	1.42	1	2.84	46.84	40.39	49.74	399.79	390.08	24.171	32.175	16.39	21.82	199.7	1700	7	71.85	15.6	-0.312	1.0	-0.22	2.74	1.00	0.00	0.16	111115
160	"17:20:36"	20180319	78	0	2.16	0.0355	251	2.75	5.26	40.39	6	1.42	1	2.84	46.84	40.39	49.74	399.79	390.08	24.171	32.175	16.39	21.82	199.7	1700	7	71.85	15.6	-0.312	1.0	-0.22	2.74	1.00	0.00	0.16	111115
161	"17:20:36"	20180319	78	0	2.14	0.0354	252	2.75	5.26	40.41	6	1.42	1	2.84	46.84	40.41	49.74	399.79	390.13	24.172	32.172	16.39	21.82	199.7	1700	7	71.85	15.6	-0.312	1.0	-0.22	2.74	1.00	0.00	0.16	111115
162	"17:20:36"	20180319	78	0	2.15	0.0354	251	2.75	5.26	40.40	6	1.42	1	2.84	46.85	40.40	49.74	399.82	390.12	24.171	32.171	16.39	21.82	199.7	1700	7	71.85	15.6	-0.312	1.0	-0.22	2.74	1.00	0.00	0.16	111115
163	"17:20:37"	20180319	78	0	2.16	0.0354	251	2.75	5.26	40.40	6	1.42	1	2.84	46.85	40.40	49.74	399.85	390.14	24.172	32.170	16.39	21.82	199.7	1700	7	71.85	15.6	-0.312	0.7	-0.22	2.74	1.00	0.00	0.16	111115
164	"17:20:37"	20180319	78	0	2.16	0.0354	251	2.75	5.26	40.40	6	1.42	1	2.84	46.85	40.40	49.74	399.85	390.14	24.172	32.170	16.39	21.82	199.7	1700	7	71.85	15.6	-0.312	0.7	-0.22	2.74	1.00	0.00	0.16	111115
165	"17:20:38"	20180319	78	0	2.19	0.0354	250	2.75	5.26	40.39	6	1.42	1	2.84	46.85	40.39	49.74	399.89	390.08	24.173	32.170	16.39	21.81	199.7	1700	7	71.85	15.6	-0.312	0.7	-0.22	2.74	1.00	0.00	0.16	111115
166	"17:20:38"	20180319	78	0	2.22	0.0355	249	2.75	5.26	40.38	6	1.42	1	2.84	46.85	40.38	49.74	399.95	390.07	24.173	32.171	16.39	21.81	199.7	1700	7	71.85	15.6	-0.312	1.0	-0.22	2.74	1.00	0.00	0.16	111115
167	"17:20:38"	20180319	78	0	2.23	0.0355	249	2.75	5.24	40.36	6	1.42	1	2.84	46.85	40.36	49.74	399.94	390.02	24.170	32.168	16.39	21.81	199.7	1700	7	71.85	15.6	-0.312	1.0	-0.22	2.74	1.00	0.00	0.16	111115
168	"17:20:39"	20180319	78	0	2.25	0.0356	248	2.75	5.23	40.32	6	1.42	1	2.84	46.85	40.32	49.74	399.96	389.99	24.170	32.165	16.39	21.81	199.7	1700	7	71.85	15.6	-0.312	1.0	-0.22	2.74	1.00	0.00	0.16	111115
169	"17:20:39"	20180319	78	0	2.25	0.0356	248	2.75	5.23	40.32	6	1.42	1	2.84	46.85	40.32	49.74	399.96	389.99	24.170	32.165	16.39	21.81	199.7	1700	7	71.85	15.6	-0.312	1.0	-0.22	2.74	1.00	0.00	0.16	111115
170	"17:20:40"	20180319	78	0	2.25	0.0357	248	2.75	5.22	40.28	6	1.42	1	2.84	46.85	40.28	49.74	399.97	389.97	24.170	32.162	16.39	21.80	199.7	1700	7	71.85	15.6	-0.312	1.0	-0.22	2.74	1.00	0.00	0.16	111115
